1.122
1.049
1.075
1.091
1.097
1.106
1.116
1.103
1.097
1.087
1.099
1.103
1.085
1.095
1.075
1.097
1.099
1.099
1.095
1.095
1.108
1.099
1.11
1.085
1.091
1.134
1.134
1.114
1.118
1.114
1.106
1.12
1.118
1.108
1.097
1.126
1.11
1.154
1.132
1.136
1.118
1.166
1.172
1.122
1.146
1.146
1.148
1.116
1.142
1.12
1.101
1.095
1.118
1.11
1.108
1.103
1.116
1.132
1.122
1.114
1.122
1.126
1.132
1.132
1.116
1.154
1.146
1.13
1.12
1.136
1.103
1.124
1.122
1.128
1.148
1.148
1.14
1.138
1.144
1.124
1.12
1.132
1.118
1.13
1.154
1.14
1.15
1.132
1.146
1.124
1.12
1.13
1.144
1.124
1.136
1.146
1.134
1.126
1.134
1.14
1.142
1.152
1.128
1.152
1.138
1.152
1.148
1.158
1.15
1.146
1.14
1.146
1.136
1.148
1.15
1.126
1.122
1.132
1.138
1.136
1.136
1.14
1.136
1.156
1.122
1.142
1.148
1.13
1.156
1.134
1.134
1.15
1.14
1.142
1.154
1.142
1.14
1.134
1.162
1.14
1.144
1.146
1.128
1.134
1.13
1.13
1.13
1.162
1.087
1.14
1.122
1.11
1.128
1.128
1.138
1.154
1.11
1.103
1.142
1.118
1.118
1.132
1.112
1.168
1.152
1.154
1.144
1.152
1.14
1.14
1.14
1.144
1.146
1.162
1.172
1.156
1.136
1.13
1.126
1.152
1.144
1.17
1.138
1.162
1.164
1.152
1.142
1.138
1.164
1.142
1.154
1.14
1.164
1.158
1.144
1.128
1.128
1.128
1.134
1.154
1.148
1.174
1.142
1.154
1.136
1.172
1.16
1.158
1.144
1.136
1.128
1.138
1.116
1.142
1.158
1.15
1.128
1.138
1.124
1.138
1.134
1.15
1.122
1.126
1.138
1.142
1.146
1.132
1.13
1.136
1.136
1.15
1.138
1.142
1.146
1.134
1.126
1.124
1.12
1.152
1.146
1.144
1.148
1.12
1.144
1.152
1.142
1.144
1.132
1.15
1.14
1.122
1.142
1.138
1.142
1.134
1.116
1.132
1.14
1.142
1.124
1.16
1.136
1.148
1.13
1.128
1.138
1.122
1.136
1.122
1.132
1.124
1.13
1.14
1.12
1.122
1.122
1.126
1.14
1.13
1.12
1.124
1.103
1.134
1.126
1.138
1.114
1.132
1.118
1.138
1.103
1.144
1.103
1.136
1.106
1.103
1.132
1.158
1.124
1.14
1.142
1.164
1.156
1.136
1.12
1.128
1.146
1.134
1.152
1.148
1.148
1.136
1.134
1.132
1.15
1.136
1.132
1.144
1.138
1.152
1.158
1.152
1.118
1.142
1.134
1.13
1.124
1.12
1.134
1.15
1.126
1.132
1.134
1.164
1.132
1.148
1.154
1.164
1.132
1.164
1.138
1.17
1.152
1.162
1.128
1.144
1.148
1.124
1.148
1.13
1.116
1.142
1.148
1.146
1.144
1.116
1.128
1.146
1.16
1.128
1.152
1.128
1.118
1.14
1.15
1.15
1.166
1.142
1.168
1.154
1.162
1.128
1.134
1.168
1.15
1.126
1.14
1.16
1.144
1.124
1.138
1.15
1.132
1.14
1.126
1.114
1.118
1.12
1.114
1.138
1.136
1.112
1.134
1.144
1.146
1.138
1.152
1.152
1.156
1.126
1.176
1.16
1.158
1.156
1.164
1.142
1.15
1.152
1.148
1.144
1.13
1.148
1.148
1.15
1.134
1.15
1.15
1.142
1.144
1.144
1.095
1.128
1.132
1.14
1.144
1.132
1.146
1.142
1.148
1.162
1.144
1.16
1.128
1.136
1.142
1.174
1.128
1.134
1.128
1.152
1.148
1.134
1.16
1.132
1.148
1.158
1.148
1.134
1.158
1.138
1.116
1.118
1.144
1.164
1.154
1.14
1.176
1.152
1.132
1.164
1.144
1.128
1.156
1.154
1.158
1.176
1.154
1.146
1.138
1.162
1.138
1.152
1.15
1.154
1.148
1.176
1.156
1.154
1.164
1.164
1.156
1.162
1.168
1.144
1.172
1.15
1.148
1.18
1.14
1.13
1.14
1.158
1.146
1.168
1.136
1.154
1.154
1.16
1.156
1.16
1.162
1.168
1.172
1.17
1.158
1.162
1.176
1.15
1.144
1.148
1.158
1.138
1.156
1.168
1.156
1.152
1.162
1.164
1.162
1.148
1.154
1.172
1.156
1.154
1.142
1.144
1.156
1.136
1.134
1.168
1.13
1.154
1.216
1.15
1.124
1.142
1.124
1.14
1.138
1.152
1.124
1.152
1.14
1.146
1.152
1.144
1.134
1.142
1.12
1.154
1.126
1.154
1.146
1.156
1.154
1.13
1.128
1.146
1.142
1.154
1.15
1.146
1.13
1.13
1.14
1.138
1.136
1.158
1.136
1.152
1.154
1.154
1.156
1.152
1.146
1.144
1.154
1.124
1.138
1.154
1.172
1.14
1.154
1.148
1.124
1.124
1.142
1.15
1.13
1.144
1.13
1.15
1.162
1.142
1.148
1.14
1.17
1.146
1.122
1.162
1.144
1.162
1.116
1.148
1.136
1.154
1.156
1.152
1.128
1.148
1.162
1.126
1.146
1.148
1.17
1.15
1.146
1.132
1.144
1.124
1.144
1.128
1.124
1.118
1.144
1.156
1.128
1.136
1.144
1.154
1.146
1.138
1.128
1.124
1.136
1.134
1.124
1.15
1.144
1.144
1.134
1.124
1.126
1.132
1.13
1.146
1.138
1.128
1.15
1.15
1.148
1.154
1.15
1.128
1.138
1.146
1.152
1.132
1.14
1.14
1.144
1.118
1.13
1.152
1.108
1.134
1.146
1.136
1.11
1.152
1.144
1.13
1.12
1.158
1.114
1.148
1.118
1.146
1.116
1.126
1.122
1.108
1.112
1.132
1.12
1.118
1.106
1.122
1.13
1.158
1.122
1.142
1.124
1.087
1.144
1.108
1.142
1.12
1.12
1.148
1.118
1.124
1.118
1.14
1.128
1.128
1.132
1.13
1.148
1.154
1.138
1.132
1.146
1.164
1.14
1.162
1.122
1.136
1.152
1.15
1.14
1.14
1.156
1.128
1.122
1.146
1.148
1.156
1.14
1.13
1.136
1.128
1.138
1.148
1.148
1.128
1.132
1.148
1.162
1.13
1.15
1.134
1.136
1.142
1.108
1.138
1.154
1.148
1.142
1.116
1.144
1.144
1.144
1.152
1.142
1.144
1.103
1.13
1.13
1.14
1.112
1.124
1.116
1.132
1.128
1.142
1.114
1.136
1.152
1.128
1.15
1.144
1.14
1.142
1.142
1.128
1.128
1.152
1.14
1.148
1.142
1.166
1.118
1.128
1.126
1.156
1.122
1.142
1.12
1.138
1.13
1.138
1.14
1.124
1.118
1.14
1.158
1.146
1.124
1.164
1.14
1.128
1.148
1.15
1.154
1.144
1.152
1.148
1.13
1.15
1.134
1.138
1.138
1.146
1.138
1.132
1.156
1.124
1.122
1.124
1.097
1.128
1.148
1.108
1.126
1.097
1.122
1.12
1.136
1.128
1.122
1.114
1.118
1.132
1.103
1.12
1.132
1.13
1.116
1.142
1.15
1.148
1.144
1.162
1.124
1.15
1.138
1.124
1.128
1.132
1.11
1.132
1.126
1.116
1.114
1.136
1.122
1.14
1.11
1.112
1.122
1.116
1.118
1.112
1.138
1.126
1.152
1.15
1.124
1.122
1.118
1.13
1.11
1.122
1.122
1.134
1.13
1.114
1.14
1.132
1.134
1.148
1.124
1.112
1.156
1.14
1.146
1.128
1.114
1.13
1.124
1.085
1.108
1.122
1.144
1.12
1.136
1.142
1.124
1.12
1.116
1.118
1.136
1.124
1.134
1.134
1.136
1.122
1.126
1.134
1.122
1.134
1.144
1.128
1.144
1.126
1.132
1.136
1.13
1.162
1.128
1.138
1.126
1.116
1.146
1.15
1.134
1.148
1.15
1.148
1.142
1.138
1.14
1.15
1.144
1.138
1.134
1.132
1.174
1.156
1.154
1.134
1.11
1.154
1.136
1.128
1.114
1.124
1.152
1.124
1.136
1.122
1.152
1.132
1.134
1.168
1.11
1.144
1.122
1.134
1.132
1.128
1.148
1.132
1.144
1.134
1.14
1.12
1.108
1.112
1.142
1.142
1.134
1.136
1.16
1.13
1.118
1.12
1.132
1.106
1.11
1.122
1.134
1.14
1.132
1.093
1.106
1.122
1.124
1.13
1.122
1.126
1.144
1.13
1.142
1.112
1.12
1.114
1.079
1.101
1.106
1.122
1.11
1.124
1.146
1.144
1.126
1.15
1.14
1.15
1.152
1.124
1.152
1.162
1.148
1.138
1.154
1.15
1.142
1.13
1.154
1.148
1.16
1.13
1.142
1.134
1.146
1.142
1.132
1.156
1.146
1.188
1.164
1.176
1.18
1.166
1.168
1.132
1.138
1.132
1.132
1.156
1.154
1.158
1.134
1.126
1.134
1.132
1.124
1.13
1.128
1.128
1.138
1.132
1.142
1.128
1.132
1.134
1.134
1.122
1.122
1.134
1.132
1.11
1.126
1.12
1.124
1.15
1.138
1.136
1.148
1.134
1.15
1.146
1.148
1.15
1.12
1.138
1.16
1.134
1.154
1.14
1.162
1.14
1.132
1.152
1.122
1.126
1.14
1.142
1.134
1.146
1.158
1.152
1.12
1.168
1.128
1.118
1.132
1.132
1.144
1.136
1.136
1.134
1.146
1.16
1.168
1.144
1.162
1.144
1.142
1.15
1.17
1.136
1.158
1.142
1.162
1.108
1.154
1.148
1.168
1.15
1.154
1.144
1.144
1.15
1.14
1.142
1.124
1.146
1.126
1.148
1.13
1.128
1.128
1.132
1.126
1.122
1.112
1.11
1.124
1.14
1.134
1.138
1.148
1.138
1.142
1.12
1.12
1.126
1.152
1.124
1.126
1.192
1.108
1.12
1.146
1.112
1.154
1.158
1.152
1.136
1.128
1.132
1.116
1.144
1.146
1.144
1.156
1.144
1.168
1.124
1.124
1.128
1.118
1.138
1.136
1.116
1.11
1.146
1.11
1.118
1.134
1.152
1.12
1.174
1.112
1.144
1.144
1.144
1.114
1.11
1.15
1.116
1.14
1.152
1.122
1.14
1.128
1.118
1.122
1.13
1.136
1.14
1.136
1.144
1.14
1.136
1.154
1.19
1.142
1.136
1.158
1.158
1.162
1.148
1.178
1.158
1.162
1.156
1.18
1.164
1.176
1.198
1.172
1.13
1.122
1.188
1.168
1.184
1.19
1.146
1.192
1.19
1.164
1.21
1.176
1.17
1.19
1.156
1.156
1.13
1.192
1.152
1.19
1.164
1.158
1.19
1.166
1.174
1.194
1.204
1.172
1.178
1.172
1.166
1.18
1.192
1.218
1.16
1.18
1.186
1.202
1.176
1.17
1.18
1.172
1.2
1.174
1.172
1.172
1.132
1.138
1.14
1.174
1.166
1.17
1.146
1.168
1.158
1.168
1.122
1.146
1.148
1.176
1.186
1.168
1.152
1.18
1.182
1.114
1.154
1.172
1.122
1.146
1.166
1.162
1.166
1.174
1.178
1.136
1.154
1.146
1.162
1.164
1.178
1.146
1.186
1.168
1.174
1.158
1.162
1.172
1.164
1.162
1.164
1.178
1.178
1.136
1.13
1.122
1.148
1.15
1.184
1.124
1.122
1.134
1.14
1.14
1.148
1.144
1.152
1.158
1.158
1.172
1.17
1.128
1.172
1.134
1.15
1.134
1.14
1.136
1.158
1.158
1.14
1.166
1.136
1.144
1.13
1.148
1.146
1.152
1.184
1.14
1.148
1.156
1.146
1.156
1.158
1.166
1.112
1.116
1.124
1.132
1.114
1.15
1.128
1.13
1.136
1.15
1.168
1.164
1.168
1.158
1.17
1.17
1.168
1.148
1.162
1.154
1.14
1.164
1.15
1.118
1.12
1.136
1.122
1.122
1.116
1.118
1.166
1.16
1.138
1.154
1.13
1.124
1.079
1.101
1.122
1.118
1.13
1.128
1.128
1.128
1.126
1.128
1.14
1.146
1.136
1.142
1.124
1.122
1.134
1.136
1.116
1.134
1.126
1.118
1.138
1.116
1.154
1.12
1.148
1.128
1.122
1.132
1.14
1.126
1.134
1.17
1.146
1.17
1.122
1.13
1.132
1.136
1.15
1.156
1.14
1.142
1.148
1.142
1.14
1.144
1.138
1.144
1.144
1.136
1.138
1.126
1.118
1.142
1.122
1.128
1.158
1.122
1.134
1.134
1.138
1.142
1.174
1.13
1.142
1.148
1.148
1.138
1.138
1.152
1.138
1.16
1.15
1.16
1.152
1.128
1.132
1.152
1.16
1.128
1.154
1.162
1.154
1.144
1.174
1.15
1.148
1.132
1.162
1.16
1.154
1.128
1.148
1.13
1.176
1.128
1.128
1.166
1.152
1.182
1.166
1.152
1.168
1.15
1.168
1.15
1.156
1.16
1.132
1.152
1.152
1.192
1.16
1.158
1.142
1.16
1.188
1.16
1.174
1.166
1.142
1.158
1.15
1.164
1.158
1.144
1.162
1.192
1.16
1.174
1.184
1.18
1.168
1.158
1.15
1.156
1.126
1.156
1.14
1.168
1.156
1.178
1.14
1.146
1.138
1.142
1.19
1.144
1.146
1.13
1.158
1.138
1.136
1.132
1.128
1.128
1.118
1.138
1.15
1.132
1.14
1.136
1.14
1.14
1.144
1.166
1.154
1.162
1.144
1.152
1.166
1.172
1.156
1.138
1.158
1.134
1.128
1.146
1.136
1.134
1.13
1.14
1.164
1.134
1.134
1.112
1.138
1.13
1.118
1.14
1.124
1.108
1.128
1.138
1.108
1.106
1.13
1.134
1.122
1.134
1.106
1.112
1.112
1.122
1.12
1.108
1.12
1.099
1.136
1.108
1.128
1.114
1.116
1.116
1.116
1.114
1.126
1.101
1.099
1.124
1.12
1.14
1.108
1.142
1.13
1.13
1.146
1.124
1.136
1.144
1.12
1.146
1.118
1.146
1.144
1.146
1.156
1.138
1.158
1.152
1.15
1.12
1.134
1.14
1.148
1.124
1.144
1.138
1.148
1.138
1.144
1.158
1.136
1.136
1.14
1.142
1.134
1.148
1.17
1.148
1.188
1.14
1.152
1.126
1.156
1.146
1.144
1.128
1.144
1.15
1.182
1.12
1.12
1.14
1.152
1.158
1.17
1.156
1.178
1.166
1.174
1.166
1.162
1.186
1.154
1.144
1.184
1.15
1.168
1.168
1.15
1.144
1.134
1.126
1.116
1.14
1.16
1.116
1.152
1.14
1.122
1.144
1.162
1.172
1.146
1.156
1.152
1.097
1.122
1.152
1.156
1.162
1.136
1.138
1.132
1.132
1.128
1.15
1.144
1.126
1.128
1.158
1.154
1.128
1.142
1.146
1.144
1.15
1.132
1.146
1.154
1.158
1.116
1.132
1.144
1.156
1.132
1.124
1.136
1.164
1.136
1.148
1.154
1.16
1.154
1.158
1.158
1.15
1.156
1.136
1.166
1.144
1.136
1.12
1.148
1.152
1.136
1.164
1.152
1.142
1.144
1.16
1.158
1.162
1.166
1.172
1.164
1.148
1.158
1.182
1.16
1.158
1.15
1.138
1.132
1.15
1.138
1.152
1.172
1.16
1.142
1.144
1.136
1.136
1.126
1.132
1.124
1.132
1.134
1.128
1.148
1.144
1.138
1.122
1.142
1.154
1.134
1.152
1.12
1.122
1.146
1.154
1.146
1.122
1.132
1.12
1.146
1.154
1.124
1.126
1.14
1.13
1.136
1.148
1.136
1.122
1.126
1.144
1.148
1.14
1.112
1.146
1.16
1.192
1.14
1.134
1.142
1.146
1.112
1.14
1.106
1.13
1.138
1.152
1.158
1.196
1.164
1.126
1.11
1.156
1.108
1.166
1.128
1.146
1.154
1.158
1.12
1.14
1.142
1.132
1.132
1.142
1.134
1.162
1.148
1.144
1.142
1.154
1.144
1.148
1.152
1.124
1.15
1.144
1.134
1.164
1.144
1.144
1.136
1.11
1.154
1.146
1.15
1.164
1.134
1.152
1.16
1.148
1.15
1.158
1.142
1.172
1.148
1.156
1.16
1.144
1.178
1.138
1.148
1.158
1.164
1.16
1.17
1.176
1.178
1.15
1.172
1.182
1.174
1.168
1.18
1.198
1.184
1.184
1.198
1.212
1.214
1.166
1.182
1.146
1.164
1.16
1.178
1.154
1.186
1.178
1.168
1.158
1.16
1.152
1.162
1.152
1.174
1.176
1.14
1.158
1.168
1.154
1.146
1.134
1.148
1.122
1.15
1.174
1.162
1.144
1.162
1.154
1.146
1.14
1.128
1.18
1.186
1.186
1.176
1.178
1.172
1.166
1.146
1.136
1.17
1.164
1.184
1.186
1.204
1.198
1.17
1.164
1.194
1.178
1.168
1.166
1.168
1.182
1.164
1.15
1.198
1.186
1.168
1.166
1.146
1.142
1.158
1.136
1.162
1.154
1.144
1.152
1.168
1.182
1.194
1.176
1.15
1.172
1.158
1.17
1.18
1.17
1.16
1.172
1.15
1.15
1.164
1.15
1.188
1.16
1.168
1.17
1.194
1.176
1.172
1.184
1.182
1.18
1.18
1.178
1.15
1.172
1.174
1.176
1.182
1.174
1.11
1.176
1.178
1.162
1.158
1.18
1.148
1.182
1.192
1.152
1.184
1.164
1.182
1.162
1.198
1.174
1.154
1.16
1.178
1.142
1.158
1.148
1.164
1.146
1.172
1.148
1.166
1.16
1.156
1.196
1.204
1.17
1.18
1.162
1.172
1.194
1.188
1.154
1.172
1.172
1.154
1.164
1.162
1.194
1.174
1.184
1.154
1.134
1.13
1.196
1.194
1.154
1.168
1.152
1.166
1.154
1.17
1.196
1.172
1.156
1.16
1.184
1.148
1.16
1.156
1.178
1.14
1.148
1.158
1.158
1.166
1.132
1.166
1.154
1.154
1.146
1.101
1.148
1.166
1.124
1.158
1.148
1.154
1.17
1.148
1.156
1.152
1.164
1.158
1.144
1.152
1.142
1.126
1.12
1.118
1.158
1.136
1.122
1.138
1.152
1.142
1.16
1.148
1.144
1.166
1.146
1.136
1.16
1.13
1.144
1.148
1.162
1.136
1.164
1.162
1.144
1.13
1.146
1.136
1.142
1.148
1.152
1.176
1.146
1.142
1.164
1.14
1.148
1.158
1.162
1.156
1.138
1.174
1.172
1.15
1.146
1.182
1.172
1.156
1.182
1.16
1.154
1.152
1.148
1.168
1.14
1.164
1.154
1.19
1.168
1.178
1.154
1.158
1.158
1.168
1.152
1.13
1.162
1.166
1.154
1.14
1.15
1.148
1.15
1.156
1.152
1.168
1.148
1.172
1.17
1.16
1.168
1.154
1.158
1.164
1.162
1.156
1.164
1.132
1.17
1.146
1.162
1.118
1.142
1.192
1.16
1.188
1.19
1.17
1.178
1.204
1.15
1.148
1.166
1.178
1.162
1.154
1.186
1.158
1.196
1.186
1.154
1.182
1.144
1.18
1.146
1.178
1.17
1.152
1.17
1.16
1.17
1.206
1.178
1.174
1.176
1.146
1.154
1.162
1.142
1.164
1.154
1.166
1.138
1.164
1.172
1.164
1.18
1.164
1.142
1.166
1.158
1.174
1.17
1.162
1.16
1.148
1.172
1.162
1.16
1.192
1.19
1.174
1.172
1.192
1.174
1.16
1.152
1.142
1.126
1.144
1.138
1.132
1.168
1.18
1.148
1.15
1.162
1.168
1.16
1.16
1.166
1.15
1.144
1.164
1.166
1.144
1.164
1.158
1.16
1.144
1.142
1.138
1.132
1.186
1.162
1.14
1.162
1.128
1.15
1.154
1.158
1.178
1.15
1.182
1.156
1.166
1.162
1.168
1.176
1.152
1.176
1.162
1.176
1.16
1.172
1.158
1.152
1.172
1.164
1.196
1.172
1.17
1.178
1.172
1.146
1.18
1.164
1.158
1.146
1.172
1.144
1.192
1.138
1.166
1.19
1.134
1.15
1.178
1.164
1.184
1.168
1.16
1.176
1.198
1.172
1.162
1.14
1.17
1.192
1.18
1.172
1.172
1.17
1.17
1.166
1.168
1.19
1.17
1.172
1.176
1.186
1.164
1.212
1.13
1.166
1.142
1.152
1.146
1.158
1.132
1.146
1.126
1.12
1.156
1.162
1.148
1.148
1.178
1.18
1.164
1.182
1.168
1.19
1.162
1.178
1.176
1.15
1.182
1.19
1.176
1.184
1.166
1.15
1.168
1.152
1.172
1.166
1.16
1.15
1.154
1.16
1.16
1.14
1.172
1.142
1.174
1.178
1.196
1.184
1.16
1.162
1.162
1.172
1.16
1.16
1.154
1.156
1.156
1.132
1.144
1.178
1.146
1.172
1.156
1.148
1.13
1.17
1.158
1.166
1.148
1.146
1.132
1.174
1.14
1.174
1.188
1.162
1.16
1.17
1.158
1.158
1.148
1.17
1.16
1.146
1.158
1.176
1.148
1.178
1.164
1.154
1.17
1.178
1.178
1.154
1.166
1.188
1.16
1.182
1.164
1.194
1.192
1.182
1.178
1.196
1.19
1.192
1.202
1.19
1.228
1.162
1.212
1.162
1.198
1.19
1.21
1.182
1.168
1.184
1.172
1.178
1.172
1.162
1.166
1.17
1.152
1.184
1.164
1.138
1.156
1.158
1.164
1.166
1.168
1.192
1.168
1.198
1.178
1.164
1.172
1.162
1.128
1.134
1.14
1.124
1.146
1.138
1.164
1.144
1.174
1.136
1.162
1.16
1.166
1.188
1.2
1.162
1.202
1.222
1.192
1.2
1.202
1.19
1.198
1.192
1.176
1.162
1.168
1.162
1.162
1.204
1.19
1.208
1.192
1.226
1.214
1.216
1.168
1.178
1.172
1.192
1.212
1.156
1.164
1.168
1.172
1.166
1.142
1.168
1.158
1.15
1.168
1.162
1.184
1.156
1.168
1.162
1.146
1.162
1.158
1.178
1.172
1.13
1.144
1.162
1.164
1.198
1.198
1.152
1.162
1.152
1.188
1.158
1.146
1.162
1.156
1.162
1.194
1.118
1.176
1.158
1.168
1.158
1.164
1.182
1.162
1.152
1.13
1.15
1.182
1.146
1.18
1.154
1.166
1.158
1.154
1.166
1.154
1.15
1.148
1.174
1.168
1.166
1.154
1.18
1.148
1.128
1.15
1.176
1.19
1.17
1.18
1.186
1.198
1.21
1.19
1.158
1.13
1.196
1.168
1.17
1.134
1.182
1.172
1.158
1.148
1.158
1.162
1.15
1.158
1.128
1.13
1.128
1.152
1.138
1.144
1.126
1.136
1.152
1.146
1.158
1.148
1.16
1.144
1.138
1.138
1.14
1.108
1.14
1.14
1.13
1.136
1.162
1.156
1.172
1.16
1.112
1.15
1.188
1.14
1.124
1.172
1.15
1.146
1.156
1.164
1.14
1.166
1.148
1.172
1.148
1.16
1.154
1.162
1.162
1.198
1.174
1.208
1.164
1.178
1.142
1.186
1.16
1.186
1.182
1.146
1.154
1.136
1.13
1.154
1.134
1.13
1.162
1.136
1.154
1.148
1.156
1.152
1.15
1.15
1.146
1.152
1.14
1.166
1.162
1.162
1.16
1.138
1.16
1.134
1.17
1.176
1.148
1.162
1.188
1.168
1.196
1.166
1.174
1.194
1.154
1.19
1.158
1.172
1.196
1.152
1.152
1.164
1.168
1.156
1.17
1.162
1.148
1.122
1.124
1.166
1.13
1.168
1.14
1.184
1.14
1.158
1.15
1.162
1.152
1.162
1.136
1.174
1.17
1.138
1.162
1.16
1.148
1.142
1.16
1.164
1.148
1.16
1.168
1.138
1.15
1.168
1.162
1.144
1.194
1.138
1.158
1.12
1.192
1.16
1.17
1.218
1.174
1.182
1.172
1.198
1.158
1.172
1.148
1.196
1.18
1.17
1.178
1.174
1.172
1.152
1.182
1.164
1.186
1.234
1.184
1.144
1.202
1.176
1.186
1.17
1.194
1.188
1.164
1.172
1.162
1.178
1.188
1.158
1.142
1.194
1.154
1.156
1.172
1.188
1.196
1.156
1.16
1.172
1.192
1.162
1.148
1.164
1.208
1.198
1.198
1.18
1.148
1.162
1.174
1.176
1.154
1.172
1.16
1.156
1.142
1.164
1.158
1.196
1.188
1.158
1.166
1.152
1.16
1.2
1.166
1.154
1.164
1.14
1.176
1.124
1.182
1.152
1.134
1.136
1.13
1.142
1.164
1.126
1.16
1.128
1.182
1.176
1.172
1.18
1.168
1.15
1.196
1.331
1.126
1.162
1.162
1.174
1.166
1.196
1.162
1.17
1.2
1.15
1.174
1.162
1.17
1.148
1.148
1.162
1.15
1.17
1.146
1.158
1.132
1.164
1.178
1.18
1.188
1.164
1.186
1.196
1.186
1.204
1.168
1.178
1.144
1.162
1.162
1.198
1.166
1.176
1.134
1.198
1.184
1.194
1.184
1.188
1.17
1.236
1.148
1.186
1.174
1.198
1.182
1.2
1.2
1.182
1.166
1.21
1.204
1.198
1.212
1.234
1.208
1.198
1.206
1.18
1.208
1.152
1.176
1.168
1.186
1.18
1.17
1.182
1.178
1.182
1.216
1.196
1.178
1.188
1.17
1.184
1.182
1.218
1.188
1.188
1.158
1.178
1.17
1.184
1.158
1.156
1.164
1.13
1.138
1.15
1.164
1.17
1.166
1.17
1.162
1.166
1.154
1.186
1.16
1.166
1.162
1.148
1.168
1.172
1.148
1.132
1.154
1.15
1.162
1.142
1.152
1.142
1.17
1.188
1.184
1.172
1.124
1.118
1.126
1.132
1.099
1.13
1.116
1.128
1.112
1.108
1.114
1.12
1.128
1.116
1.128
1.126
1.146
1.124
1.108
1.093
1.101
1.099
1.11
1.122
1.101
1.122
1.136
1.128
1.122
1.136
1.132
1.138
1.11
1.122
1.116
1.126
1.11
1.11
1.122
1.114
1.12
1.144
1.152
1.152
1.134
1.122
1.106
1.089
1.124
1.114
1.132
1.106
1.126
1.136
1.11
1.126
1.148
1.12
1.134
1.126
1.136
1.136
1.138
1.114
1.122
1.13
1.122
1.14
1.124
1.14
1.136
1.148
1.126
1.132
1.142
1.138
1.085
1.128
1.091
1.116
1.116
1.11
1.13
1.114
1.118
1.112
1.138
1.118
1.118
1.116
1.122
1.128
1.106
1.13
1.128
1.122
1.114
1.124
1.134
1.132
1.142
1.15
1.116
1.12
1.136
1.148
1.128
1.144
1.116
1.099
1.126
1.122
1.116
1.142
1.118
1.134
1.112
1.116
1.112
1.12
1.134
1.122
1.101
1.097
1.136
1.122
1.13
1.103
1.136
1.118
1.11
1.101
1.091
1.112
1.097
1.116
1.103
1.108
1.116
1.118
1.095
1.11
1.11
1.073
1.118
1.122
1.108
1.099
1.077
1.093
1.138
1.12
1.108
1.128
1.101
1.108
1.124
1.103
1.099
1.101
1.085
1.112
1.101
1.097
1.077
1.112
1.101
1.122
1.118
1.099
1.061
1.091
1.085
1.095
1.091
1.089
1.112
1.108
1.097
1.103
1.099
1.091
1.101
1.101
1.112
1.116
1.108
1.097
1.132
1.138
1.11
1.114
1.108
1.101
1.093
1.122
1.106
1.128
1.12
1.13
1.116
1.112
1.128
1.122
1.124
1.122
1.118
1.106
1.091
1.103
1.128
1.122
1.116
1.085
1.116
1.101
1.12
1.12
1.097
1.106
1.108
1.118
1.099
1.106
1.093
1.108
1.118
1.112
1.108
1.118
1.122
1.114
1.134
1.12
1.126
1.14
1.168
1.134
1.142
1.14
1.138
1.122
1.13
1.126
1.118
1.13
1.15
1.158
1.156
1.112
1.14
1.103
1.136
1.106
1.152
1.114
1.124
1.134
1.122
1.116
1.142
1.144
1.101
1.118
1.14
1.118
1.13
1.12
1.11
1.095
1.106
1.134
1.142
1.114
1.126
1.148
1.097
1.126
1.13
1.112
1.122
1.122
1.103
1.101
1.085
1.122
1.091
1.116
1.101
1.128
1.12
1.118
1.11
1.122
1.116
1.114
1.106
1.132
1.138
1.132
1.093
1.103
1.108
1.122
1.112
1.114
1.12
1.12
1.12
1.13
1.118
1.12
1.114
1.14
1.116
1.144
1.132
1.114
1.11
1.124
1.12
1.095
1.118
1.118
1.13
1.12
1.095
1.116
1.106
1.114
1.112
1.108
1.114
1.126
1.13
1.134
1.16
1.124
1.154
1.112
1.148
1.158
1.148
1.12
1.14
1.136
1.144
1.118
1.138
1.122
1.134
1.11
1.112
1.124
1.13
1.12
1.122
1.12
1.12
1.126
1.124
1.116
1.095
1.152
1.11
1.136
1.134
1.114
1.122
1.106
1.114
1.116
1.112
1.11
1.108
1.132
1.142
1.132
1.13
1.116
1.112
1.11
1.116
1.116
1.124
1.11
