0.20203449
0.191239036
0.152502186
0.084117726
0.091052601
0.165778147
0.198002559
0.179112796
0.221613088
0.233750749
0.139795552
0.03702462
0.140723791
0.186189133
0.129850461
0.053268791
0.068767478
0.087286463
0.142916274
0.149585382
0.098825073
0.045390801
0.028008439
0.060219426
0.041325252
0.065130388
0.099553118
0.098416715
0.092733973
0.084637816
0.059935842
0.058231408
0.079709217
0.083335188
0.101860921
0.113473606
0.136483148
0.198849354
0.189251388
0.102623093
0.157842784
0.148049756
0.06053062
0.197147851
0.165419644
0.076306664
0.272755655
0.267908903
0.080464161
0.099873535
0.141655462
0.135357184
0.154270379
0.220854479
0.276812337
0.222026554
0.17282053
0.305702896
0.289383054
0.142748981
0.162616835
0.172968949
0.110814592
0.10835346
0.157705794
0.168449099
0.154607507
0.132890153
0.122294739
0.162692501
0.121693622
0.180967993
0.332383132
0.376138403
0.338072196
0.245040843
0.121793073
0.070467601
0.065493404
0.058683567
0.122380902
0.250047394
0.324952587
0.247227424
0.098061244
0.173469268
0.166623012
0.087846008
0.182041309
0.211126027
0.136740447
0.049680227
0.058762377
0.095157188
0.144715659
0.158074757
0.175756001
0.189008172
0.185362594
0.188218657
0.193676318
0.273795796
0.332022849
0.306273881
0.247884934
0.127624727
0.0570982
0.092074496
0.098017007
0.057915335
0.039313047
0.111936562
0.209220953
0.233913271
0.157838571
0.134058539
0.165189173
0.141400217
0.128398791
0.080006947
0.084212738
0.162378222
0.110951098
0.073047048
0.183691981
0.17886616
0.101492381
0.069916353
0.096874689
0.118951223
0.093634428
0.070804363
0.138370448
0.169886599
0.127304454
0.097406128
0.117242541
0.115144057
0.090943495
0.072260087
0.05953176
0.003991628
0.082720305
0.149642655
0.177561451
0.140102762
0.096060933
0.140590182
0.143468796
0.08264231
0.049249821
0.063733016
0.077081411
0.084663242
0.11473791
0.132707687
0.096050831
0.081337188
0.104230376
0.15465607
0.180394503
0.138950182
0.092287873
0.110507544
0.132166168
0.120375436
0.050941638
0.040871
0.113232582
0.242604814
0.303351085
0.183960403
0.105333097
0.225944733
0.224674889
0.162720565
0.109349516
0.19136801
0.311064217
0.301703033
0.145147275
0.062037027
0.145916374
0.135836268
0.130123182
0.182985411
0.261854387
0.253520769
0.154078662
0.085890737
0.098318119
0.196037912
0.208046786
0.094813222
0.194653466
0.24996971
0.11223288
0.212924981
0.314379456
0.30489944
0.37978374
0.374271892
0.36508251
0.559153733
0.60428132
0.426179062
0.351934365
0.420433857
0.341827751
0.195257387
0.249288972
0.263772179
0.312016565
0.406669726
0.360989219
0.245463717
0.20271996
0.21306934
0.33031617
0.481957342
0.506695942
0.416315852
0.283605147
0.208789104
0.219660686
0.170714759
0.059112724
0.03478031
0.058031829
0.138032952
0.194501689
0.181002058
0.168137625
0.209596933
0.252608863
0.255036614
0.227957983
0.246231422
0.384375419
0.49619646
0.432272189
0.281460754
0.191002679
0.231794419
0.326246045
0.325758309
0.280628564
0.239169287
0.191323063
0.139226385
0.049620748
0.104698607
0.159943608
0.157981558
0.133349716
0.100532367
0.068006184
0.016926004
0.089390896
0.161422823
0.117532325
0.093234588
0.239556172
0.235126764
0.086993637
0.124472577
0.19584983
0.222078257
0.233845697
0.200703162
0.105057401
0.046173381
0.139914438
0.110459881
0.059234809
0.120976838
0.076582088
0.150292217
0.246538845
0.224411585
0.162224666
0.133836301
0.098712508
0.051300608
0.041016963
0.08331954
0.106070327
0.11323115
0.070888008
0.093099397
0.204415375
0.259204198
0.240236877
0.146838865
0.060890125
0.102802956
0.113793632
0.100593671
0.074073429
0.101494373
0.04041906
0.100560629
0.198060641
0.195900388
0.117150224
0.039732221
0.097798108
0.084767088
0.04382506
0.119659175
0.109398792
0.05744839
0.080309039
0.070348217
0.047568685
0.077885293
0.113761905
0.12679432
0.089023462
0.036628871
0.078189074
0.058625086
0.064372719
0.160042649
0.167509282
0.111625275
0.10071755
0.139584168
0.249516108
0.277224945
0.166172007
0.054064792
0.142256049
0.176317035
0.158877232
0.121897949
0.065278092
0.04134358
0.159492075
0.225314424
0.21080869
0.177202684
0.203359125
0.208853815
0.136777891
0.159318743
0.232177888
0.261626198
0.302659359
0.264561486
0.10227342
0.111120098
0.190240067
0.17088465
0.169473082
0.138942113
0.052399323
0.104974561
0.111559923
0.066393097
0.083357003
0.092114516
0.067765672
0.089129317
0.143018289
0.150572477
0.099102155
0.023160782
0.123859448
0.266232191
0.352746581
0.291308181
0.121326168
0.086090974
0.154471931
0.185790422
0.13629919
0.210877387
0.309384349
0.25664438
0.139282378
0.206262274
0.292303433
0.280663552
0.210167942
0.116093676
0.072825078
0.101278775
0.079196824
0.099856653
0.101785746
0.042565859
0.166730681
0.253594086
0.205139731
0.075668568
0.074246262
0.111484372
0.074416567
0.017971899
0.117163054
0.176442638
0.168370925
0.094357177
0.050407953
0.132779765
0.184525802
0.213069017
0.214458765
0.180718335
0.147869436
0.148577845
0.159755141
0.130577368
0.056285724
0.07117319
0.152588976
0.216003818
0.256686611
0.239998363
0.15826973
0.098595564
0.068102333
0.023826058
0.04098084
0.080822669
0.14076122
0.161269092
0.214720623
0.294746826
0.299252169
0.227060905
0.146839023
0.095198568
0.08642056
0.106747916
0.1081502
0.097706288
0.100169216
0.090585755
0.138136974
0.204197631
0.208545767
0.156258223
0.166046049
0.195522821
0.165871927
0.117058161
0.083680977
0.106742388
0.116165677
0.124268094
0.139494649
0.114074235
0.092503042
0.097539964
0.075724471
0.023481133
0.046265006
0.086459154
0.143408437
0.148318608
0.131316791
0.113141899
0.03389527
0.073692232
0.109654656
0.075479837
0.0733027
0.064851357
0.057117216
0.036672848
0.020407188
0.064741393
0.076505994
0.084795103
0.087362269
0.068996217
0.068075486
0.097287713
0.145478882
0.146289942
0.104828923
0.182548622
0.210982985
0.133650419
0.160142619
0.227454504
0.196616392
0.10008245
0.053498103
0.075828999
0.049630028
0.044641018
0.109232132
0.173106291
0.166680946
0.090827609
0.035897604
0.084595244
0.10131104
0.062601078
0.099282487
0.161100228
0.112625098
0.042324867
0.149200564
0.14746271
0.078342938
0.111681948
0.119572944
0.067629865
0.083325764
0.027256556
0.234284299
0.45608657
0.424129347
0.136093442
0.215084537
0.279358073
0.126818594
0.099267367
0.107367621
0.042859223
0.113311071
0.093981138
0.115932473
0.20501546
0.19018443
0.13427471
0.116670789
0.110758361
0.134431332
0.171815759
0.165436692
0.085263429
0.067950857
0.174160394
0.213133297
0.176842315
0.097397083
0.019993614
0.100307539
0.12366602
0.055559739
0.063337549
0.120910837
0.113790757
0.086621894
0.052216168
0.013937406
0.048735941
0.084907924
0.092881354
0.076048462
0.070186296
0.060999255
0.057923648
0.084244951
0.105734189
0.102585814
0.063481309
0.058639729
0.07988337
0.038629403
0.03283308
0.067935583
0.105577356
0.110645908
0.084074532
0.080369624
0.064048511
0.093826219
0.147185425
0.172916973
0.143174777
0.066330624
0.040469019
0.118716478
0.115598667
0.039232784
0.139049303
0.187222016
0.119289545
0.081792082
0.113905233
0.082862867
0.1093177
0.166329242
0.156553928
0.116711423
0.104905508
0.072460575
0.077798103
0.134432332
0.154119514
0.091647645
0.035851866
0.1029432
0.094839239
0.023167855
0.086048661
0.137603151
0.137392249
0.116622026
0.082303537
0.093694828
0.166960207
0.162021245
0.086302321
0.142943814
0.152033323
0.069329178
0.068531201
0.032225718
0.103686181
0.160996087
0.116493036
0.050728602
0.034722367
0.025559956
0.037864684
0.071548479
0.128406423
0.128212199
0.053992874
0.03170413
0.055409859
0.066984828
0.116635539
0.167043774
0.147804532
0.069336185
0.068611105
0.108967973
0.106512041
0.058500561
0.016427581
0.062442698
0.066858609
0.027647303
0.034605992
0.073445959
0.08008723
0.056414452
0.048265534
0.090560465
0.149627635
0.194913188
0.196615332
0.139860273
0.071338781
0.117438689
0.11770324
0.054740439
0.059842303
0.080784676
0.06472366
0.026598699
0.036051919
0.044623953
0.063913595
0.073787635
0.062561023
0.011118887
0.091285248
0.141777462
0.085344258
0.052288595
0.102195412
0.09358408
0.055791294
0.049215373
0.052133518
0.011105961
0.063343637
0.094365515
0.090013053
0.154855603
0.208153575
0.150200788
0.021661625
0.179599392
0.251789276
0.190952277
0.049117129
0.127323464
0.186319037
0.134808968
0.051560594
0.059025369
0.067596858
0.057910927
0.089919464
0.10022147
0.093519185
0.091881431
0.05153072
0.032188021
0.065880539
0.041406619
0.026645205
0.032272285
0.087561173
0.130025914
0.113066337
0.111917025
0.100356281
0.082019834
0.254856362
0.352903992
0.257224364
0.183563963
0.250701591
0.175535779
0.035869465
0.056587084
0.038075348
0.109686739
0.141887639
0.125158434
0.117847657
0.172760816
0.219515337
0.198168328
0.197331636
0.224766085
0.2292037
0.24606996
0.252615244
0.211174928
0.161739407
0.131116528
0.099593127
0.080964601
0.065131283
0.036417678
0.139319541
0.329306339
0.442205968
0.386362555
0.257658253
0.214540667
0.244636545
0.31288301
0.392201773
0.410117416
0.345656376
0.289964496
0.337754098
0.41522049
0.438042906
0.384923371
0.281703358
0.216415361
0.193856162
0.173966768
0.178220329
0.149549618
0.103527297
0.081306003
0.090093825
0.283157084
0.391769281
0.270864644
0.113806749
0.224234038
0.240208203
0.213374401
0.219382778
0.194954041
0.077423122
0.070344496
0.142097137
0.121814635
0.070164796
0.052746638
0.078261774
0.088569221
0.076283202
0.054793993
0.085978668
0.098830286
0.08013476
0.121861719
0.10835291
0.038121294
0.071756927
0.1408296
0.172993383
0.142669941
0.199383361
0.378953568
0.561693721
0.629213453
0.562846323
0.47065173
0.437359819
0.459128025
0.43715621
0.337408076
0.220271016
0.147572831
0.144298756
0.199001022
0.256230106
0.284352503
0.229803468
0.088316752
0.110513848
0.173402082
0.134401935
0.068647836
0.100564178
0.120619521
0.069994478
0.087708358
0.127787075
0.113778307
0.138619735
0.171750894
0.141097565
0.15278955
0.235022024
0.270250486
0.277878155
0.25022771
0.170852179
0.106358049
0.102858789
0.152588913
0.22125439
0.269692527
0.358678963
0.523812599
0.544397126
0.312237972
0.093230677
0.267882277
0.183678948
0.11769074
0.299809806
0.264708657
0.157678858
0.193692282
0.173541135
0.041425544
0.124912569
0.21262298
0.186191086
0.108667097
0.078573375
0.062748117
0.061349567
0.134574735
0.140967296
0.043699005
0.131764415
0.17318002
0.064692725
0.122474239
0.24083068
0.229548019
0.134983256
0.051638217
0.073639692
0.144821293
0.176431108
0.132365581
0.037257263
0.058294418
0.061250296
0.045610797
0.086127224
0.083725351
0.118019819
0.149503348
0.113534404
0.052334114
0.089294979
0.15921066
0.235145077
0.268623006
0.191149379
0.034074132
0.150023514
0.173658033
0.093983831
0.117522396
0.15373428
0.240982401
0.3121106
0.230829334
0.065220262
0.113441312
0.160597321
0.163864942
0.166995043
0.147719431
0.059793998
0.142102462
0.304019987
0.343942883
0.258306414
0.149051564
0.059072082
0.096282307
0.122949894
0.053135145
0.076554468
0.153346258
0.204913066
0.241746351
0.214193821
0.115518619
0.156030272
0.263947807
0.26348219
0.135558364
0.171003299
0.298857624
0.281078217
0.1831297
0.112599054
0.084843734
0.081800357
0.060539764
0.063631057
0.086507221
0.124613661
0.195777228
0.233119499
0.229551532
0.184066722
0.147204904
0.190311585
0.183184041
0.106315847
0.023602162
0.06278954
0.094888753
0.09160044
0.090799052
0.092926078
0.083596138
0.11461026
0.121717698
0.134229288
0.312734235
0.429154907
0.376634781
0.236418395
0.123807659
0.15348373
0.346360571
0.478783877
0.445842956
0.270112085
0.091939351
0.15226042
0.202052483
0.170916322
0.116993109
0.123577179
0.13762841
0.14574454
0.176007188
0.10955167
0.201524967
0.403749393
0.458990173
0.392693222
0.300071552
0.207169828
0.157756952
0.215992523
0.253086563
0.178935976
0.096628657
0.222624455
0.231383217
0.091117431
0.075064254
0.118037795
0.117333096
0.142892446
0.126125444
0.169612848
0.255120373
0.28211516
0.253311406
0.189159351
0.116193107
0.093034783
0.081888323
0.07859682
0.088470911
0.07347961
0.107745347
0.141808428
0.112919398
0.089914183
0.132457574
0.128926937
0.173630166
0.243675039
0.211498509
0.089913771
0.081269566
0.183623459
0.17543493
0.128796478
0.193884055
0.242373018
0.220787685
0.156148905
0.090773862
0.127302719
0.176263872
0.149232414
0.099204612
0.092230883
0.066595713
0.020730963
0.031217908
0.083193123
0.145312689
0.151669622
0.092966451
0.089190001
0.124148634
0.080517068
0.067453333
0.08702106
0.036661786
0.071788205
0.107257306
0.131318676
0.147014286
0.10405459
0.07314552
0.115181596
0.144409325
0.142006409
0.106316248
0.069571421
0.099391619
0.202288693
0.238618082
0.156144796
0.109086784
0.178807048
0.176121491
0.092884675
0.072601542
0.152836654
0.152934385
0.079707143
0.045033813
0.129737419
0.202971281
0.20657069
0.143904501
0.084846225
0.11126262
0.230739934
0.325523957
0.30498937
0.25468461
0.284976468
0.292977899
0.237299944
0.131607103
0.036932905
0.118318231
0.11726272
0.109814586
0.130471609
0.169125224
0.207727729
0.239040334
0.352204568
0.462503271
0.508877886
0.501964353
0.468381804
0.447473065
0.462169422
0.53534201
0.697115167
0.779327079
0.64878255
0.472147032
0.446736052
0.495825232
0.689409512
0.846412184
0.789957981
0.669418844
0.653189514
0.526009232
0.286083061
0.288917569
0.293748584
0.379542931
0.619742961
0.663298218
0.484474732
0.277224482
0.219451171
0.221640009
0.251423263
0.366574263
0.322284091
0.151854225
0.219758904
0.146755011
0.081708949
0.214580422
0.27064229
0.32543941
0.271231458
0.176559582
0.218693813
0.290036068
0.258254368
0.321003976
0.469442868
0.426989367
0.311337437
0.285628598
0.267434941
0.224557268
0.205830509
0.253978957
0.24762519
0.252544992
0.246998921
0.28868997
0.377778276
0.410936577
0.559698925
0.725991491
0.673853094
0.407797193
0.117523107
0.092907545
0.117605333
0.078328651
0.02569052
0.083657005
0.187406144
0.237560021
0.230259815
0.198431747
0.092637166
0.113644438
0.225971117
0.186798237
0.043982512
0.173681789
0.307510053
0.394955169
0.413721627
0.258342501
0.118478433
0.261629871
0.14628128
0.139219116
0.263334068
0.181999471
0.076330839
0.061169171
0.115660872
0.152252404
0.099684925
0.091871235
0.172990223
0.294783161
0.349910932
0.319940302
0.274026291
0.268114128
0.25275371
0.189231873
0.129941439
0.092350766
0.065138985
0.075913141
0.073437312
0.11317989
0.160728371
0.150865631
0.090457907
0.081459959
0.18220323
0.292491147
0.31931729
0.257186817
0.187226594
0.169703779
0.18067878
0.148630374
0.124501788
0.23867059
0.283043813
0.228569425
0.189172242
0.198361135
0.166187068
0.135899159
0.175608695
0.109103102
0.29647869
0.453371186
0.348339377
0.163786288
0.099933832
0.076046451
0.159060623
0.104187254
0.166328172
0.24874087
0.172079034
0.113465709
0.370817117
0.497984044
0.328742974
0.097026498
0.269628012
0.214836409
0.054443173
0.11325077
0.255226698
0.337993396
0.269562119
0.120080305
0.06524609
0.080924644
0.111032825
0.156738069
0.165189459
0.065516647
0.147442712
0.176800162
0.166618946
0.358816376
0.405402833
0.261075517
0.077680405
0.058580859
0.119971298
0.164299771
0.144877909
0.036525146
0.104897367
0.164611968
0.128648824
0.069608843
0.061671954
0.106190159
0.140025307
0.130922042
0.097507324
0.169892816
0.348070902
0.441738716
0.35583483
0.167819945
0.147272766
0.229641728
0.209424353
0.128834261
0.099563957
0.135499674
0.147721253
0.242664986
0.45417584
0.58003812
0.520037915
0.32944861
0.171639475
0.141363131
0.1460691
0.150385123
0.11651502
0.080530728
0.015278028
0.115669456
0.195622545
0.17549556
0.115677964
0.112057309
0.144200392
0.162886978
0.223433448
0.310888419
0.300138707
0.188235781
0.104357998
0.070301047
0.044850097
0.078649985
0.143734413
0.162444039
0.120246304
0.053929883
0.102214938
0.1149234
0.070055229
0.161140131
0.197634533
0.118107534
0.074988538
0.106588532
0.054042232
0.085643247
0.101632176
0.06736288
0.084373864
0.109474968
0.091516045
0.066525068
0.071865441
0.088668078
0.155969634
0.226750594
0.233327405
0.164728322
0.121848591
0.12940489
0.210901394
0.322134555
0.324006519
0.248729657
0.230745376
0.293910451
0.338562574
0.301292127
0.25112384
0.261091343
0.266090733
0.259569952
0.237679917
0.156378442
0.188003688
0.257444358
0.221582223
0.291387974
0.376646334
0.290401106
0.126765431
0.138124131
0.15215553
0.151520613
0.179805612
0.146768752
0.082449863
0.070765289
0.035947531
0.021518299
0.043136472
0.109337172
0.095710436
0.053045987
0.182140217
0.205840864
0.100267459
0.084998107
0.111218738
0.081100504
0.155439265
0.234592211
0.183301757
0.133694756
0.313247438
0.335495783
0.198170251
0.067620134
0.048314002
0.048794841
0.075077454
0.076460545
0.084132423
0.195656198
0.361310019
0.442806486
0.369259443
0.205490561
0.107669856
0.161792806
0.143053676
0.095280148
0.170193507
0.189105742
0.146931939
0.163391681
0.191484051
0.16550212
0.127834444
0.077732443
0.09830026
0.142634632
0.079371393
0.076139964
0.230202988
0.308930025
0.279724429
0.15836864
0.039812927
0.06791251
0.059014143
0.027415127
0.070420652
0.105643584
0.081449068
0.064571241
0.1064074
0.063011736
0.076688926
0.160748853
0.133946663
0.03994896
0.070081514
0.075709891
0.062712702
0.068680838
0.131371048
0.174855514
0.145389064
0.122489061
0.134829533
0.085101666
0.053467138
0.09011192
0.047245114
0.055731656
0.11521138
0.111132465
0.065458954
0.069087016
0.084165727
0.087061871
0.13430272
0.135162687
0.056355526
0.100978294
0.123064927
0.030985232
0.175095451
0.269973161
0.242583107
0.196316095
0.171425427
0.094282857
0.116307262
0.131314175
0.058212508
0.090313949
0.100863149
0.11183743
0.160709404
0.15107961
0.14815571
0.369437778
0.446042562
0.228890184
0.123447721
0.268426445
0.219673095
0.188098707
0.20839955
0.228510148
0.226293839
0.272592905
0.292658959
0.182436459
0.05286099
0.071274149
0.095412329
0.164319499
0.182081768
0.13735105
0.12291268
0.150023968
0.125413506
0.087351662
0.114521788
0.139496544
0.143573216
0.117010053
0.08885594
0.027530343
0.144834044
0.255725734
0.21926861
0.069645631
0.083814799
0.126457802
0.122663353
0.089783762
0.059856716
0.093833427
0.143861434
0.134832129
0.121247854
0.176649192
0.14288957
0.08588678
0.161302741
0.166885174
0.093317248
0.057427136
0.149254279
0.16878092
0.1171805
0.08964967
0.085016374
0.060713147
0.068460935
0.148291886
0.236283961
0.236799597
0.175296735
0.192260382
0.228394126
0.245677235
0.208821612
0.160084751
0.31547147
0.347200027
0.148728381
0.203864271
0.379572127
0.405838079
0.343321859
0.282888285
0.305481157
0.307225431
0.200913937
0.089988225
0.162861827
0.152796404
0.111056371
0.176587045
0.170213805
0.083488583
0.133636009
0.223946451
0.2473359
0.194233429
0.118382941
0.077821245
0.085608031
0.099723633
0.088107216
0.104696038
0.213803446
0.252908862
0.098755855
0.222095456
0.352822212
0.267249572
0.284706906
0.370174792
0.291445093
0.191663597
0.294815612
0.386139457
0.339547762
0.199031074
0.144929533
0.160185104
0.081189674
0.118782003
0.229531599
0.203604702
0.055141679
0.135495836
0.236890398
0.22896103
0.14198924
0.123350825
0.159682532
0.228468434
0.277793729
0.172664379
0.152185267
0.261573177
0.226615441
0.112814474
0.07423591
0.107043317
0.0773223
0.025752076
0.091476384
0.122063816
0.086430306
0.063709274
0.155526092
0.200480203
0.160494986
0.113089609
0.189044367
0.225175703
0.154554771
0.018209128
0.131974824
0.254436181
0.321475011
0.308381024
0.208587525
0.085645454
0.160552056
0.206968808
0.15702669
0.098515885
0.117358548
0.130834855
0.07753878
0.09402698
0.171902998
0.147141709
0.068709015
0.178887476
0.213453306
0.120842134
0.087196074
0.170098676
0.189999191
0.161188688
0.108226079
0.029843261
0.086180897
0.187204506
0.241855086
0.215231086
0.141474665
0.091771868
0.057551477
0.088325208
0.155713253
0.15596387
0.063826596
0.091412476
0.143733403
0.143933674
0.177760902
0.24989451
0.269322077
0.231857652
0.240922759
0.209499212
0.132788295
0.239984146
0.327477225
0.26282809
0.08740421
0.086185023
0.15597262
0.143941738
0.104349675
0.165881723
0.233682947
0.197370127
0.100756004
0.111615983
0.135277615
0.096034218
0.07221263
0.081491143
0.050521065
0.16847939
0.233753347
0.156900165
0.086785567
0.145485825
0.141007208
0.106020222
0.076498311
0.130903534
0.233458937
0.284706475
0.23248875
0.10242355
0.084882592
0.171999479
0.195740007
0.164213031
0.148438785
0.228488287
0.273781382
0.169208591
0.129976747
0.301628085
0.314090893
0.21938526
0.190738628
0.151208548
0.031242571
0.192187443
0.386075807
0.451590788
0.333325314
0.123078452
0.05408327
0.102091472
0.138960565
0.238603434
0.294639189
0.239327033
0.142556722
0.052991655
0.118208652
0.252579628
0.28033049
0.171150262
0.009859848
0.118844261
0.173961042
0.196675561
0.225586874
0.229231773
0.157324844
0.073703291
0.076170783
0.145448005
0.256771754
0.335606488
0.371623308
0.290847837
0.087763329
0.194505609
0.399003099
0.489052973
0.357688267
0.125967142
0.208590251
0.23066506
0.190510278
0.171103918
0.151308809
0.10739813
0.06323266
0.051013386
0.058230029
0.124337521
0.219731357
0.244844158
0.181633544
0.109534077
0.034238404
0.07913846
0.135478135
0.236021168
0.332302307
0.286076983
0.132258105
0.201497427
0.276261852
0.220315349
0.107783073
0.034319652
0.055256507
0.09489445
0.060569354
0.105426494
0.203121597
0.195114139
0.111817293
0.128940362
0.174068661
0.134526525
0.096846789
0.261169136
0.40622985
0.429933195
0.313640893
0.138111683
0.037197647
0.067737364
0.13334987
0.143796194
0.15178696
0.17837451
0.124623138
0.060629235
0.087374623
0.057554683
0.08269446
0.125024397
0.242796327
0.310697829
0.232196593
0.079199125
0.065982239
0.106291574
0.127828191
0.182871022
0.130951885
0.173936971
0.264771997
0.190648628
0.177539033
0.189943436
0.133824473
0.139776299
0.063938589
0.134789803
0.16464929
0.106381205
0.099887375
0.117817488
0.198853358
0.175487245
0.108477137
0.202171982
0.299488757
0.288899194
0.14634802
0.15332982
0.173776053
0.067720598
0.10775709
0.125784855
0.082322402
0.077626367
0.083184068
0.074115966
0.100986071
0.221472362
0.313917396
0.271950728
0.116203966
0.129939897
0.203488934
0.198866785
0.158652204
0.08291325
0.055495628
0.149715964
0.212741571
0.213933531
0.116588606
0.047543958
0.132707363
0.090433773
0.047395096
0.081003425
0.080215559
0.086717341
0.06088492
0.044470912
0.144958668
0.290599121
0.326265819
0.221865384
0.127366277
0.141428665
0.164922838
0.137773312
0.107170992
0.127965161
0.099124397
0.095846626
0.160730741
0.123886169
0.061009243
0.099371913
0.075815043
0.041196151
0.036315311
0.033129241
0.07121849
0.107442957
0.126943419
0.139876026
0.151600361
0.123070167
0.030077207
0.123645831
0.225593834
0.211577695
0.132584419
0.199485046
0.206956079
0.060614759
0.206938206
0.313345386
0.253929373
0.132204829
0.093518087
0.118383274
0.109813172
0.084363658
0.060552092
0.080302533
0.058569753
0.134383657
0.261624222
0.215059204
0.078412772
0.317424139
0.35670474
0.156141809
0.09443283
0.197700204
0.141298509
0.095040159
0.053143025
0.149862205
0.252417329
0.16860648
0.129548909
0.22900597
0.182532259
0.073563322
0.012529891
0.030118351
0.034936765
0.025730595
0.057540728
0.12664248
0.143087077
0.075734362
0.099434585
0.116485242
0.025537341
0.076808425
0.094294873
0.080044547
0.083741207
0.133538948
0.133813199
0.074334818
0.065308647
0.09284658
0.08046861
0.071163903
0.15370731
0.217991568
0.269359687
0.280917448
0.205878192
0.10073345
0.06346009
0.037435072
0.029808164
0.100328316
0.144240478
0.120415789
0.047944467
0.085366852
0.107644223
0.082123668
0.045215881
0.041710721
0.039595206
0.043774422
0.091472285
0.138247255
0.134445671
0.061109203
0.177695947
0.264758358
0.173098013
0.061040582
0.258088125
0.290926958
0.159488687
0.042509654
0.144845603
0.16089172
0.128814269
0.090688401
0.045574024
0.058627958
0.063874188
0.043742478
0.16988857
0.247491463
0.200474361
0.10082356
0.156483717
0.193641818
0.146480533
0.103862629
0.119255996
0.118489585
0.133077663
0.116724078
0.086341681
0.139535987
0.12157235
0.067303155
0.110119516
0.133584382
0.105115463
0.046373587
0.057025284
0.105017029
0.143885441
0.170993452
0.173874363
0.128064438
0.045415259
0.07179309
0.115338027
0.138887282
0.151583492
0.121666689
0.097813616
0.114115561
0.063379654
0.055782444
0.106410341
0.095818694
0.125626336
0.124337427
0.076327715
0.027603285
0.059244176
0.134374654
0.155026717
0.112555811
0.06768041
0.14662485
0.219320647
0.220562751
0.190440196
0.135617265
0.078866291
0.123438655
0.162680725
0.194282481
0.170389671
0.095710701
0.043792835
0.015870999
0.065641202
0.111577458
0.079828752
0.053173785
0.0603263
0.04319564
0.142997709
0.146022138
0.100690207
0.084945778
0.073475326
0.128916692
0.153931732
0.094696291
0.061206126
0.088436679
0.068680125
0.100165225
0.127749689
0.116330244
0.119006116
0.089636661
0.038317076
0.065341877
0.131094897
0.15110387
0.131656208
0.175307288
0.175855008
0.082033054
0.032544124
0.084411799
0.064426705
0.056902348
0.107649193
0.113682677
0.093110844
0.127034519
0.185149343
0.175240811
0.091456319
0.125730559
0.224068199
0.249601288
0.176441452
0.094788831
0.117765938
0.06103247
0.064683557
0.092592026
0.077644994
0.17496753
0.184595887
0.112642917
0.169698433
0.294977979
0.37953447
0.35013102
0.173638858
0.12708299
0.238615539
0.205866087
0.120987374
0.0996547
0.101651935
0.129806872
0.153188799
0.163191355
0.218021314
0.256992206
0.259979029
0.27107682
0.263596205
0.221070418
0.151793072
0.080494886
0.058165824
0.102218975
0.20132738
0.210633823
0.113407673
0.055578534
0.088428467
0.090351388
0.098030835
0.12420358
0.108097708
0.043121158
0.126634795
0.259222217
0.399672561
0.4775323
0.449947747
0.367942631
0.316752421
0.322676879
0.342927836
0.378782577
0.405658173
0.353653579
0.241375645
0.184737105
0.249569829
0.363728418
0.490732918
0.592450827
0.614794484
0.51691178
0.372170565
0.384098067
0.370899218
0.393795931
0.538761088
0.592690723
0.646823534
0.616727701
0.417340277
0.281165274
0.270314609
0.334194034
0.4841407
0.560121374
0.519620797
0.399807489
0.275174716
0.237672651
0.343292787
0.393409461
0.388736623
0.383118939
0.240643603
0.19083942
0.233730728
0.251196674
0.370527901
0.364588548
0.25275639
0.169443869
0.086283007
0.136000602
0.215109003
0.075939113
0.295254588
0.473840758
0.282640815
0.122714373
0.369801809
0.33324543
0.242062483
0.249541577
0.213845633
0.120498447
0.065703622
0.125505426
0.219989215
0.221296293
0.095624945
0.076913233
0.193545748
0.213795475
0.16303762
0.189052692
0.243519733
0.227897167
0.150540787
0.074320439
0.234226624
0.3774027
0.361291
0.215553334
0.136889774
0.109833826
0.072864528
0.11131147
0.064865116
0.05158312
0.134572446
0.159517172
0.162251594
0.147481641
0.079958044
0.059519345
0.115759336
0.070698867
0.053296247
0.133195034
0.128695963
0.085796095
0.051962458
0.089863053
0.096257816
0.031699719
0.086346496
0.113111194
0.084288694
0.03522018
0.033000026
0.046758451
0.132820899
0.216176922
0.209414355
0.120380397
0.110452187
0.160978634
0.125386869
0.036591993
0.138197501
0.146860291
0.037975184
0.179288449
0.234328649
0.154593165
0.098063362
0.059180033
0.150910325
0.230476166
0.216312149
0.225854767
0.230254315
0.228164353
0.262121869
0.318366236
0.287414596
0.155921945
0.085428469
0.098356911
0.112198447
0.14693641
0.196587017
0.259380191
0.264721806
0.162558256
0.070628291
0.238645455
0.305443854
0.22675181
0.121209192
0.108813281
0.085744906
0.050703694
0.105393088
0.118050693
0.070826124
0.038119379
0.085854247
0.066331996
0.09787855
0.240270031
0.296703648
0.235332891
0.126966363
0.090373905
0.091306654
0.048320896
0.098740706
0.113072157
0.053936974
0.078520056
0.083456079
0.104087453
0.103494991
0.071858881
0.221979966
0.299494236
0.227054428
0.076742538
0.043580825
0.106282649
0.12953607
0.09861317
0.236423968
0.258619243
0.090478608
0.242987347
0.304563994
0.164980117
0.138820848
0.178471953
0.198994911
0.295403912
0.323539217
0.26443513
0.18584669
0.141241667
0.123685888
0.09066876
0.088391692
0.157488921
0.146796184
0.143374016
0.322111687
0.386733969
0.221555816
0.041249865
0.184713248
0.173463867
0.115566393
0.138918853
0.23384397
0.318607683
0.353436593
0.366437982
0.31158079
0.139631822
0.337488709
0.622322843
0.614000067
0.279043612
0.309234733
0.530390673
0.504983217
0.4224024
0.391349111
0.301615228
0.115742254
0.118494106
0.194209561
0.157893513
0.203775614
0.260568008
0.211296548
0.170704237
0.173503752
0.118864526
0.06981689
0.105191329
0.120260918
0.07684214
0.171249997
0.31674113
0.336031176
0.220909395
0.151519438
0.193931919
0.277622053
0.350748264
0.295770875
0.181096903
0.160764138
0.10694338
0.073472645
0.117996594
0.100578832
0.088601321
0.057297375
0.047071045
0.0885014
0.070647383
0.037628117
0.084025174
0.162676961
0.259341824
0.276410332
0.174428113
0.126575175
0.193335579
0.157036383
0.16217788
0.199521912
0.215961824
0.289947418
0.329811064
0.270937843
0.141706724
0.041136706
0.094581765
0.136759425
0.152744559
0.14418408
0.12911183
0.152592329
0.190530193
0.18985944
0.171348567
0.158672064
0.206276803
0.364701051
0.434978082
0.341325227
0.191231816
0.138743781
0.25231568
0.317303866
0.31179536
0.327989748
0.328888641
0.282461802
0.243654513
0.252571663
0.288184499
0.34589262
0.395160555
0.394991741
0.320090945
0.217403091
0.192484697
0.231686049
0.271608544
0.271944203
0.235234434
0.17690896
0.152504191
0.188086329
0.185694008
0.134025501
0.104764454
0.09112438
0.095645938
0.113764947
0.053428704
0.067246876
0.086567749
0.071716147
0.076013752
0.057503622
0.066717227
0.117341684
0.17052724
0.173158336
0.139075138
0.137775271
0.15329482
0.186270299
0.20297468
0.162393724
0.081999131
0.024762255
0.028155938
0.066352178
0.123745243
0.146028141
0.12897651
0.083442213
0.105683696
0.160931527
0.145287746
0.074658035
0.03678176
0.072352331
0.231681621
0.439299299
0.519033398
0.391528562
0.174601176
0.089851851
0.154743565
0.206976661
0.15034342
0.256036268
0.389139227
0.432857757
0.601753438
0.705230211
0.62242313
0.555081818
0.63319804
0.707361562
0.690824479
0.70110491
0.794261343
0.868466967
0.907635122
0.889024078
0.747321578
0.566091466
0.517840356
0.488323283
0.418366856
0.532872282
0.633652581
0.534069333
0.342038102
0.197393744
0.106382605
0.048034486
0.107330267
0.141521591
0.35737306
0.629765243
0.724604613
0.611389864
0.515242738
0.519665062
0.506135925
0.48463736
0.434873234
0.363113546
0.319109944
0.274793703
0.251399894
0.328683672
0.344353354
0.256218055
0.172554186
0.147555383
0.198103412
0.193124253
0.065510336
0.096618992
0.210561384
0.322209465
0.352512063
0.239302996
0.177242953
0.205492412
0.144846792
0.103016904
0.138651937
0.147104332
0.119782441
0.09987384
0.117079796
0.162162247
0.209790006
0.196596063
0.1121302
0.128085663
0.166857768
0.11242076
0.133724209
0.177200124
0.112704955
0.114550318
0.179097674
0.132170291
0.206299319
0.38608391
0.4001629
0.224766077
0.078328446
0.114750234
0.105385818
0.116546346
0.076646265
0.116533508
0.172632776
0.170077163
0.259328477
0.391831315
0.405525726
0.265184569
0.073267819
0.080484322
0.080258671
0.046947124
0.138671242
0.143420236
0.093601714
0.154141251
0.139996161
0.024674559
0.094463113
0.121808961
0.116936858
0.154567803
0.16270879
0.111007503
0.094931399
0.120842502
0.203875343
0.289404159
0.308317857
0.292564077
0.243694747
0.17639838
0.140685144
0.091688213
0.10522347
0.156258455
0.188272658
0.246103455
0.307070928
0.316729074
0.245660478
0.147056066
0.152011143
0.145845024
0.17092181
0.21854305
0.165189109
0.086875556
0.037332184
0.091138145
0.168688337
0.138639747
0.059217701
0.042796528
0.123762304
0.161473948
0.029649797
0.205293916
0.262733388
0.118360782
0.114035815
0.172758691
0.092998028
0.017577791
0.035358088
0.073022083
0.164792994
0.164552539
0.101224537
0.116771141
0.275602312
0.408860867
0.304179208
0.075843883
0.187001824
0.182349242
0.132197548
0.144213431
0.199363592
0.208414083
0.149888288
0.102913465
0.093066441
0.080742432
0.098493989
0.192732161
0.292642063
0.279741959
0.192573884
0.17911271
0.174281865
0.181021667
0.220241628
0.272939396
0.249065464
0.182392489
0.189033349
0.175710415
0.126640915
0.107853021
0.150908434
0.231718905
0.296727051
0.303600895
0.246777799
0.152450856
0.12118103
0.114013167
0.220519946
0.320956006
0.258199783
0.200712054
0.255104704
0.230021365
0.196459332
0.135081088
0.103598039
0.156277867
0.152403972
0.124902461
0.123002162
0.131622263
0.079280109
0.047886071
0.129515459
0.181326985
0.178017311
0.087670783
0.067234172
0.104800614
0.051146576
0.04516728
0.035771212
0.105259656
0.153832541
0.118871773
0.059257927
0.115931435
0.213936749
0.304021128
0.284022119
0.142294713
0.044524651
0.130236542
0.161664504
0.170632275
0.13524996
0.094334751
0.072488591
0.022637984
0.074854321
0.061310072
0.137444543
0.230264702
0.268084467
0.288067379
0.260816227
0.202537312
0.190968403
0.163167867
0.19314381
0.19655406
0.116816366
0.127696122
0.170040953
0.129358584
0.069893486
0.133481677
0.159233857
0.086860891
0.111930131
0.12863305
0.131224752
0.272111778
0.279049628
0.162182648
0.117709309
0.133623277
0.213461575
0.251090389
0.184781114
0.094305797
0.065853945
0.088919734
0.176219946
0.261411382
0.265502106
0.139189067
0.082909361
0.233141251
0.227003848
0.086576373
0.04807259
0.040222075
0.090485646
0.164840568
0.133276881
0.067666537
0.061106988
0.085950229
0.143056573
0.205207617
0.220830592
0.153171108
0.135264222
0.178742208
0.13620368
0.100142906
0.119195114
0.166261684
0.187156682
0.130601492
0.066439759
0.105313476
0.109856024
0.07559319
0.077369307
0.0650017
0.038735485
0.061585231
0.060484004
0.083861282
0.096874667
0.145013326
0.200164301
0.164127351
0.06244409
0.038481991
0.086093135
0.13998492
0.181374722
0.14856564
0.07097616
0.140090329
0.274616197
0.372015259
0.335511227
0.188814068
0.289317918
0.470001073
0.494968189
0.345326043
0.161500855
0.093026315
0.175849887
0.231801428
0.174764384
0.074491657
0.029798487
0.032081896
0.0460192
0.049616529
0.025971437
0.091640159
0.117861128
0.094347026
0.081631746
0.167104101
0.26627551
0.272868988
0.14607485
0.068864271
0.154481338
0.097735183
0.078426596
0.152476774
0.153702125
0.096843269
0.063023963
0.110900229
0.132643587
0.11386703
0.174457905
0.265705266
0.227751818
0.076678932
0.133327249
0.161811161
0.094629144
0.098033011
0.092271612
0.069547557
0.184043442
0.252719143
0.197717401
0.069007484
0.103030799
0.125343629
0.073636732
0.065435428
0.11378013
0.105737509
0.054945992
0.085948221
0.152466431
0.144511479
0.089334379
0.161660567
0.199907871
0.142995176
0.072991323
0.063641591
0.084831248
0.080884109
0.139661559
0.199700108
0.145213817
0.030059201
0.113861752
0.124570359
0.08013855
0.059559323
0.08257926
0.153452902
0.165802407
0.131494804
0.148823313
0.150546355
0.093225944
0.037753756
0.023967234
0.063511026
0.133400234
0.15845069
0.118461527
0.068892992
0.0830486
0.094637062
0.070167335
0.05190676
0.054530905
0.088824728
0.181324051
0.250064141
0.234913336
0.147213671
0.063188572
0.179990533
0.295607822
0.320111047
0.260898956
0.164634047
0.0811367
0.082234265
0.130272382
0.115402152
0.127000775
0.21592049
0.194131228
0.210085936
0.290098882
0.226551674
0.21606606
0.290652214
0.275751852
0.248715369
0.27699929
0.243765781
0.144762596
0.137308778
0.221347484
0.225359888
0.223665624
0.293864993
0.252621009
0.116144441
0.0787877
0.094459766
0.109353414
0.122934265
0.097699294
0.054057948
0.09892537
0.139653065
0.135996681
0.128511798
0.089371015
0.103976861
0.153978863
0.222109161
0.312346746
0.384228938
0.387073251
0.341229943
0.295339231
0.217396666
0.122262014
0.071574012
0.077502983
0.205515161
0.372547504
0.472134734
0.450712061
0.363296592
0.322984077
0.351932551
0.387728459
0.365744056
0.295701184
0.230175697
0.209499495
0.224855586
0.240199817
0.21794802
0.141696063
0.108614053
0.088130292
0.148780804
0.18566537
0.151046611
0.123328335
0.114495091
0.080998239
0.157780502
0.263503182
0.269704251
0.172704119
0.090195392
0.096401149
0.118564167
0.199897791
0.260012703
0.224731206
0.264347098
0.426011202
0.509404563
0.475570104
0.411277681
0.359624957
0.314231768
0.277899912
0.222275196
0.2133799
0.332285963
0.524459645
0.618477399
0.482263011
0.262897852
0.359620746
0.402204058
0.244159387
0.128540005
0.213155243
0.177305485
0.135961909
0.185571163
0.284048857
0.32368797
0.160477351
0.134633735
0.302056482
0.226880024
0.017815856
0.162283511
0.142504196
0.035751999
0.100935102
0.114445308
0.135167228
0.117456319
0.086019709
0.13453008
0.148188421
0.124758801
0.127376423
0.12437796
0.105839577
0.133803898
0.173333067
0.158881753
0.19456072
0.272878158
0.250977086
0.177303314
0.336279588
0.528011294
0.520929137
0.358765878
0.231895068
0.106241659
0.137904827
0.249604519
0.225082013
0.28853419
0.401438945
0.457112583
0.481295737
0.457185082
0.396646483
0.32493436
0.256674195
0.213086269
0.161715003
0.161505604
0.212471959
0.147398983
0.138775759
0.354085303
0.435704031
0.417683912
0.548133729
0.611333223
0.420188726
0.15472906
0.204979065
0.176772533
0.08868966
0.200755135
0.28461775
0.308256979
0.173899157
0.119409452
0.381018897
0.458401405
0.344357899
0.181706905
0.086208273
0.063571118
0.070432475
0.155997704
0.223950155
0.175804306
0.068981799
0.09636058
0.132098428
0.18480965
0.279336849
0.395500465
0.48701732
0.485218853
0.423090833
0.446383706
0.515442539
0.513017338
0.516660301
0.592081371
0.594615816
0.502941204
0.494824365
0.647325889
0.82839377
0.874090337
0.699084236
0.394102035
0.283531311
0.336377037
0.288235494
0.225413226
0.218356691
0.297888445
0.388159319
0.502587268
0.543327552
0.469400087
0.39130491
0.327481017
0.276259672
0.136033779
0.095007318
0.260439622
0.360199256
0.369118476
0.237910992
0.163655203
0.154511841
0.077144997
0.311489885
0.321127525
0.081124648
0.239326068
0.361549603
0.291167943
0.131836028
0.106484079
0.163063446
0.189375275
0.205036835
0.329707717
0.526630594
0.512985601
0.274161287
0.253085457
0.290787425
0.158280512
0.058186454
0.084283024
0.148821958
0.160992972
0.130888114
0.124528717
0.195994345
0.247541134
0.185723455
0.073918747
0.10250174
0.129596926
0.113941246
0.077699619
0.057097754
0.079248127
0.143738628
0.171894594
0.145849605
0.135667952
0.165271034
0.181483187
0.164752374
0.187695588
0.2455036
0.224145024
0.232937331
0.345131896
0.292823955
0.135181291
0.189078548
0.122017994
0.263239795
0.282898513
0.088384284
0.188886931
0.146393799
0.267545047
0.420365724
0.338692807
0.196556937
0.261443953
0.348350952
0.36339678
0.332844874
0.294281292
0.283108038
0.300547275
0.259414775
0.147309827
0.221348618
0.432661043
0.527177554
0.500320371
0.464506659
0.474374577
0.527861391
0.47259674
0.332637047
0.310404854
0.423045132
0.42616147
0.204484877
0.137234109
0.172992777
0.296299657
0.441639903
0.312047097
0.1335074
0.189994254
0.035008645
0.280344423
0.433382463
0.396591285
0.282526815
0.173451015
0.214867143
0.344798984
0.417439732
0.431897589
0.370178585
0.396166766
0.631272201
0.723615787
0.543066033
0.239884322
0.110778215
0.179060306
0.199453428
0.187128804
0.17241466
0.233568808
0.363555683
0.513131062
0.533681996
0.338643934
0.089631799
0.100983301
0.109164577
0.217402808
0.331811355
0.416426278
0.419138326
0.255935066
0.133090347
0.213025074
0.233587781
0.397581704
0.496888161
0.394023667
0.182560563
0.031078795
0.038934341
0.096069762
0.326240787
0.535376843
0.544042536
0.311287596
0.10802693
0.16372437
0.084674404
0.291887105
0.397343068
0.367428901
0.38905466
0.421600915
0.349306369
0.22251207
0.26161853
0.406975537
0.42411413
0.28362313
0.179176658
0.190998617
0.17105132
0.140929767
0.224746905
0.324745668
0.339434988
0.280666796
0.209369392
0.15677678
0.139036035
0.167590725
0.224410705
0.215314831
0.131081407
0.110093609
0.223126959
0.276865178
0.208127249
0.100128515
0.129716715
0.117297022
0.06208889
0.175806098
0.242431328
0.229646595
0.137350437
0.02528015
0.155736488
0.178511936
0.126825859
0.135913316
0.150313417
0.131594535
0.130878694
0.105683991
0.038580951
0.071149748
0.098356362
0.152339365
0.16990574
0.110309565
0.146283573
0.16404451
0.063899216
0.077790973
0.107191361
0.045655387
0.086536755
0.069096195
0.049336043
0.133767064
0.188990457
0.224069352
0.239596386
0.190338913
0.075134243
0.065500124
0.157184892
0.146222355
0.137135498
0.180303713
0.131878141
0.044362815
0.033277413
0.106067425
0.167500492
0.219395037
0.349235759
0.429488932
0.355932115
0.21026397
0.265507167
0.472954728
0.676311288
0.769507177
0.739597579
0.685143004
0.715602677
0.728150986
0.595546547
0.447918515
0.390915495
0.434659915
0.462606111
0.381178062
0.296670109
0.309540805
0.411521702
0.38773151
0.196135193
0.129650847
0.242485209
0.379448226
0.462602282
0.483722274
0.479806886
0.390672561
0.245286523
0.176966486
0.202605718
0.311942035
0.367892114
0.316458193
0.253459227
0.294768881
0.363009005
0.340668123
0.338178796
0.370969325
0.280736945
0.086409509
0.198012424
0.294562799
0.247640966
0.161406129
0.157403897
0.246394359
0.320315788
0.375455252
0.448333173
0.499006194
0.534538605
0.489468555
0.333495786
0.368192865
0.519167121
0.492876979
0.364244273
0.28309948
0.339839054
0.5553939
0.626288138
0.451513864
0.368880971
0.449131268
0.385144245
0.306554237
0.251187393
0.132494538
0.063666451
0.0581765
0.134752954
0.238529298
0.289148931
0.303812024
0.290757651
0.221882386
0.271871681
0.319064494
0.276838782
0.420292824
0.525220974
0.441997432
0.376544711
0.375587701
0.298125428
0.271366175
0.266281271
0.254415834
0.341200843
0.406872991
0.41117111
0.312310943
0.175054412
0.169252781
0.163071095
0.187225413
0.246293207
0.282007672
0.385750782
0.452795583
0.39611034
0.437561172
0.604303021
0.674812105
0.536954483
0.238577683
0.223327428
0.186162679
0.223662564
0.551086138
0.692583213
0.609724603
0.477199172
0.414245873
0.312738113
0.344219793
0.366635125
0.182736597
0.262176815
0.347442071
0.259470012
0.163882339
0.173711644
0.294128985
0.357947213
0.329653377
0.211218292
0.201738951
0.359501063
0.414533321
0.316556317
0.162361236
0.130794416
0.138286643
0.241353648
0.398465209
0.44064201
0.342160794
0.198171012
0.134507536
0.192640577
0.203153489
0.13109191
0.102333861
0.132171958
0.195833735
0.322189773
0.370539935
0.288376912
0.190463946
0.225337202
0.235954453
0.161476781
0.145755348
0.186984745
0.145110195
0.127297191
0.174509181
0.247166197
0.279802511
0.307423565
0.352579981
0.27841283
0.136417927
0.072627784
0.054039259
0.038971605
0.058117123
0.162301436
0.231562287
0.200527387
0.088916989
0.058030686
0.099138856
0.124292507
0.178240404
0.174064208
0.095211029
0.023029194
0.070652409
0.074455631
0.082195293
0.155925253
0.24236809
0.303550511
0.303855724
0.248653246
0.209102681
0.192150847
0.125343002
0.080708358
0.12819979
0.181129691
0.233024261
0.228571913
0.148896491
0.083305003
0.059828312
0.127803817
0.303807683
0.340837855
0.168992555
0.162800481
0.303963732
0.316188146
0.254572402
0.129862152
0.151543206
0.23031302
0.170670623
0.072636919
0.059125436
0.020024414
0.108162043
0.121751177
0.086960604
0.067069662
0.04453541
0.042939706
0.042771022
0.025634409
0.028461926
0.045944105
0.051101277
0.159470487
0.282293545
0.337557094
0.289853098
0.163955325
0.037073635
0.090627613
0.169806423
0.222073487
0.221456892
0.171622482
0.122558051
0.073631425
0.089992668
0.149581366
0.142182293
0.131013935
0.146769171
0.12468746
0.108900869
0.136095132
0.157445269
0.149074408
0.094242007
0.031726999
0.115879733
0.151318623
0.109959261
0.048447385
0.067173388
0.191515723
0.290193957
0.255157877
0.126080426
0.055246367
0.096215715
0.174594553
0.207886311
0.174887648
0.165785423
0.278077582
0.318609651
0.207235357
0.094870437
0.16988816
0.183324611
0.154548228
0.154012388
0.200277453
0.259322965
0.242863267
0.161690658
0.224859135
0.290641732
0.251978852
0.245145258
0.310368261
0.306642315
0.277033671
0.317810058
0.305958554
0.236791033
0.238046476
0.18057752
0.049058616
0.081034166
0.11787214
0.19373415
0.260886092
0.237735166
0.131615238
0.104981169
0.192451017
0.241774401
0.252123782
0.222843672
0.127580495
0.023851958
0.112428832
0.203928866
0.265293999
0.275430881
0.228059268
0.208838346
0.336319378
0.426373193
0.333508352
0.098533387
0.165493621
0.271552295
0.228678177
0.150893655
0.202575431
0.257655345
0.288697682
0.308232979
0.267932466
0.202762227
0.175668412
0.134023566
0.121596463
0.17654064
0.171141835
0.100735187
0.121476371
0.248410918
0.299408097
0.234931326
0.172607057
0.17446757
0.148767508
0.127427061
0.136806951
0.116976499
0.144959671
0.185400179
0.186289021
0.227948255
0.220449286
0.35235941
0.513617631
0.442759864
0.189259052
0.065959335
0.186796487
0.263630924
0.335612812
0.29333562
0.190725024
0.314587519
0.403908602
0.324714678
0.159233882
0.050717747
0.055549741
0.073243343
0.110348337
0.074592905
0.095369669
0.23275204
0.221755455
0.155791407
0.115818986
0.037957768
0.112450642
0.19951528
0.295269365
0.276382204
0.16959892
0.133924488
0.146167412
0.132061053
0.145392902
0.189573679
0.20716379
0.192604561
0.193509714
0.189785345
0.135666768
0.119414812
0.191127568
0.218646446
0.181449293
0.085442097
0.050324057
0.121604681
0.127233974
0.094388297
0.055953677
0.040157389
0.090024536
0.16454395
0.215324425
0.203625415
0.155729433
0.165811554
0.137701354
0.156587867
0.343667972
0.394102213
0.249483651
0.167298166
0.251135756
0.219131951
0.161397035
0.126194959
0.127367068
0.248031531
0.2890572
0.243658103
0.207503785
0.167576677
0.137609103
0.236369984
0.345442373
0.283898444
0.074186376
0.128804697
0.225632498
0.249436446
0.235868633
0.178817405
0.092271132
0.04521174
0.060442803
0.097244479
0.158083045
0.209671269
0.213807144
0.218968711
0.246816109
0.210592045
0.10998372
0.263446357
0.360167429
0.253366184
0.089037147
0.125504749
0.282920629
0.482146825
0.579027606
0.428632567
0.176199645
0.210438899
0.169784163
0.107555496
0.264052449
0.433475668
0.466827881
0.281253601
0.052916995
0.209221338
0.221879238
0.12663897
0.106692165
0.11621913
0.154276709
0.21709995
0.222308466
0.250070078
0.316361543
0.360023307
0.331035518
0.224429979
0.144121136
0.126724323
0.113311043
0.128315053
0.109936859
0.107554606
0.151756087
0.184131703
0.227911455
0.337301989
0.448193009
0.45179254
0.33042545
0.194198841
0.204373937
0.240580526
0.246248689
0.252799531
0.184724318
0.064174689
0.056697971
0.084749673
0.116865468
0.165484751
0.19084554
0.163703772
0.150450231
0.18006217
0.181924097
0.135753966
0.072510478
0.098464135
0.134205645
0.136293325
0.103786643
0.08791775
0.153208319
0.184091744
0.132626128
0.011600978
0.136414044
0.2366216
0.320383978
0.367897542
0.290979541
0.118960887
0.051892512
0.076817699
0.047918415
0.117758795
0.236768988
0.289915385
0.244049464
0.218435378
0.234175748
0.216496866
0.197087007
0.198751499
0.19682242
0.163158053
0.130767833
0.116153674
0.136997841
0.155760094
0.141716741
0.124690499
0.150321253
0.127883669
0.058269028
0.08779527
0.184240413
0.249077796
0.249216308
0.195860742
0.124199466
0.147149507
0.191603685
0.215562712
0.225553776
0.154280931
0.07303061
0.071777457
0.121000693
0.203589836
0.187304896
0.130331427
0.118979175
0.17920611
0.20787398
0.152182428
0.161055912
0.140101582
0.082044883
0.120006188
0.162814686
0.265970077
0.295885809
0.218667453
0.1521671
0.15113965
0.127000815
0.087442638
0.092132501
0.145393831
0.157395862
0.127883855
0.116978417
0.114260824
0.188232851
0.290016796
0.32373549
0.234698637
0.087203138
0.103813424
0.08380173
0.047588309
0.044817782
0.137404768
0.217302073
0.164610248
0.055522585
0.111215945
0.151574524
0.170744206
0.160714026
0.158634235
0.19686237
0.236708953
0.283185499
0.357584764
0.40299028
0.341599988
0.220174539
0.209935457
0.234700705
0.167815744
0.075283444
0.095309547
0.102297008
0.094795256
0.104626416
0.138938966
0.200756867
0.221352708
0.178212362
0.11251069
0.135229961
0.205079287
0.195733236
0.110433402
0.09408585
0.132877458
0.232380977
0.289161283
0.165030877
0.172010433
0.226558391
0.12799851
0.106696959
0.131004286
0.121052068
0.16010298
0.229854403
0.265587608
0.218006162
0.100428533
0.003742468
0.065805404
0.133888325
0.134321186
0.064596613
0.077305453
0.128151831
0.19467936
0.32954368
0.446635142
0.468437164
0.374048177
0.211506015
0.166161082
0.181067453
0.143945485
0.245998625
0.397209393
0.443962437
0.440948151
0.590519877
0.720284901
0.705027124
0.652438347
0.609613233
0.591162347
0.621418275
0.565165181
0.431297829
0.343614803
0.270598374
0.332675749
0.432500459
0.46233503
0.500524749
0.671411135
0.821017048
0.776267294
0.566887026
0.274131288
0.055118013
0.180708112
0.602889837
0.890817773
0.7237268
0.230966703
0.217749943
0.266873826
0.103649574
0.041216891
0.368515741
0.813849055
0.955882268
0.696783562
0.489526725
0.502588649
0.394736223
0.32093264
0.28106039
0.15327751
0.096682979
0.076271085
0.076536222
0.158428693
0.171728942
0.150623255
0.138387426
0.092148571
0.102840623
0.211010627
0.249387123
0.196556499
0.294856258
0.564655472
0.727003512
0.644372184
0.394361963
0.304682025
0.325656823
0.393651542
0.609863014
0.59377238
0.467373976
0.600236537
0.794002851
0.983387448
1.046825705
0.931920694
0.72219851
0.450646605
0.203375109
0.23034285
0.285975028
0.2546642
0.187407022
0.156473329
0.172144662
0.137644798
0.058577534
0.154470303
0.248965433
0.325197907
0.394322222
0.37101443
0.220341627
0.252013494
0.48410459
0.596543765
0.549734109
0.517314754
0.533332948
0.5667286
0.590506418
0.47708982
0.540829766
0.710836159
0.691535744
0.637893639
0.454751547
0.346264385
0.496199884
0.470928286
0.476080866
0.372516395
0.141212832
0.292897826
0.36037395
0.280610539
0.203485746
0.198344859
0.142223028
0.116522451
0.235990012
0.344207091
0.408593621
0.370929262
0.31998203
0.29743505
0.211899061
0.241593299
0.256772427
0.249948603
0.343532698
0.435418008
0.434791343
0.297868808
0.250296099
0.371310311
0.422983565
0.360799872
0.333215114
0.392870354
0.260768091
0.030630455
0.235107266
0.314193104
0.323624266
0.333277145
0.276154342
0.175974767
0.15560051
0.225091144
0.36945656
0.423351137
0.472327398
0.617556756
0.726961201
0.655331285
0.524517498
0.524719884
0.550796575
0.562753242
0.541420701
0.469143402
0.552041202
0.742750511
0.777566859
0.654052598
0.529258368
0.501036489
0.421788014
0.30740728
0.343255181
0.393751625
0.430035353
0.457241887
0.419302465
0.310193828
0.23152747
0.246777489
0.258946232
0.278050646
0.38272587
0.41791972
0.300470242
0.166920294
0.27837965
0.338470713
0.207486889
0.075672874
0.165851309
0.163997561
0.124193134
0.132152429
0.184007361
0.193075009
0.097601244
0.303520833
0.561479463
0.619674932
0.49376995
0.319964122
0.170714109
0.107546216
0.168480036
0.348365903
0.532055886
0.560248336
0.441917464
0.321142994
0.337568062
0.434131485
0.437776026
0.308129414
0.172998588
0.167709121
0.299717737
0.398287925
0.376225455
0.331598779
0.391455367
0.579158957
0.775061859
0.857157343
0.828035032
0.784868862
0.808644498
0.912487442
1.053068958
1.11465919
1.143648055
1.164483574
1.043613757
0.991280154
0.977908169
0.958719465
1.207953189
1.316812085
1.04569924
0.630862853
0.450630095
0.492062552
0.435633959
0.281729264
0.27182375
0.295823189
0.193378352
0.135317987
0.194119634
0.202130239
0.213000739
0.267158468
0.413561921
0.664670723
0.857932563
0.866497065
0.709137178
0.535713041
0.504006182
0.565163441
0.635299657
0.756458746
0.875698816
0.862888799
0.749488005
0.592800412
0.416281964
0.306767928
0.34231468
0.473729386
0.524217245
0.405027695
0.253011801
0.216670181
0.225235431
0.247509801
0.30651068
0.338619263
0.259846284
0.109145765
0.026040937
0.065730123
0.055681832
0.047481
0.057137197
0.039705272
0.051874615
0.139565936
0.185173079
0.284206775
0.417803528
0.461011069
0.356040948
0.223540015
0.260808473
0.199045765
0.122189279
0.330711374
0.380455471
0.271694184
0.149302735
0.106775783
0.109845032
0.112441493
0.119909989
0.124418698
0.131340923
0.148774607
0.184968553
0.245557527
0.335398257
0.441653269
0.442886734
0.2407485
0.098719401
0.243861539
0.174354329
0.098634051
0.166061348
0.171200177
0.212258205
0.328621471
0.327511767
0.189235205
0.206001551
0.203802401
0.247344283
0.307039582
0.176411739
0.05431089
0.129841897
0.136437032
0.107257493
0.073045737
0.076292004
0.071313519
0.183355587
0.311702392
0.306014798
0.201179368
0.128755186
0.06946444
0.035512049
0.093121679
0.069326905
0.022219665
0.088141578
0.103357579
0.099856598
0.11757864
0.178883647
0.196927639
0.113825116
0.104567553
0.165916991
0.11000599
0.024115751
0.08853648
0.096328583
0.086865826
0.065492643
0.114960645
0.243982936
0.262195981
0.13783293
0.032963055
0.087975546
0.10143177
0.13009624
0.138114697
0.059204134
0.077735331
0.162798784
0.198077915
0.246804623
0.230882394
0.178339312
0.160995452
0.140781189
0.115127443
0.130946118
0.118782085
0.041973801
0.165936646
0.196194914
0.091474087
0.049693223
0.111484356
0.095260782
0.089995165
0.161942001
0.190942861
0.155651285
0.091892317
0.067441517
0.10780571
0.120030811
0.089228401
0.057211292
0.067563055
0.110732919
0.16798303
0.202614171
0.178972059
0.100778323
0.065887255
0.106863092
0.114881485
0.071426443
0.062506133
0.157550077
0.177166308
0.117319731
0.267655965
0.374341433
0.267477981
0.029731754
0.170838358
0.197496353
0.113208819
0.158340397
0.260531447
0.260979665
0.162453105
0.153052179
0.195497762
0.180567798
0.17840175
0.221543494
0.213905254
0.135968085
0.115606596
0.131323519
0.08107171
0.09284624
0.136857616
0.095292858
0.040624595
0.069278393
0.062981212
0.06744072
0.091106162
0.07141335
0.094327163
0.216973629
0.295351093
0.279210311
0.209093464
0.181106263
0.166340935
0.111805457
0.102534032
0.084602467
0.081493151
0.138519604
0.127177622
0.169648797
0.239503721
0.197934534
0.044861536
0.184333861
0.396876365
0.46837239
0.333809304
0.118049423
0.099002051
0.125653917
0.140753271
0.173590682
0.189594234
0.195660395
0.156359138
0.070507099
0.10085487
0.145135516
0.143936164
0.135725567
0.133584438
0.12925093
0.131390868
0.128822644
0.103335298
0.125975877
0.272347508
0.372971171
0.326475983
0.263213367
0.237656738
0.140730063
0.094960176
0.155456573
0.230535967
0.273030841
0.301067725
0.324199736
0.278448021
0.198935327
0.12343747
0.036822168
0.136770966
0.153455106
0.183199885
0.219547503
0.200623969
0.264202338
0.288590517
0.23091992
0.299591645
0.351223029
0.240294634
0.181035025
0.305645392
0.3819601
0.322742722
0.158675713
0.13020505
0.185299032
0.322580622
0.432600191
0.410789433
0.345196147
0.367044938
0.432524012
0.419539897
0.31336522
0.248416177
0.260417217
0.311790879
0.314302415
0.274960024
0.256258945
0.193178628
0.239643104
0.362349733
0.396646941
0.303330901
0.140777528
0.345287305
0.496279155
0.373924486
0.174895583
0.194797924
0.178651353
0.093486896
0.153095518
0.342981711
0.380045613
0.35391032
0.338974358
0.280566784
0.342553035
0.395492222
0.360075167
0.392043006
0.419052328
0.365629541
0.323956883
0.234985645
0.148956872
0.287214246
0.323567366
0.211054216
0.076801236
0.046344706
0.048878733
0.175032296
0.257253841
0.266921041
0.290156861
0.344113128
0.356956787
0.273088686
0.213798773
0.252749366
0.316992733
0.399153397
0.407536589
0.311918633
0.253895067
0.338170993
0.41049458
0.375159247
0.223008709
0.093063891
0.156634947
0.196028761
0.2689674
0.329953232
0.28250819
0.164699251
0.107470877
0.10476866
0.152515398
0.262106585
0.337251521
0.218235298
0.066866352
0.170621501
0.094331317
0.093067448
0.09824082
0.086424396
0.112169792
0.116655436
0.166576596
0.133327464
0.134997428
0.168149698
0.080162745
0.111777117
0.153843931
0.094156778
0.185271564
0.401238539
0.547772823
0.520571908
0.363518348
0.238666481
0.248767719
0.265492705
0.218568335
0.206490262
0.289289833
0.365931887
0.448295236
0.431598312
0.359465904
0.456306527
0.414352256
0.206661114
0.269984045
0.340657504
0.314352924
0.293215074
0.267127415
0.225732922
0.229538815
0.242494546
0.228675548
0.293105806
0.363830176
0.308917979
0.14843854
0.155814555
0.21987435
0.216156269
0.258442953
0.274959264
0.245780492
0.231114735
0.180683522
0.06753534
0.168994763
0.269845897
0.266181693
0.172132826
0.144954413
0.139226115
0.066191148
0.143640863
0.170020581
0.115930697
0.048825908
0.070287017
0.089696709
0.181179441
0.250967061
0.139241478
0.156956965
0.294430409
0.27558156
0.195839482
0.197687492
0.210870339
0.120782929
0.140460866
0.180488873
0.146912763
0.13562652
0.20829776
0.264476894
0.214424229
0.190488547
0.27830917
0.251420826
0.205351795
0.259209384
0.303391254
0.480255745
0.545543989
0.333123086
0.275804207
0.515496679
0.576483295
0.460761858
0.281232731
0.159132354
0.097034593
0.0647255
0.097721874
0.116299306
0.100436441
0.06547274
0.054051174
0.052963551
0.104360281
0.177558801
0.205086036
0.20006861
0.20411102
0.154045143
0.101630164
0.21087887
0.27080551
0.189941171
0.107209888
0.209045756
0.293965726
0.439334371
0.560056066
0.574052113
0.53280693
0.420892295
0.248406379
0.202831919
0.202998644
0.129152704
0.092256706
0.140603539
0.168061733
0.134812081
0.155122468
0.269206239
0.27471248
0.193685216
0.233662335
0.227509681
0.129287856
0.065852755
0.043371451
0.126435096
0.186388841
0.153542241
0.241746622
0.471901751
0.46419963
0.203562566
0.060310546
0.141185121
0.167740867
0.145543701
0.245545775
0.22094758
0.069078068
0.324445635
0.393458192
0.290843855
0.130977962
0.123091467
0.190746778
0.151209986
0.071519564
0.029886023
0.030391275
0.044656896
0.041024206
0.048196362
0.1078315
0.144513062
0.117819815
0.152561971
0.204868653
0.187297289
0.135850554
0.095662692
0.120257805
0.21419965
0.271870129
0.227922134
0.154821548
0.15782727
0.256425144
0.408220467
0.596137667
0.817581925
0.973996508
0.876131692
0.547675155
0.33228552
0.315036512
0.355109936
0.341095813
0.270323587
0.245677111
0.368460873
0.490763703
0.402443949
0.242889716
0.167526392
0.162817594
0.240936303
0.244935455
0.172566632
0.120049679
0.127732602
0.170279989
0.267332463
0.382457115
0.397706978
0.250667287
0.050477232
0.082577151
0.196970915
0.398405631
0.472590799
0.382151671
0.315967606
0.290039392
0.244613107
0.252598676
0.207431754
0.105015303
0.054327905
0.167680007
0.32954103
0.359238966
0.254445052
0.120964578
0.037711807
0.038786679
0.068255061
0.093650476
0.133789829
0.108649852
0.039428563
0.092395144
0.085658901
0.162209388
0.273106846
0.288280691
0.171201296
0.091005934
0.170471985
0.071816976
0.199794959
0.301256119
0.219576423
0.089298611
0.053145896
0.054568901
0.095270769
0.143433819
0.169427467
0.202658321
0.33839216
0.455202006
0.399265806
0.177118775
0.073716951
0.197310256
0.208193824
0.219964026
0.230293234
0.201522076
0.184023798
0.257412332
0.350716734
0.43297534
0.414462571
0.217807679
0.127323261
0.170077458
0.145455993
0.273853457
0.308041266
0.208782408
0.072979756
0.056632847
0.092185874
0.148058604
0.138936506
0.082322358
0.139072021
0.111218774
0.102066941
0.289494773
0.343263255
0.24492479
0.160575455
0.263849036
0.353764177
0.401991895
0.331543438
0.190348369
0.246541709
0.259126642
0.329265617
0.533039458
0.605803763
0.498847306
0.365751514
0.315618876
0.30760644
0.299900133
0.291360014
0.279772521
0.253341863
0.227101313
0.138523627
0.164227986
0.270559465
0.20625158
0.040600262
0.120838771
0.118096071
0.095290889
0.118477721
0.08567627
0.073272706
0.125797259
0.10116588
0.028291726
0.093438384
0.093086479
0.063809575
0.145443758
0.190558157
0.156582038
0.078224375
0.024230059
0.038199877
0.039328975
0.031411864
0.13470659
0.256924789
0.274206175
0.228340236
0.248728348
0.301022927
0.402271939
0.435638746
0.31141267
0.133061466
0.141995675
0.168110129
0.088408123
0.161657525
0.272009812
0.215445038
0.083820871
0.163846628
0.135220961
0.032778401
0.037268195
0.079924862
0.120259226
0.13063255
0.123505705
0.092012893
0.109265835
0.162850684
0.160107561
0.0495239
0.158983351
0.23813894
0.254981981
0.406587992
0.455392948
0.277999227
0.155094203
0.316660973
0.318133392
0.150714865
0.104544793
0.194613611
0.15007843
0.039533007
0.073254351
0.102242487
0.126540709
0.204018545
0.225369213
0.167946475
0.161000525
0.219825371
0.242912663
0.220944971
0.235080211
0.356501576
0.466267778
0.439755659
0.3076613
0.364152624
0.478940731
0.378117056
0.10624977
0.131509859
0.174543208
0.095100512
0.115672749
0.125173973
0.114271646
0.147514213
0.180972933
0.120823263
0.070903704
0.201677828
0.210534117
0.125511547
0.108642918
0.118453045
0.069715005
0.038462193
0.128047502
0.21922147
0.225260099
0.137159103
0.157595101
0.233863491
0.221878323
0.130716654
0.064948863
0.166937506
0.192388511
0.133634604
0.125401382
0.301546761
0.416518423
0.343261911
0.154462557
0.13260908
0.187916131
0.170148119
0.110353754
0.050025631
0.112436983
0.134583151
0.057968311
0.098136705
0.122344115
0.228547784
0.460328131
0.508816511
0.328723201
0.181537544
0.219320433
0.159897212
0.102637894
0.169107489
0.056209566
0.213332432
0.401784025
0.352935889
0.155383843
0.096353511
0.153466002
0.116800408
0.082877813
0.116191327
0.177957834
0.213468003
0.213012877
0.216578803
0.161255102
0.04910862
0.195459316
0.224923393
0.164516978
0.2006975
0.198030113
0.155886506
0.159761714
0.207611412
0.271624046
0.267301622
0.203065181
0.123722966
0.110799497
0.143761392
0.116738308
0.123292573
0.174428894
0.209137662
0.253811301
0.26070639
0.207977994
0.207678947
0.255862509
0.20481321
0.093296463
0.131506632
0.097151172
0.01340428
0.090705344
0.134029272
0.143909892
0.146453041
0.134543122
0.113030728
0.312170292
0.447836204
0.373543059
0.303200815
0.314684726
0.267267473
0.404571804
0.487942002
0.411298681
0.324363046
0.309483172
0.321053686
0.324472724
0.316296308
0.342573189
0.398970689
0.360003384
0.226931537
0.21107362
0.209855939
0.229808559
0.285254023
0.292796287
0.337607165
0.302022016
0.247981371
0.310229609
0.303094036
0.236076903
0.184840568
0.08920466
0.055137926
0.111990626
0.076276271
0.103734071
0.07384405
0.104555965
0.20736736
0.21507043
0.137014802
0.084350416
0.133008534
0.20413432
0.260442404
0.208902761
0.098027971
0.160456307
0.235124806
0.228617515
0.164035821
0.117019367
0.101114981
0.150095342
0.270952078
0.338081603
0.251374249
0.073292397
0.108218537
0.136336163
0.149697706
0.096523017
0.177431199
0.324792046
0.291455383
0.172955458
0.148787786
0.144255229
0.293668419
0.393042993
0.292799999
0.108359545
0.160759042
0.225291078
0.212874361
0.14762014
0.111005458
0.139016076
0.142740383
0.143752999
0.160247613
0.187054764
0.208171484
0.190886053
0.126348514
0.059351749
0.103214667
0.185200152
0.235930203
0.194025888
0.217521271
0.33594395
0.289626968
0.111369781
0.113029036
0.145220598
0.1035888
0.045497993
0.0874948
0.130399165
0.083073945
0.105536157
0.217659408
0.259745458
0.21555113
0.115411473
0.054678624
0.10867825
0.199117333
0.236952879
0.15080903
0.141382629
0.251931956
0.220784373
0.105442254
0.10459897
0.102764846
0.096960208
0.101723436
0.049050256
0.07613324
0.159936592
0.176527578
0.124498255
0.083417231
0.113660768
0.127178798
0.131019282
0.157869983
0.14169099
0.085244654
0.113180256
0.124391425
0.097846728
0.070319106
0.034261936
0.040799887
0.020317755
0.09440465
0.151842809
0.105829298
0.088641782
0.148260179
0.129784555
0.103322707
0.102621657
0.089004392
0.118716565
0.184955465
0.194659202
0.146959667
0.214593588
0.38643195
0.457188361
0.345073454
0.185361637
0.129489518
0.116310618
0.192896055
0.158041417
0.200666151
0.267540064
0.193412146
0.104166314
0.123718008
0.256844289
0.318771796
0.185790797
0.07573476
0.181053275
0.123802762
0.023580158
0.111684625
0.160982008
0.153904526
0.113705685
0.112921391
0.150755009
0.171185252
0.167980391
0.151603875
0.17187207
0.29372591
0.337962993
0.189195852
0.064117973
0.174936264
0.084061681
0.185076779
0.238382887
0.094987813
0.163864872
0.195796217
0.112199984
0.214306907
0.2689001
0.237254549
0.163663527
0.10602632
0.155517242
0.148161363
0.078941891
0.058850169
0.072456218
0.076598414
0.072435042
0.110774708
0.323960766
0.597979131
0.612167248
0.284051425
0.16760819
0.437707341
0.602368559
0.737718244
0.743745926
0.535450559
0.221023394
0.144873335
0.20610495
0.119217955
0.086933028
0.173690788
0.179494772
0.152212586
0.116516735
0.199866256
0.37567018
0.457150635
0.409354191
0.288412802
0.229427271
0.207195833
0.212731423
0.297480663
0.489672646
0.603696339
0.458913976
0.195085791
0.043062061
0.059149698
0.144792921
0.208241097
0.197686953
0.136716255
0.103812661
0.157523796
0.183980441
0.098289158
0.224754616
0.284861533
0.119201605
0.106417166
0.192199856
0.153388096
0.123525401
0.123007699
0.129290813
0.067320956
0.058875302
0.126453866
0.151219121
0.137770208
0.083452426
0.056623639
0.136593022
0.174853359
0.105857788
0.174063803
0.304410411
0.292018367
0.176560579
0.181162052
0.231413878
0.157638935
0.156974557
0.220608783
0.171424695
0.200937849
0.225255917
0.248448346
0.339932591
0.327409543
0.153873993
0.123879765
0.253633209
0.219983846
0.138181131
0.085670098
0.068268721
0.077018064
0.059542951
0.041181692
0.032254149
0.05770686
0.112120139
0.122714196
0.077694908
0.054589647
0.032485109
0.096373342
0.147549945
0.118997398
0.057344708
0.046061833
0.048181859
0.047738055
0.062613287
0.087938746
0.152549567
0.229029066
0.217209993
0.08841103
0.184958363
0.296694277
0.233584955
0.15997562
0.233966444
0.188130551
0.147519531
0.277141979
0.237801448
0.115066111
0.232697831
0.251776309
0.170201477
0.100223807
0.040324589
0.044969526
0.102289033
0.151794233
0.174706629
0.14887413
0.096654418
0.05879703
0.099945937
0.170617892
0.171761696
0.087450097
0.031557688
0.125656056
0.206266334
0.259897311
0.224983898
0.099698629
0.130633318
0.16700873
0.128224305
0.130883218
0.187511045
0.293750477
0.282344778
0.104012425
0.098066835
0.164711653
0.165563419
0.241412046
0.311141307
0.294796749
0.143891031
0.104173205
0.284571997
0.347144734
0.324992256
0.274642589
0.265244231
0.247550885
0.132282093
0.245105035
0.32800913
0.271516321
0.213775895
0.194916836
0.243832987
0.299810168
0.335393129
0.363234071
0.359606318
0.316708255
0.239038812
0.162651046
0.154961631
0.167185593
0.227800061
0.358403192
0.361393099
0.229602922
0.323512043
0.440726176
0.351319745
0.16714129
0.16547049
0.170290305
0.120073869
0.166204618
0.171332839
0.254279537
0.38097016
0.38737404
0.292371963
0.236116731
0.268633724
0.241827236
0.11598107
0.136997371
0.183864797
0.111879189
0.111889775
0.205107791
0.214982789
0.128908608
0.141154156
0.176718931
0.107821384
0.139690374
0.230680398
0.2201079
0.128166364
0.045212881
0.113527225
0.172310407
0.166216804
0.173372192
0.299378308
0.397265288
0.291247961
0.091901984
0.286701151
0.3375977
0.250316633
0.179113482
0.156355537
0.126094192
0.136219311
0.241880443
0.366201087
0.358026582
0.175408956
0.112097157
0.175692591
0.128138241
0.17616143
0.192718139
0.143049939
0.10952878
0.070014731
0.037355888
0.017900317
0.044072605
0.092825101
0.120991767
0.153597736
0.1900929
0.183879285
0.109104247
0.087977465
0.132716838
0.090481191
0.052996385
0.203694619
0.394439574
0.414123084
0.21809207
0.187637589
0.259269938
0.205722124
0.16531259
0.198901395
0.213734484
0.136241791
0.132774716
0.221044145
0.212872505
0.136337015
0.120634883
0.154154329
0.16048945
0.177763075
0.201878394
0.194167217
0.17845632
0.162908978
0.103408456
0.156316983
0.186368025
0.093641292
0.202313358
0.223023919
0.063226496
0.116486298
0.155359098
0.096547884
0.0583995
0.079828226
0.11007645
0.11835004
0.12717998
0.094269777
0.048367899
0.060250288
0.080907187
0.077304987
0.058087846
0.097312252
0.287596688
0.439827791
0.414487817
0.213668151
0.170715702
0.241887401
0.170088193
0.239860916
0.241096704
0.10702522
0.178427745
0.226243423
0.172804688
0.095272779
0.093757752
0.140073303
