0.057106519
0.078488249
0.073592995
0.091816999
0.104183401
0.036137385
0.137783394
0.227270764
0.151092897
0.045368257
0.076415317
0.080077909
0.121987674
0.067199657
0.099708507
0.080391751
0.067453004
0.143720873
0.060106616
0.147604709
0.202305692
0.092306666
0.063807847
0.098685138
0.033159806
0.046195695
0.107524323
0.11199389
0.075927327
0.197427803
0.259454065
0.162881061
0.053076369
0.124621059
0.057651716
0.129399249
0.117038376
0.082416963
0.219363761
0.232031175
0.154238088
0.088831912
0.051027192
0.091821735
0.136413927
0.080195117
0.032741912
0.085284446
0.076807936
0.115480548
0.104952301
0.048671139
0.062060852
0.063750908
0.10568786
0.138421546
0.093447504
0.0389078
0.078697799
0.082781894
0.085423557
0.089838992
0.091660487
0.076277728
0.046555311
0.048244873
0.019294554
0.06667958
0.138164283
0.126714865
0.04243959
0.103943684
0.095938305
0.017801444
0.09214079
0.028177958
0.118798454
0.17254654
0.093648956
0.052486341
0.156960377
0.167896423
0.098813993
0.036888812
0.101401762
0.095399927
0.060943925
0.085624723
0.098490829
0.085344269
0.058134689
0.011280051
0.089763791
0.150014719
0.132397754
0.049435608
0.065726223
0.131306022
0.102922196
0.043686072
0.158790503
0.187851146
0.06096453
0.157111499
0.227141438
0.122388044
0.145266102
0.165010724
0.079650091
0.110576402
0.063329834
0.085329033
0.079450213
0.042642217
0.143218998
0.125467912
0.060114548
0.033964371
0.104406698
0.137956848
0.062503597
0.079676207
0.076151803
0.027158843
0.116886133
0.124573959
0.091669964
0.082928575
0.135027299
0.169167047
0.119378067
0.026064117
0.149894603
0.200210452
0.136534745
0.12760585
0.153123418
0.089605177
0.009644837
0.107922933
0.153686909
0.165374584
0.248008546
0.349632687
0.375877747
0.263938864
0.019439355
0.290613748
0.373367585
0.189611702
0.176800375
0.333585329
0.303461956
0.156954733
0.105317306
0.160841568
0.10425844
0.029348098
0.094049597
0.035870179
0.080476856
0.150770803
0.195109423
0.215437159
0.157198268
0.083819381
0.08848469
0.076425646
0.123345786
0.061506717
0.316553081
0.437461721
0.242793181
0.152742543
0.183672228
0.238483697
0.302633196
0.181291079
0.121912633
0.218237168
0.377428169
0.478098878
0.387881024
0.145287991
0.186181984
0.322808027
0.288079152
0.175546677
0.110660068
0.120126807
0.185865019
0.164623352
0.083170192
0.08513742
0.08794874
0.053320512
0.028898169
0.103174603
0.093078371
0.086463228
0.176769295
0.157240696
0.072451625
0.15194806
0.144482247
0.09671346
0.173381903
0.140132899
0.085874111
0.191503475
0.22270473
0.177901428
0.13322352
0.117966132
0.091033402
0.100803793
0.161872248
0.128504541
0.019824026
0.076648698
0.126925225
0.212580328
0.403999313
0.630174367
0.704163244
0.534157651
0.248510803
0.069359305
0.036249778
0.022450304
0.02662082
0.017960024
0.143714796
0.285835918
0.328696821
0.236516693
0.141315476
0.165325423
0.251569469
0.334172868
0.286247871
0.119671902
0.071812417
0.104971481
0.078251023
0.188553426
0.343977465
0.402323766
0.312320908
0.160453138
0.032530881
0.07143495
0.168639024
0.19341931
0.04918635
0.225694511
0.406101901
0.367523765
0.182678341
0.027274828
0.003444796
0.086479808
0.148302275
0.138341365
0.162998563
0.156430082
0.204382868
0.367292663
0.404126388
0.331184976
0.308393041
0.27207097
0.184320302
0.219757589
0.303349199
0.371194625
0.384227013
0.297926625
0.183726509
0.158378106
0.232686551
0.24574008
0.135142375
0.040496151
0.114945957
0.175675703
0.225247402
0.219725726
0.12570708
0.0998485
0.126111126
0.19068045
0.433415991
0.527997721
0.36322633
0.104299398
0.06531739
0.026105609
0.086657593
0.21830352
0.385865796
0.541187006
0.57970413
0.454439212
0.256855021
0.136719131
0.16453145
0.247391501
0.264625278
0.206735859
0.171603929
0.193861037
0.231381701
0.270340721
0.300828494
0.301424903
0.229266883
0.093295505
0.028669586
0.027479628
0.165473201
0.301491248
0.278945096
0.118776972
0.045400091
0.087825383
0.074681657
0.166734279
0.212095884
0.14064441
0.040601697
0.097279213
0.225806109
0.34708251
0.374315745
0.275914965
0.083131897
0.056750514
0.090093132
0.247149444
0.273482525
0.107808636
0.07746022
0.112293088
0.035701142
0.133681454
0.207082665
0.233406866
0.221624133
0.167035069
0.116066283
0.121283464
0.26739105
0.417045286
0.415950009
0.300524501
0.186281515
0.104958229
0.087433474
0.143164107
0.162610532
0.189389278
0.330966261
0.345195786
0.120802358
0.182740612
0.230181291
0.080413749
0.402257352
0.462759456
0.180024504
0.193904092
0.261710706
0.136516261
0.093544361
0.128956026
0.198431329
0.127243453
0.045079591
0.035063173
0.094009279
0.124734221
0.104473036
0.180876082
0.170591955
0.019507447
0.151132796
0.174420089
0.00909752
0.214700191
0.308181482
0.200749981
0.046725626
0.208121864
0.248981254
0.154699841
0.038235365
0.152446821
0.135070484
0.053785976
0.092231443
0.100427728
0.071374088
0.101014399
0.147363411
0.126476776
0.070803842
0.031918428
0.079917698
0.190964684
0.326057068
0.350651742
0.224760265
0.065050858
0.045323642
0.038205751
0.132067362
0.239054131
0.250618732
0.204868355
0.181520905
0.126614946
0.175149621
0.22863825
0.12001824
0.099319906
0.239659426
0.207298983
0.031973765
0.127006765
0.140390632
0.054649201
0.019730434
0.039182818
0.099067181
0.125783445
0.092766388
0.065413586
0.022533047
0.118374794
0.176949635
0.149619097
0.089166034
0.024367972
0.05063769
0.034290379
0.034936516
0.049779052
0.020774179
0.039849011
0.116114999
0.133144009
0.053942048
0.117861837
0.11906786
0.078835053
0.164382048
0.184570615
0.23189011
0.307072138
0.243121688
0.101684095
0.077206755
0.070965481
0.170594536
0.141583966
0.00740179
0.105107758
0.096496006
0.10638048
0.1563411
0.12174089
0.066598937
0.129984457
0.09254568
0.086587325
0.179235928
0.113287031
0.089745303
0.149926629
0.071072026
0.128551287
0.123920208
0.041775502
0.137730949
0.166766332
0.072003615
0.118352484
0.149818911
0.042242005
0.107289901
0.123704384
0.052853782
0.07020222
0.115085955
0.126710277
0.077905958
0.063491349
0.146640508
0.18193665
0.094103357
0.070110195
0.135701094
0.087398456
0.122010371
0.10940734
0.059301134
0.04099377
0.069538121
0.052815464
0.082677862
0.103994058
0.169353184
0.229668573
0.185023953
0.116222994
0.071838935
0.027975725
0.131997388
0.149462003
0.073253615
0.072785609
0.114911407
0.102941722
0.123104177
0.13439042
0.054911561
0.052039736
0.085145565
0.043101351
0.043231696
0.060605307
0.035261858
0.015544771
0.046950126
0.079641086
0.087115608
0.054363461
0.002297074
0.070479969
0.140775334
0.189154302
0.154080094
0.084118399
0.181058175
0.21894913
0.133371776
0.047100709
0.069830591
0.107277415
0.110416962
0.078148712
0.052439464
0.109780502
0.265227362
0.287186267
0.138961041
0.113219327
0.221003142
0.204574456
0.099006169
0.100106927
0.178147048
0.14137657
0.023891222
0.102986726
0.106885816
0.036044302
0.066324873
0.077752688
0.065318927
0.131776358
0.181233272
0.161450784
0.081117769
0.060652127
0.123181653
0.15802389
0.158250957
0.104336481
0.01591614
0.052336993
0.037963195
0.088309134
0.15615757
0.072460736
0.159918882
0.280665894
0.24163246
0.165533069
0.086305743
0.040507023
0.093121756
0.11869508
0.133959589
0.092331859
0.051026091
0.127917117
0.218943656
0.214165203
0.133495263
0.079212995
0.046912565
0.076627815
0.069356558
0.02310431
0.023682804
0.08656631
0.216648008
0.290050164
0.30100156
0.166875421
0.132032166
0.237174296
0.103436711
0.1004598
0.140427797
0.082092991
0.074031933
0.064481952
0.053540196
0.142197532
0.290047591
0.351197194
0.286573523
0.171036743
0.157039221
0.183832557
0.125693762
0.052708401
0.046247491
0.20698704
0.272487686
0.159085892
0.038888199
0.143648926
0.205855884
0.239723836
0.213706916
0.100119015
0.040314558
0.067598294
0.006690728
0.073645163
0.081497195
0.060210628
0.057418331
0.090129248
0.092536362
0.067740414
0.0685909
0.083181333
0.081664443
0.154835951
0.264472346
0.29048255
0.17283591
0.027951921
0.131165755
0.111077564
0.029531938
0.101422648
0.145731058
0.089928261
0.032386444
0.085983889
0.02855525
0.064078399
0.092086503
0.049968522
0.052831339
0.105914352
0.120811697
0.079281343
0.007588779
0.08226351
0.156513361
0.240100997
0.237719854
0.125811821
0.032904362
0.104500863
0.149725791
0.181199581
0.13697652
0.046088056
0.100402668
0.05539156
0.105250504
0.0986696
0.063764616
0.16894983
0.120672205
0.020661973
0.128320555
0.145416118
0.107535161
0.138053246
0.123138724
0.147529473
0.205060662
0.150155383
0.005817321
0.125038133
0.125706906
0.022227119
0.134773564
0.194205794
0.155344773
0.089180771
0.068998445
0.111330552
0.19766129
0.261784599
0.19290599
0.047063695
0.266841486
0.346260529
0.245419021
0.129441711
0.103318372
0.045538971
0.073178476
0.089469266
0.034764446
0.036152194
0.080311784
0.174897351
0.228185046
0.181229132
0.075323458
0.122855639
0.187102552
0.149807353
0.062848151
0.052714104
0.042401838
0.119917196
0.136403973
0.116520621
0.104187383
0.064817461
0.058368021
0.072098605
0.156488586
0.243800236
0.382384305
0.487989404
0.353476146
0.069919837
0.23238933
0.235426659
0.351738103
0.732144496
1.013729087
0.724803599
0.02978793
0.489073571
0.404708978
0.144663739
0.246847608
0.649962216
0.816972412
0.465451568
0.134200034
0.458703524
0.421532845
0.195872896
0.064831803
0.125937715
0.102982805
0.090197478
0.037976616
0.128004369
0.27362386
0.265473419
0.074572927
0.126684335
0.150450748
0.060631217
0.08217225
0.041144003
0.049840279
0.035894109
0.035959163
0.093089687
0.096382687
0.031006756
0.102180622
0.202730709
0.232146698
0.173366391
0.094199328
0.138795303
0.169888534
0.118475969
0.033926113
0.046635301
0.1006092
0.176470427
0.191943816
0.128001518
0.083049628
0.118998413
0.181209737
0.224974042
0.280768582
0.3102769
0.247506961
0.159808669
0.205989162
0.239034132
0.200446068
0.154555749
0.165020432
0.23885241
0.319169174
0.336727475
0.297787182
0.257094106
0.209212408
0.191807631
0.307631551
0.535335659
0.765564613
0.805274242
0.632220668
0.457546644
0.424413525
0.469621128
0.513728802
0.509639641
0.454659072
0.384683196
0.364639441
0.470236687
0.61807075
0.60995559
0.508687872
0.588282777
0.919553438
1.218098994
1.198290133
0.935263512
0.661051931
0.468623259
0.380441852
0.473101042
0.672924358
0.745776857
0.647099576
0.575323499
0.614027188
0.673372199
0.655923161
0.5351347
0.416760298
0.434020702
0.575976942
0.704049191
0.655163265
0.447292787
0.29027482
0.222731835
0.164240658
0.219942311
0.399035254
0.534193548
0.445467384
0.168612334
0.076073864
0.060020975
0.188980856
0.262104735
0.173441357
0.031304342
0.067706825
0.095640859
0.087221811
0.077740174
0.105147458
0.162595811
0.242754942
0.322781559
0.355952719
0.336171861
0.305440063
0.269688455
0.243125004
0.282809829
0.409010937
0.582919723
0.634767951
0.529892303
0.461016756
0.495656116
0.570986081
0.592716274
0.53465015
0.443196027
0.365976746
0.359913535
0.413753901
0.572444661
0.737671609
0.689485319
0.46719866
0.293978753
0.272034994
0.445819807
0.67799224
0.872900413
0.960433209
0.812713739
0.417622842
0.065216604
0.10182058
0.119861334
0.373876458
0.51912916
0.596298438
0.67254955
0.648971554
0.450613819
0.225873725
0.155682749
0.198695139
0.217887156
0.19374786
0.211621842
0.336370255
0.422302854
0.380667122
0.256747504
0.152464205
0.099819121
0.140144412
0.302008389
0.414803424
0.423192281
0.349716347
0.227105751
0.116399394
0.085818489
0.085955957
0.094897241
0.081232407
0.042483538
0.087235398
0.13971565
0.138784564
0.123840508
0.349722922
0.817386028
1.103099661
0.872995744
0.340975505
0.180125575
0.181698829
0.108303502
0.056124222
0.11456657
0.303458444
0.425941181
0.27730262
0.171557553
0.247939364
0.14911358
0.284607488
0.511872386
0.709791006
0.793257799
0.810426067
0.877041782
0.981632153
0.983445138
0.818013516
0.620470841
0.523480921
0.761306614
0.976751595
0.826402663
0.539584382
0.383920382
0.325411743
0.324351924
0.3126771
0.301103982
0.274013928
0.259526022
0.284486263
0.200790136
0.019139324
0.168080949
0.204778571
0.124732915
0.00984675
0.104375364
0.160755027
0.24121297
0.361083477
0.439316933
0.456704379
0.449339825
0.431619836
0.414566266
0.431129882
0.480800999
0.503592627
0.457005448
0.404134095
0.430167503
0.539609173
0.67715343
0.754539234
0.792698342
0.786907854
0.753727554
0.840515279
0.919788073
0.894960233
0.866071711
0.699130969
0.352205334
0.274080431
0.285981131
0.224809045
0.258343558
0.227026705
0.478748513
0.567621183
0.252016731
0.197808443
0.362147214
0.239893452
0.106480359
0.104831421
0.137471685
0.17759492
0.197217102
0.107704035
0.062602381
0.177026666
0.15657598
0.034753551
0.062758691
0.136148639
0.334825217
0.436893166
0.311964805
0.177649018
0.135818116
0.026260419
0.088545031
0.046856327
0.061978116
0.097630395
0.177264949
0.308516737
0.396799906
0.43779912
0.526412736
0.705367307
0.88166742
0.915500901
0.851395427
0.891744748
1.011751608
1.100714834
1.137120428
1.116652277
1.081976062
1.096129374
1.167021778
1.239090687
1.251542828
1.186534572
1.045640869
0.861063421
0.745396797
0.705165779
0.63042326
0.50835557
0.33318944
0.163875458
0.141916669
0.131091777
0.114734194
0.139383811
0.166963906
0.232556006
0.430883423
0.787256837
1.129653223
1.155948795
0.951698246
0.965558286
1.162524008
1.467369059
1.573963672
1.26356806
0.863524772
0.654638054
0.598563629
0.746118398
0.941356779
1.046836175
1.035372485
0.915502833
0.716711583
0.499041409
0.388947726
0.496913552
0.803759627
1.03655658
0.893505325
0.43988608
0.083765867
0.07914866
0.322647643
0.662996559
0.908225164
0.945033867
0.785533417
0.689557849
0.87995475
1.253854209
1.381807504
0.995905631
0.522875796
0.491090793
0.46662974
0.543914316
0.492152686
0.230155148
0.046438243
0.17584313
0.300339699
0.291503282
0.294729797
0.47256059
0.645119749
0.519502536
0.152620835
0.139273425
0.242685902
0.40251134
0.448603752
0.367384279
0.216404953
0.338414321
0.514303289
0.47563245
0.315578712
0.251044423
0.249754285
0.12417281
0.134571319
0.364655505
0.388576655
0.218941504
0.061298632
0.093732396
0.134864295
0.192669184
0.27656711
0.242879698
0.044625407
0.247499719
0.290484143
0.120759032
0.147282903
0.176917866
0.101160391
0.065912166
0.102034528
0.082420731
0.064295799
0.07646304
0.21937301
0.512746228
0.61374338
0.418996839
0.145071482
0.149595165
0.152395834
0.123038228
0.129677438
0.221592449
0.412219525
0.571123319
0.526850018
0.328724995
0.195786016
0.243251134
0.391385055
0.452559486
0.388571078
0.253623392
0.100970895
0.022777173
0.06930081
0.141453585
0.333596632
0.493419956
0.498064829
0.384167712
0.31103023
0.383144621
0.545252034
0.618209646
0.511409794
0.340214632
0.239920053
0.27407034
0.406478226
0.465850992
0.40736769
0.330087632
0.273232655
0.167530399
0.071868484
0.160944198
0.400713891
0.595138071
0.467167593
0.260040143
0.328276348
0.185539908
0.282737172
0.562487959
0.728771844
0.864379543
0.955147342
0.867053364
0.607357786
0.424289078
0.456272598
0.57384519
0.499439383
0.202116223
0.067165691
0.123839078
0.13325924
0.140895123
0.329003586
0.412863372
0.361059056
0.339054978
0.405530573
0.446762639
0.33539815
0.150911178
0.105191407
0.116464864
0.168724287
0.23844288
0.27783921
0.245485413
0.159141549
0.089416542
0.122305956
0.185149543
0.210002604
0.145766578
0.039838004
0.17153409
0.455518313
0.779919905
0.812628696
0.473826724
0.172156309
0.239136015
0.131026019
0.186897381
0.332945965
0.353474888
0.262692632
0.068373832
0.053266879
0.121510698
0.397197641
0.529059941
0.420047941
0.266027943
0.262727139
0.415689802
0.517588542
0.413825378
0.209640671
0.116872286
0.170567057
0.273626016
0.315137409
0.308672834
0.288911265
0.324331001
0.522056132
0.626831911
0.505599169
0.336359438
0.264311126
0.191629841
0.2189769
0.474773938
0.661088542
0.572320228
0.323412757
0.209101517
0.331402865
0.529282426
0.459978624
0.169290354
0.09647895
0.079509715
0.122565972
0.168945307
0.097317029
0.077327235
0.270905358
0.614386776
0.848292294
0.790366794
0.539009507
0.336796182
0.257288952
0.263182527
0.318937554
0.470475371
0.657719477
0.684789956
0.510834626
0.336358525
0.332856737
0.413137475
0.400132718
0.243743217
0.079710636
0.030239873
0.024328178
0.061689876
0.137043285
0.205473163
0.199536701
0.108402807
0.065749044
0.114274154
0.149869082
0.143459895
0.093423028
0.119613257
0.103234966
0.141107955
0.402109314
0.763182603
0.776728283
0.409781234
0.652865844
0.774473871
0.465556856
0.342292689
0.418140531
0.359215146
0.41900704
0.509581235
0.462889511
0.539826232
0.657536012
0.518629298
0.304759594
0.355489549
0.416546936
0.445625081
0.464829719
0.409984049
0.311461146
0.244297657
0.244589188
0.357208305
0.494213721
0.610825687
0.743342016
0.873604213
0.890338995
0.716085818
0.560802113
0.596452899
0.48274592
0.534732109
0.769622929
0.750669503
0.613485621
0.499048926
0.360269767
0.181757406
0.06541747
0.100987977
0.11402915
0.109576929
0.125368966
0.158195702
0.168685642
0.260195017
0.358092938
0.372387665
0.368696532
0.453191098
0.657537426
0.854657279
0.920113626
0.891310603
0.905396765
0.995799954
1.053317132
0.98034857
0.831305744
0.737163255
0.729524646
0.759880725
0.720122366
0.55404273
0.344478796
0.215077502
0.195828844
0.19623046
0.189998571
0.279306735
0.52040553
0.884451276
1.247721497
1.453531557
1.476588031
1.467411613
1.574738962
1.762433672
1.9706796
2.087898631
1.946644474
1.61239056
1.322745663
1.206604458
1.18882246
1.135619077
1.031370408
0.962964624
0.930359523
0.857432615
0.771147516
0.695554348
0.689381349
0.795116236
0.844188173
0.719146618
0.540873759
0.435972944
0.333207705
0.213574963
0.163167702
0.175510937
0.165410742
0.19683314
0.267309988
0.263953682
0.162610656
0.076431707
0.070252214
0.138977379
0.304376228
0.550919706
0.801396165
0.908989184
0.811489331
0.585962727
0.432073207
0.470543158
0.648873551
0.899865941
1.006098909
0.910159273
0.800172718
0.795446625
0.888782995
1.042558481
1.150810453
1.146738601
1.061235552
0.960337228
0.890918815
0.916502612
0.988270091
1.029792977
1.068116534
1.074269567
0.988594869
0.825313636
0.671938776
0.664856195
0.805320659
0.925113894
0.893665057
0.707630031
0.503669986
0.419954042
0.433895889
0.423857385
0.32133235
0.158227939
0.100134913
0.15518933
0.156871409
0.161026612
0.246657368
0.397780469
0.529492301
0.59996793
0.60005545
0.55962579
0.598052413
0.644596765
0.596123922
0.509428391
0.501186677
0.574344156
0.573150169
0.491348616
0.452652531
0.566245793
0.780619522
0.920650063
0.925348258
0.88051413
0.828013897
0.760808416
0.721343238
0.748633177
0.835642045
0.90188654
0.945113191
1.061074272
1.225584712
1.261280535
1.063326846
0.72757895
0.453205714
0.43159111
0.707525227
1.024198178
1.096527173
0.855192283
0.552924659
0.513870533
0.756539297
0.995156129
0.980101761
0.785729476
0.618224033
0.558821967
0.597532953
0.688619596
0.857732485
1.077480266
1.148556655
0.9437877
0.623678543
0.420776149
0.374970114
0.354969549
0.290209833
0.270815638
0.375774864
0.610064698
0.704287438
0.438483664
0.035825474
0.235604514
0.217604881
0.396474284
0.414434666
0.248581729
0.157284818
0.217355378
0.239234882
0.14213771
0.236598446
0.322840984
0.495989107
0.659280209
0.627872591
0.547659711
0.57077075
0.640383403
0.659238017
0.585844472
0.430243237
0.319904123
0.260723461
0.095925616
0.146330344
0.209972621
0.165939916
0.160049339
0.167818205
0.157747434
0.192486784
0.302880647
0.386929279
0.354143829
0.270516678
0.260761295
0.248434287
0.172317392
0.122614806
0.02681678
0.101688157
0.173036458
0.239385448
0.319226623
0.348733126
0.328340503
0.308730697
0.296256436
0.178900661
0.002477731
0.057816333
0.088689793
0.165499847
0.261245627
0.42401583
0.462990093
0.343525698
0.18597481
0.093262466
0.076462337
0.12379136
0.120936724
0.099179477
0.153826261
0.208285012
0.241760539
0.241533363
0.215695019
0.147327247
0.054628483
0.088877823
0.088173039
0.035646091
0.083034939
0.154704569
0.216930642
0.203747437
0.154298088
0.14149005
0.138385332
0.113043411
0.087486384
0.08814417
0.081451696
0.057698631
0.03789526
0.040321838
0.04194348
0.116870621
0.250654598
0.330176757
0.310527478
0.296023436
0.365933354
0.329243782
0.141921518
0.074607936
0.067141186
0.108242476
0.215489993
0.173166227
0.188199279
0.207444624
0.126549187
0.156359323
0.130946323
0.128781032
0.272523616
0.22427387
0.093488689
0.173922572
0.222986882
0.3026454
0.335420457
0.373286164
0.362520302
0.202999257
0.092538022
0.1863382
0.262341619
0.28221074
0.210729038
0.073644621
0.069059895
0.140566114
0.281632017
0.284877907
0.121198309
0.288724159
0.309033702
0.16846482
0.218861658
0.219437151
0.157843772
0.172128349
0.179655963
0.092762561
0.105011977
0.14621563
0.144144241
0.223135481
0.169469466
0.053058794
0.054307367
0.055689142
0.169308799
0.139431801
0.106160224
0.243143875
0.163220411
0.174338393
0.557262543
0.70617992
0.519355452
0.158325569
0.194547718
0.29808645
0.233718007
0.117974393
0.071041947
0.064815979
0.034665882
0.146933655
0.225649667
0.241433239
0.31516041
0.443682962
0.465166559
0.372408871
0.402143739
0.547467857
0.568674985
0.448072807
0.320862068
0.31973169
0.435430464
0.467581077
0.433025673
0.40955801
0.353198037
0.423435505
0.41892343
0.193851383
0.244831077
0.282958427
0.138993934
0.195556594
0.249155741
0.151810743
0.049940731
0.150539161
0.156206855
0.113855543
0.162113247
0.31419566
0.435569442
0.346304455
0.116343142
0.113791142
0.11497949
0.083116794
0.122912776
0.231075549
0.200874626
0.12858738
0.127470972
0.197204026
0.269723517
0.158776879
0.188717789
0.30453297
0.251218408
0.171904624
0.136250107
0.102801982
0.022183641
0.105980519
0.13424398
0.056384377
0.03040087
0.15848253
0.378185013
0.519892266
0.458474637
0.230377634
0.050323037
0.052214168
0.169325456
0.233864504
0.189611325
0.278703581
0.272491304
0.146444981
0.073650554
0.053594175
0.057761956
0.036020667
0.047498066
0.135653926
0.206048103
0.189213356
0.180958634
0.251612627
0.303735208
0.242107233
0.125911445
0.173125572
0.188264179
0.071594231
0.085175157
0.153446001
0.152950977
0.168454859
0.245154024
0.290354231
0.208900616
0.060875409
0.029405135
0.160173584
0.275101865
0.236880533
0.154085137
0.149456538
0.196797626
0.287737453
0.354148648
0.415061734
0.429126225
0.28315147
0.052738794
0.114988869
0.126078233
0.149633561
0.291859614
0.446218201
0.389124855
0.083252771
0.284277888
0.433208503
0.384281593
0.227406507
0.110381884
0.208273215
0.214922372
0.13400059
0.063179493
0.069077081
0.192277499
0.407382627
0.564539638
0.545316148
0.460378767
0.460409588
0.497689555
0.49329271
0.440277121
0.340571099
0.213470303
0.284197159
0.32754524
0.141204724
0.29375013
0.480663842
0.457698258
0.328310152
0.177999267
0.053823169
0.070677096
0.042970002
0.148999373
0.138734531
0.039523123
0.217652257
0.240449676
0.094195168
0.090014658
0.190217637
0.180808592
0.082932956
0.056534914
0.070083928
0.195955308
0.366311624
0.364400626
0.232302517
0.258549717
0.247753464
0.11619564
0.16840798
0.195469966
0.127564982
0.086101165
0.126812797
0.153148332
0.131363579
0.080808807
0.048483122
0.058987034
0.092908011
0.211193557
0.431790975
0.666897747
0.739361484
0.592635036
0.452940356
0.397081374
0.252265143
0.196907402
0.236825868
0.188022378
0.078249971
0.184514153
0.511571425
0.843294997
1.066866729
1.163351421
1.131576848
0.983190731
0.792873162
0.605944438
0.429591258
0.375335926
0.391706567
0.25900539
0.041589247
0.114779181
0.114278061
0.05771133
0.082923456
0.201159137
0.357220981
0.529892714
0.679769465
0.718740471
0.601174531
0.428580947
0.292737625
0.229968514
0.214112073
0.112981752
0.124442061
0.159988499
0.195541814
0.265232096
0.572742384
0.788584504
0.707245822
0.469530137
0.29070207
0.211193992
0.212125176
0.221036941
0.176964066
0.177701397
0.270235475
0.308847611
0.476620788
0.739431315
0.806117966
0.628299646
0.391609929
0.232629636
0.143840675
0.109700117
0.116641394
0.22518572
0.451281652
0.478902009
0.255100142
0.066064401
0.144719212
0.320311236
0.374837798
0.270497824
0.14201473
0.104182586
0.163068361
0.22588731
0.214892689
0.148111991
0.113864536
0.13723774
0.14328536
0.108490882
0.018324774
0.190382913
0.334463114
0.25169831
0.212521639
0.440904347
0.354051408
0.037310579
0.391183768
0.488287949
0.386719057
0.26153555
0.179832708
0.181698704
0.265177056
0.332021997
0.304593407
0.27111391
0.412668424
0.807404322
1.172618653
1.129545195
0.74210617
0.446696301
0.467320032
0.580898364
0.520033725
0.320711955
0.193174364
0.213099631
0.294668519
0.391137815
0.542949843
0.720813425
0.744358198
0.502918553
0.211369526
0.065043336
0.204550926
0.413519576
0.36010903
0.280165903
0.557862565
1.116415747
1.303402605
0.754830841
0.126973872
0.514043343
0.39331319
0.374273017
0.498616251
0.452966212
0.363613592
0.399922161
0.517041396
0.585249104
0.725323982
0.996164656
1.048028729
0.798808991
0.58273501
0.572656596
0.630175998
0.683036294
0.635992617
0.494566413
0.583545851
0.766242018
0.722700863
0.512301756
0.317962834
0.192023298
0.144371929
0.162215924
0.141549197
0.035053207
0.167152892
0.221150202
0.104107313
0.178650451
0.282121179
0.232303021
0.08499813
0.095033716
0.124938485
0.032475499
0.154722654
0.248371978
0.243552915
0.174195021
0.140061424
0.255285139
0.30413609
0.202122268
0.145503172
0.114717207
0.177469574
0.540293213
0.638264835
0.338043183
0.160572861
0.334538911
0.339723913
0.391347781
0.37588874
0.299282817
0.307585369
0.550824352
0.691281725
0.511328231
0.283248241
0.303731971
0.260134515
0.2000497
0.342531973
0.607455185
0.817199666
0.816553214
0.643962976
0.516518937
0.525986061
0.58600228
0.593798771
0.51673039
0.441228791
0.46596028
0.479652477
0.393419808
0.290624539
0.347050482
0.46752673
0.498756572
0.499204477
0.491888544
0.495790621
0.577721218
0.687710677
0.631204207
0.489648423
0.577658225
0.828523335
1.095976251
1.197078344
1.090593289
0.92684741
0.879280607
0.98903011
1.149354901
1.238808272
1.176384592
1.011923688
0.949970923
1.006746369
1.057189128
1.051373492
1.008430392
0.988160146
0.995250372
0.983487635
0.960292492
0.976397233
1.023624098
1.025257267
0.935178529
0.81494756
0.767936066
0.80456312
0.816606111
0.707957657
0.574566222
0.546579497
0.5333325
0.540445953
0.562291335
0.556892405
0.595979498
0.53914286
0.369631172
0.363999787
0.55098863
0.711683205
0.711263842
0.571906274
0.398916804
0.247063604
0.217873088
0.308740933
0.489006951
0.68339845
0.738574222
0.658639129
0.548649272
0.447589309
0.323507297
0.172226746
0.04748414
0.065824806
0.199047243
0.381424046
0.465622489
0.351056161
0.120177215
0.042298739
0.089907763
0.172291971
0.210326699
0.166141311
0.138168659
0.1787711
0.245728543
0.251033179
0.176265056
0.111882803
0.155187546
0.233518975
0.200367838
0.050276488
0.098733885
0.136941566
0.094655293
0.097988257
0.170296226
0.170980091
0.081139131
0.261133466
0.299219696
0.230235404
0.299292889
0.273733066
0.147912527
0.172486591
0.204414646
0.176816082
0.223301133
0.257629553
0.224101425
0.262880015
0.26908296
0.191051803
0.259238666
0.348158273
0.334355995
0.282194094
0.274521524
0.317703049
0.412160917
0.531995443
0.564084861
0.422516965
0.194358492
0.091062963
0.053520425
0.069097513
0.173813343
0.350220246
0.559974598
0.694858668
0.738397884
0.800932164
1.021809794
1.295588284
1.265239833
0.834054157
0.411058269
0.322398568
0.405423829
0.745227545
0.958324866
0.915375234
0.704797751
0.485708927
0.374350061
0.380094187
0.482040037
0.639324756
0.781895004
0.843484758
0.750891272
0.508637203
0.309049558
0.348553187
0.572676574
0.777146887
0.770166939
0.59835461
0.428842188
0.308882068
0.237831736
0.290942289
0.505189208
0.729754999
0.710399268
0.385390592
0.038998006
0.11587071
0.077662531
0.284269436
0.386331207
0.341402093
0.249546812
0.216524744
0.174534238
0.226294286
0.390882165
0.456502218
0.399881315
0.312475144
0.251929528
0.278555337
0.398290434
0.44299506
0.409239584
0.406003833
0.419112276
0.396386739
0.382557546
0.422316795
0.454038088
0.423619902
0.408671374
0.471523009
0.539817084
0.552416826
0.463650389
0.284528902
0.127831221
0.238770448
0.404990198
0.492242087
0.539943639
0.560447157
0.52108811
0.476565346
0.360938925
0.224653972
0.430511311
0.447958822
0.219233934
0.508844821
0.567314394
0.413886847
1.083234204
1.342678433
0.81211018
0.28486971
0.639502809
0.619346342
0.388630234
0.327894226
0.460661111
0.463654951
0.299244378
0.318009065
0.457388919
0.442313516
0.337392188
0.261140776
0.233304102
0.263782144
0.264925095
0.278236978
0.324922784
0.349459203
0.45649209
0.676932583
0.574546752
0.211520034
0.428526966
0.483093611
0.310233395
0.239724158
0.289915929
0.279444895
0.194541995
0.114158293
0.099814468
0.140179666
0.160309922
0.123683154
0.157544069
0.326035787
0.376004263
0.215872551
0.094386853
0.239178972
0.265833395
0.231533803
0.211688554
0.232192589
0.211390691
0.131313429
0.050800004
0.078143815
0.127510837
0.099018439
0.061618043
0.22600706
0.2826405
0.215456921
0.135200041
0.088041075
0.020245834
0.203200102
0.365944711
0.318644125
0.084706997
0.142330083
0.201632783
0.164075618
0.13916863
0.141205877
0.127254496
0.082428808
0.04584907
0.023646255
0.041617462
0.093315683
0.032161305
0.169245326
0.365261069
0.37934319
0.203521684
0.127396385
0.266914716
0.246773845
0.065447635
0.114002581
0.108745456
0.081625343
0.259829792
0.244007466
0.085023009
0.183907128
0.258890272
0.238735086
0.198324394
0.131029812
0.016633449
0.068122177
0.065534736
0.221747323
0.316245158
0.254028343
0.152251396
0.103230774
0.039577687
0.159335598
0.288501452
0.201558895
0.048299322
0.186128235
0.170235876
0.146109102
0.143501853
0.137905204
0.145586381
0.164943862
0.190129018
0.1820247
0.104279776
0.010703316
0.053348743
0.031191045
0.128714094
0.129878873
0.068872036
0.048092212
0.054522341
0.144662936
0.123463832
0.029509618
0.064280479
0.110271525
0.131142438
0.055811238
0.077236828
0.141358712
0.101313657
0.029875614
0.144015531
0.281488677
0.344176839
0.24771815
0.038713261
0.112388343
0.104596808
0.054050022
0.090028268
0.0663838
0.008895243
0.041057841
0.052516902
0.030762652
0.056716712
0.089857925
0.091966299
0.081501764
0.080408805
0.079523402
0.11545828
0.149528416
0.14646417
0.182405367
0.226094108
0.207718777
0.152573137
0.124819879
0.120372658
0.088005843
0.198657381
0.421524003
0.476667501
0.302575358
0.129018808
0.156902842
0.167320337
0.128750922
0.056698734
0.036994452
0.120625666
0.163796837
0.153663725
0.123075109
0.080042622
0.058616748
0.056247899
0.052970045
0.112139958
0.12916031
0.110038914
0.100475782
0.087478307
0.082870048
0.125850445
0.127811772
0.059315829
0.063307882
0.126143574
0.136730971
0.113124124
0.091220672
0.076502985
0.124846689
0.216461218
0.268953368
0.207238532
0.052535938
0.057580522
0.060052242
0.207224521
0.322758872
0.285763221
0.195282777
0.235554603
0.296872742
0.212478295
0.059757169
0.115250226
0.043566564
0.135952131
0.131189825
0.131526603
0.195673708
0.151108693
0.181692634
0.216464651
0.3208028
0.399177077
0.278650407
0.069453415
0.150211684
0.167521589
0.15269681
0.219986458
0.353160651
0.395058767
0.23077233
0.019319506
0.110452084
0.052358189
0.171567
0.089048961
0.309100269
0.460666384
0.257516896
0.163544457
0.342167406
0.242909438
0.063129083
0.164909346
0.208689859
0.173236516
0.123058104
0.1020924
0.066293499
0.078951066
0.109337453
0.061449328
0.078575636
0.131027632
0.069980159
0.119163614
0.189939669
0.136297011
0.072344694
0.122650555
0.147597083
0.147126512
0.142079198
0.109230364
0.084197556
0.141846179
0.17289358
0.163623015
0.14273703
0.122116467
0.142686577
0.173150884
0.137521795
0.068701553
0.001613103
0.111335337
0.187653226
0.122634678
0.042449723
0.149355417
0.155257633
0.125199866
0.119157998
0.139099223
0.162446951
0.159592693
0.144662168
0.18062543
0.275894896
0.327610619
0.227765005
0.074435962
0.142787195
0.076182407
0.205297226
0.313841665
0.264999275
0.178650316
0.173485141
0.318890354
0.408183771
0.306789936
0.138141511
0.181371518
0.194930166
0.185386291
0.1848884
0.125881567
0.188968766
0.177755246
0.156946783
0.317144338
0.318570586
0.205845366
0.16653982
0.161121724
0.158729818
0.184532748
0.190322843
0.138185596
0.155641317
0.273419634
0.249923207
0.045383021
0.158006687
0.169896264
0.039334453
0.041756022
0.056289887
0.199406699
0.260776028
0.16247623
0.061632039
0.139329108
0.213652747
0.410652282
0.505064765
0.39975504
0.230996716
0.168770481
0.18467245
0.230995222
0.274196255
0.32311979
0.38586947
0.395100212
0.283532917
0.203282864
0.297351254
0.291259061
0.232963954
0.29542012
0.417360138
0.49400268
0.429379774
0.291199771
0.309555634
0.296653705
0.23638678
0.259670546
0.287573845
0.312421303
0.321433882
0.301738864
0.281644367
0.283810595
0.235342363
0.167765688
0.150667658
0.068747258
0.072538804
0.080107555
0.031698547
0.060998919
0.028763999
0.121250685
0.036725066
0.288070837
0.494821243
0.302254353
0.25111403
0.590471755
0.560678676
0.312484291
0.13625697
0.11856817
0.112951116
0.051521748
0.07222106
0.060273831
0.08228539
0.167005246
0.258750516
0.333079831
0.351367757
0.33676362
0.254388274
0.15431096
0.207163025
0.251761536
0.287775209
0.332295995
0.32478678
0.264430273
0.203002472
0.192536292
0.200583934
0.232604051
0.286775616
0.250016725
0.148525304
0.191929595
0.228053227
0.225465567
0.236062286
0.176200334
0.153666497
0.177307256
0.177772484
0.216839478
0.190557954
0.142629677
0.189490231
0.171765446
0.09392391
0.156878608
0.182877652
0.139103752
0.169856465
0.166201943
0.110860325
0.22343667
0.273573131
0.166570353
0.113634097
0.127073796
0.056958149
0.014420078
0.027932922
0.121704868
0.300257042
0.394611234
0.25183378
0.041264711
0.211964905
0.191054751
0.07485141
0.05443759
0.063365359
0.159027081
0.237648283
0.218664574
0.132530494
0.082245769
0.078205397
0.046613347
0.046155392
0.10015382
0.132067627
0.097352843
0.02050464
0.06446196
0.079964265
0.047914867
0.003623293
0.049598785
0.065783369
0.031371292
0.035361181
0.097410874
0.200379909
0.236777243
0.17790963
0.089679109
0.034013143
0.066612987
0.10074382
0.064817134
0.033694499
0.079958813
0.034998011
0.098651356
0.110876747
0.033076834
0.037503898
0.044695328
0.076799278
0.080232347
0.129317023
0.159820074
0.122128668
0.079317314
0.123594352
0.207998439
0.235001215
0.188488012
0.129496145
0.10438456
0.100761491
0.108805072
0.103477292
0.091695778
0.080874902
0.04653348
0.031774726
0.066754478
0.08560427
0.060276113
0.076151355
0.178250584
0.145252303
0.41469341
0.737392424
0.674770422
0.277823436
0.236196471
0.275921887
0.143685199
0.310940551
0.276486676
0.040070162
0.242398358
0.241828693
0.102989896
0.122076081
0.076762415
0.154282533
0.197061792
0.053573021
0.162037143
0.191726845
0.060679512
0.090356991
0.062236575
0.161570691
0.263357278
0.196517735
0.053705692
0.033204931
0.08859562
0.210970999
0.304667471
0.247279198
0.085579335
0.007095276
0.118141738
0.296979042
0.334044026
0.18097365
0.026408956
0.065232796
0.036307213
0.157536744
0.241062975
0.299034213
0.322906271
0.25102429
0.090808467
0.061406263
0.096626268
0.070789537
0.077928491
0.107950374
0.127782777
0.131603682
0.119529106
0.10515255
0.101233361
0.129714015
0.166946748
0.155077111
0.072489275
0.037627252
0.07397963
0.042115771
0.006370651
0.01656586
0.057820519
0.103178003
0.158582617
0.182477114
0.108061534
0.050846687
0.181448451
0.233719282
0.250233412
0.233556624
0.171608319
0.124288865
0.167625441
0.26297549
0.319056781
0.358933018
0.411430649
0.423168113
0.338353485
0.194265057
0.119855966
0.168619354
0.279889118
0.315224723
0.233855589
0.19221799
0.234686076
0.215351048
0.183829367
0.206621468
0.246153104
0.19400924
0.04421683
0.09352643
0.123895323
0.144271966
0.24565677
0.338214291
0.3428347
0.241984578
0.116885728
0.094706377
0.188083591
0.193928519
0.049897277
0.207288951
0.314580635
0.337274532
0.410555795
0.539001239
0.565682551
0.376420669
0.081138081
0.244490322
0.342382853
0.301994622
0.206616451
0.142354896
0.156037556
0.208083526
0.172645552
0.066983968
0.193526467
0.234324931
0.175817548
0.135586002
0.105527836
0.070342677
0.111034191
0.151993734
0.115473745
0.059380091
0.121446102
0.227906844
0.267450018
0.197450873
0.09851324
0.082969578
0.159986566
0.160121683
0.116199599
0.286157453
0.464360042
0.502030289
0.378619826
0.278578964
0.224328643
0.160348605
0.161992711
0.080061579
0.11270156
0.180224904
0.238353416
0.291311263
0.278765747
0.293148971
0.416444153
0.603102086
0.711932429
0.635748741
0.56510551
0.624846052
0.617694481
0.576122203
0.573983456
0.566708162
0.539135566
0.509389201
0.486304773
0.435055892
0.390258037
0.467907219
0.495788272
0.438541653
0.523401314
0.617028664
0.590514357
0.554474037
0.558361815
0.602317367
0.719078332
0.839655874
0.864040991
0.789932992
0.720028005
0.72144959
0.773717957
0.852242646
0.908442255
0.89135388
0.829728053
0.741922839
0.622982545
0.540292694
0.609439303
0.83792599
0.990443696
0.857132063
0.647620622
0.885844013
1.039610746
0.846568036
0.71169076
0.680559238
0.5737138
0.644580689
0.677126527
0.577448833
0.590204093
0.660696789
0.668550392
0.613230042
0.527106939
0.488863144
0.501525086
0.486512793
0.410517188
0.338510314
0.348077275
0.449979981
0.557065937
0.566051246
0.553869793
0.573472187
0.522049231
0.431086817
0.359987775
0.275303548
0.202922747
0.207595463
0.298559587
0.371123458
0.324419934
0.179320577
0.046995722
0.045196104
0.119404885
0.166269498
0.209920528
0.297743408
0.356974175
0.318591408
0.222928931
0.185242174
0.153652125
0.065812184
0.060839407
0.143630681
0.251034418
0.311089138
0.291913249
0.255250999
0.251790142
0.313173178
0.415136218
0.514754432
0.579188091
0.594377423
0.584310541
0.540438178
0.439356049
0.321992212
0.280848595
0.362762149
0.496069842
0.585863332
0.641588757
0.694496669
0.704123642
0.674715225
0.637806292
0.604271781
0.646295588
0.721733537
0.726304311
0.655235703
0.546413269
0.491236781
0.471391975
0.515370733
0.645201626
0.723734565
0.694674553
0.575016439
0.459444764
0.447667203
0.514987002
0.553804494
0.522207291
0.464037026
0.436218823
0.4400348
0.441712126
0.45676215
0.486987693
0.495149944
0.442434131
0.35792399
0.363290198
0.466796527
0.511044519
0.478773709
0.426397914
0.366560284
0.326645306
0.298632714
0.247688704
0.216609116
0.244625689
0.299798401
0.36569233
0.415222209
0.427297979
0.408533419
0.365041696
0.313806078
0.268391264
0.22184138
0.242518837
0.337327932
0.35192141
0.27224265
0.226592822
0.262094117
0.296706044
0.27657146
0.222585718
0.200038782
0.236224673
0.285187392
0.290097207
0.24560584
0.191901179
0.199800831
0.219818664
0.185917182
0.193589411
0.237576634
0.243116908
0.212442706
0.139578768
0.105490943
0.151855738
0.17000629
0.252878112
0.285918775
0.206670427
0.214754636
0.236827885
0.179368516
0.114454965
0.107855624
0.110464752
0.07470527
0.04407399
0.053437661
0.073502577
0.100300136
0.089872209
0.042143962
0.019879496
0.055526613
0.121374893
0.164395401
0.14013672
0.090856129
0.064805356
0.046912522
0.137019817
0.145997986
0.084214154
0.160231374
0.127986064
0.00794183
0.053788732
0.074066747
0.125267578
0.111894075
0.126998854
0.090496519
0.04633679
0.122973579
0.101785633
0.086413572
0.110914961
0.13743782
0.144922999
0.092461599
0.029876591
0.035536807
0.056744017
0.043490836
0.222854287
0.362853668
0.282152518
0.077621722
0.240727177
0.236090738
0.081306411
0.117708571
0.161570433
0.141878318
0.074213376
0.0418036
0.047428079
0.009748694
0.07940874
0.122384756
0.053604975
0.157370974
0.18056043
0.098746378
0.115226972
0.078390165
0.016469591
0.038299878
0.009724984
0.078797797
0.168915574
0.197800508
0.091958885
0.089114054
0.167254541
0.087960557
0.142605966
0.176208916
0.079956648
0.114293881
0.160908883
0.148892026
0.064923931
0.048681932
0.086545075
0.053150918
0.012877675
0.048049951
0.036991317
0.040695998
0.090934496
0.064598054
0.068299263
0.076474321
0.050575708
0.061975835
0.024436794
0.149169926
0.215184869
0.149785638
0.090281326
0.17424816
0.154901228
0.03538398
0.087947504
0.098303808
0.041201163
0.110436878
0.126100876
0.122003947
0.174170804
0.225431405
0.274662839
0.293671
0.202963195
0.125852385
0.120100068
0.103712019
0.240491383
0.275779342
0.224540021
0.19070421
0.24295425
0.317133019
0.328590495
0.293744395
0.245237913
0.21858469
0.22751488
0.20510144
0.164030948
0.192779148
0.258421406
0.262780667
0.160579804
0.125692417
0.251249999
0.362489166
0.456673476
0.45590831
0.329627033
0.150760614
0.174818722
0.241637549
0.239842406
0.219876851
0.184724382
0.140460764
0.221695732
0.320751147
0.281273047
0.146272805
0.042203515
0.020552168
0.061541763
0.089077277
0.104616799
0.06529378
0.033549934
0.085040366
0.07319318
0.051853225
0.146732866
0.238163055
0.230248303
0.172346404
0.238687246
0.288976406
0.251239098
0.175843492
0.107228754
0.141444621
0.21721144
0.225999071
0.275006353
0.321498034
0.250421573
0.281900479
0.473334541
0.509294133
0.330617922
0.353169274
0.611958113
0.732595641
0.717130882
0.642843795
0.562227063
0.508743404
0.510012176
0.579783633
0.660280907
0.661079667
0.57066979
0.466717744
0.413918752
0.396439183
0.458324778
0.643949307
0.880523023
1.014637405
0.952005167
0.800439271
0.742991694
0.817384989
0.904483875
0.874067324
0.727442118
0.613840093
0.687066066
0.926482486
1.099076709
0.949732595
0.479255756
0.042903587
0.051720612
0.259685055
0.609240485
0.694790774
0.49899843
0.231694675
0.110553701
0.151357466
0.213813968
0.218487585
0.208996986
0.278796276
0.428827139
0.517280393
0.423804842
0.22086243
0.129758535
0.128868172
0.117810066
0.229708314
0.366956791
0.434682098
0.398746557
0.270896165
0.139090742
0.139978598
0.151969898
0.178523116
0.239818501
0.255977503
0.159598124
0.016780799
0.158838486
0.203644629
0.166791292
0.097800638
0.045840061
0.070460461
0.173783072
0.279751106
0.295300182
0.21755634
0.14641247
0.129645467
0.11751516
0.160822901
0.2320933
0.23050256
0.211425825
0.248455592
0.253506275
0.166938178
0.196538023
0.317580787
0.369496515
0.347215635
0.267831978
0.22423885
0.26120848
0.26057739
0.193839595
0.102619333
0.031092924
0.082284181
0.144882128
0.141069896
0.123937735
0.125429693
0.140253066
0.212249154
0.207274586
0.217806611
0.226948982
0.156027296
0.081202631
0.110544191
0.216368438
0.193893562
0.212792957
0.305671955
0.347845123
0.404889484
0.495918926
0.494574368
0.317071375
0.090394971
0.07965064
0.09000453
0.127824228
0.158233275
0.14079236
0.044750918
0.127608335
0.15118519
0.071246513
0.024477329
0.010459142
0.112054377
0.311847361
0.471439086
0.402298238
0.194890082
0.18075239
0.21161339
0.185950324
0.035607465
0.313058269
0.544392713
0.478276537
0.17016129
0.098994966
0.113095045
0.093454574
0.240851066
0.309209725
0.285560825
0.164743803
0.140915618
0.330663975
0.418436499
0.369440353
0.301677239
0.243298622
0.160842595
0.154954668
0.249819593
0.25759742
0.18364922
0.326962037
0.393486085
0.24482696
0.204317021
0.328988536
0.275444949
0.237694904
0.326431109
0.321832957
0.248095088
0.151788343
0.050452574
0.165657085
0.118948518
0.03986664
0.087511418
0.030103561
0.141050255
0.152598351
0.202181516
0.175390751
0.008133227
0.160297271
0.149473527
0.036980367
0.079762061
0.05869588
0.022099291
0.061190736
0.164462144
0.19141705
0.112307418
0.09312075
0.15590386
0.16070111
0.140433261
0.060878931
0.059849197
0.069258603
0.111910042
0.253139531
0.301774579
0.377905408
0.395470516
0.248716177
0.100099099
0.096500664
0.07780525
0.180605601
0.219271905
0.103369985
0.055531125
0.076261855
0.102130094
0.211446882
0.231915205
0.190742962
0.1440733
0.110198451
0.141589187
0.211271363
0.343756428
0.45434278
0.435226783
0.334533912
0.287967171
0.316692637
0.32654411
0.263509036
0.154148188
0.089663995
0.173347856
0.409881701
0.539829673
0.490124281
0.404105101
0.429490588
0.526701795
0.561793356
0.503752114
0.426755112
0.401251965
0.394583314
0.361471771
0.315858322
0.309532735
0.379888708
0.389972143
0.274475039
0.166679935
0.210687051
0.400666466
0.517065832
0.432600539
0.261475432
0.173598412
0.189798426
0.1969986
0.128878216
0.046128255
0.01729444
0.032672885
0.043103521
0.05700232
0.059689392
0.028090307
0.032545574
0.037938157
0.055672442
0.163690013
0.228769464
0.200354723
0.132552462
0.170268902
0.138713166
0.10433547
0.213535737
0.187635968
0.165117919
0.206630054
0.220048136
0.320124539
0.523702703
0.643245283
0.549891387
0.347833792
0.224696851
0.244057834
0.289894836
0.2363397
0.233827166
0.193687084
0.134459338
0.293090558
0.325240588
0.221976786
0.142079229
0.183102678
0.285962923
0.387977326
0.432971426
0.385162817
0.279398594
0.211261975
0.239145552
0.321582
0.389406757
0.423053171
0.452730884
0.475955309
0.461270591
0.401950772
0.316988174
0.236433684
0.159381382
0.058799305
0.033201158
0.204173757
0.45693987
0.61138914
0.598151342
0.46829337
0.302699084
0.20444954
0.171181922
0.132016466
0.096951596
0.091961918
0.139307924
0.302825626
0.558182221
0.717849231
0.599789883
0.277170211
0.146611644
0.221312184
0.190661058
0.087062945
0.036110959
0.087543205
0.079167234
0.089588946
0.082100474
0.039165474
0.067386212
0.0913294
0.074355819
0.083242308
0.127397144
0.1587726
0.176258379
0.125926556
0.071319337
0.199272995
0.230103458
0.131538715
0.035659174
0.097886454
0.242761008
0.308080099
0.325123895
0.499959467
0.769829422
0.801314237
0.435559963
0.257304956
0.433590285
0.290788979
0.079572803
0.27114101
0.354137371
0.258803653
0.162762416
0.179012722
0.064563862
0.19278323
0.404620628
0.465345175
0.364451341
0.2334009
0.188039859
0.244405127
0.296661497
0.245010615
0.186845984
0.175429113
0.117693023
0.024719641
0.03865878
0.035816914
0.049406882
0.060681
0.038837362
0.032877769
0.119024821
0.249878007
0.271988563
0.169295601
0.093543957
0.119641139
0.102264862
0.057639422
0.016713778
0.16911603
0.371465352
0.357015809
0.092924021
0.132841243
0.05544574
0.29492871
0.482386158
0.338069462
0.070175796
0.065527263
0.059318877
0.14170323
0.176730057
0.178286723
0.14411264
0.031514123
0.148479921
0.283808438
0.274239015
0.168529693
0.14120688
0.239303223
0.331072505
0.283788501
0.149301634
0.124850661
0.153719209
0.26953957
0.395680275
0.480800593
0.556009191
0.614312107
0.560280342
0.347327934
0.1146616
0.087447204
0.326174092
0.617645696
0.682219561
0.481977219
0.240414641
0.107324116
0.068452604
0.072838282
0.09000895
0.135718845
0.164600246
0.14897227
0.062088039
0.073298876
0.121441819
0.125639704
0.369106638
0.580040456
0.535246078
0.296019907
0.161744903
0.192266614
0.237714982
0.227817122
0.228082332
0.148651338
0.026780086
0.107186376
0.050420878
0.04000959
0.087991229
0.108316923
0.068963379
0.122334607
0.285115238
0.368099183
0.25505741
0.050581376
0.141528979
0.098449872
0.055182959
0.139794761
0.254785446
0.247116967
0.119461229
0.126981338
0.172630918
0.106873586
0.037190271
0.169420412
0.24064327
0.230809248
0.157570575
0.134209149
0.141114891
0.119006544
0.184934338
0.22978089
0.143855974
0.044406622
0.021016558
0.155336045
0.265045694
0.156289886
0.152265919
0.382145725
0.303282914
0.012403709
0.254538826
0.295357118
0.213040881
0.145521325
0.17917792
0.142230137
0.037153605
0.158561582
0.21034027
0.18815035
0.142266791
0.074225224
0.02731501
0.11618481
0.136504719
0.0879819
0.047363818
0.079082582
0.156688623
0.270608856
0.3512924
0.299617503
0.110050962
0.079008772
0.112446692
0.064064095
0.152310879
0.219298441
0.198434881
0.0303071
0.203510965
0.292090125
0.146640598
0.256225881
0.522707196
0.515955989
0.264058835
0.065230004
0.160689012
0.156745124
0.157178336
0.240558654
0.321524284
0.442234797
0.577220603
0.612249438
0.529991654
0.46479912
0.51551687
0.619509353
0.657584935
0.603514002
0.533474685
0.538276219
0.647555268
0.827671398
1.037692339
1.199494117
1.151958012
0.82776239
0.41076738
0.173697121
0.233096234
0.449217434
0.577548748
0.487148947
0.301780967
0.318195662
0.522698457
0.660046063
0.529759835
0.293507831
0.30433635
0.614126281
0.892736103
0.802010415
0.435522647
0.193106671
0.309640869
0.626940933
0.868163136
0.945912479
0.899243912
0.752737442
0.568368004
0.492859338
0.568253616
0.602572901
0.435277474
0.276937722
0.496863699
0.999712126
1.204602065
0.821595627
0.285718174
0.146609019
0.442444544
0.812336766
0.897488626
0.689767127
0.390795398
0.185852717
0.076891026
0.003463503
0.028526032
0.059294482
0.13234798
0.283754043
0.495885302
0.718632224
0.911268593
0.996084806
0.909681227
0.755102725
0.765686188
1.06374234
1.415961005
1.393902073
0.914350519
0.422330372
0.422112185
0.943377751
1.457202915
1.466410742
0.964139192
0.399384597
0.294746561
0.790238618
1.400494092
1.417638932
0.726515794
0.049757746
0.164287182
0.204099742
0.496525353
0.508720335
0.479747797
0.583634484
0.704472165
0.612172175
0.254985138
0.122199294
0.196988457
0.057364319
0.24217717
0.261182654
0.11258511
0.0324422
0.043214681
0.042500526
0.088770101
0.097406676
0.051074887
0.316176203
0.544522871
0.555912924
0.460233666
0.462940384
0.525727459
0.463435978
0.270368583
0.135688034
0.154494653
0.19712535
0.159457739
0.143285318
0.11145427
0.155867857
0.191238756
0.170612853
0.18829815
0.196527833
0.379544889
0.548998729
0.609611565
0.647682055
0.760253214
0.919047237
1.036733077
0.997916697
0.726135425
0.522437895
0.774381945
1.067506356
1.338794158
1.535399617
1.711716404
1.989116167
2.078836297
1.914863127
1.768793743
1.731356632
1.679069464
1.508849007
1.30603408
1.246163958
1.358283057
1.422709244
1.273715242
1.003776651
0.80452182
0.764211423
0.84735719
0.951995808
0.916521183
0.77901078
0.66082613
0.551835401
0.459426342
0.328357348
0.137462913
0.010424836
0.068873159
0.187231665
0.329845679
0.435016664
0.494701465
0.531813915
0.606249027
0.748133459
0.912114555
1.072375379
1.149190351
0.999614275
0.736462685
0.567851014
0.604794783
0.832801204
0.895567446
0.744508912
0.603280649
0.717789907
0.960732481
1.000845088
0.833781552
0.665709008
0.655299646
0.729242057
0.726318956
0.622132094
0.521395191
0.500563477
0.521185358
0.537580578
0.60581478
0.736591175
0.727710326
0.474178629
0.284696045
0.503036452
0.970720448
1.219670401
0.99995568
0.609669173
0.465811487
0.593037525
0.705477146
0.671721816
0.628289409
0.682659934
0.725290377
0.645310134
0.510255658
0.489989462
0.626285032
0.740096949
0.726307644
0.644084706
0.579310143
0.509530904
0.369288439
0.219530647
0.209776427
0.348809152
0.475041078
0.419932952
0.268916899
0.243952044
0.304173956
0.401103542
0.411070635
0.301973319
0.171631452
0.086332544
0.127941231
0.259303903
0.298188446
0.220865756
0.182264702
0.215050285
0.267491072
0.272261593
0.202414719
0.156814335
0.157654773
0.146254082
0.124799565
0.107344323
0.103281829
0.120091416
0.184313881
0.259568162
0.265425561
0.219911076
0.180612658
0.098804795
0.094368162
0.164449359
0.140663494
0.119394175
0.189992879
0.248159403
0.371276901
0.505450162
0.565630337
0.567799069
0.542402249
0.429012161
0.233544696
0.143167284
0.278937856
0.436430748
0.458575412
0.366626746
0.30386496
0.350234181
0.459371403
0.556770605
0.635582947
0.708048015
0.662606369
0.413953422
0.179637773
0.25761751
0.558913123
0.996958573
1.231135626
1.102898616
0.784221618
0.554303842
0.54765872
0.65838487
0.674556109
0.630632924
0.615303462
0.67550073
0.827973652
0.907269479
0.831157167
0.698391175
0.617327053
0.589875836
0.583596223
0.611178194
0.698120973
0.839399617
0.968857197
1.018166736
1.001228066
0.919098462
0.784196098
0.739550986
0.790441562
0.838937725
0.870143451
0.886731071
0.981480309
1.127954992
1.173004104
1.112761289
1.013893118
0.894024824
0.756861438
0.639953366
0.559322928
0.493953076
0.43138383
0.334333922
0.189169446
0.268125089
0.665954952
1.090341437
1.381922236
1.516571985
1.594192834
1.699167434
1.852945106
2.04729854
2.225700938
2.316919675
2.310767379
2.25812489
2.182023766
2.052810272
1.852567522
1.623048438
1.470524209
1.468634902
1.533714775
1.500520816
1.324951914
1.117422649
0.993192537
0.966712163
0.955217619
0.873491733
0.764460433
0.725233368
0.80906026
0.915576559
0.877943353
0.672154009
0.392691502
0.282897658
0.330879951
0.241904623
0.029961549
0.155931586
0.156632079
0.030484596
0.208065513
0.31154178
0.392240514
0.443639633
0.520411
0.63103453
0.737756784
0.837646353
0.888388898
0.926621184
0.958477764
0.997283597
1.037647695
0.970877324
0.881895807
0.897438602
0.913088134
0.922827001
0.942993155
0.943121951
0.912244758
0.915547686
0.953233058
0.865454348
0.778111092
0.830186539
0.889736428
0.965031163
0.935384169
0.815486133
0.775943396
0.845870184
0.911591563
0.905576748
0.876824542
0.867705787
0.868219669
0.834337002
0.769804724
0.723219662
0.69695185
0.715690115
0.787003592
0.831712108
0.782874276
0.656770392
0.53636891
0.470915988
0.468357445
0.471772868
0.444470984
0.43450998
0.481721812
0.562229772
0.544527139
0.401339669
0.253243204
0.186688081
0.256486331
0.359608268
0.420270793
0.455235003
0.440569857
0.374013853
0.316805837
0.280172226
0.24585619
0.192347282
0.104824729
0.050855064
0.05181463
0.100428544
0.223850031
0.317141114
0.336529032
0.292444316
0.22160212
0.16187337
0.110898652
0.077482237
0.091907693
0.114441749
0.190580665
0.254189562
0.219011272
0.151041196
0.136277225
0.122047014
0.131613963
0.155042258
0.180279153
0.204514679
0.204076755
0.170359945
0.159554896
0.198456294
0.24863299
0.29124116
0.285502786
0.219472018
0.129986145
0.065386128
0.046177159
0.06209404
0.09388694
0.127925257
0.193672238
0.24603331
0.240617495
0.202461599
0.167623575
0.147828414
0.135411238
0.102208059
0.059710191
0.025200915
0.035030238
0.074287223
0.093048869
0.083290912
0.049510657
0.031461377
0.036385246
0.016291392
0.025294596
0.028731957
0.0330461
0.045162152
0.053970046
0.050443629
0.03157106
0.026455154
0.042903802
0.050529958
0.0447687
0.048443238
0.093038836
0.106963523
0.054974616
0.032066059
0.053736325
0.055083159
0.067205398
0.079051794
0.089604005
0.111725375
0.137576685
0.143453042
0.097771743
0.00691742
0.09159428
0.12341862
0.128158258
0.123460551
0.094694141
0.060629671
0.072030873
0.113945447
0.125756934
0.119298013
0.156209402
0.162023377
0.089257393
0.040296592
0.07861225
0.06586449
0.090466249
0.116410707
0.126643854
0.120603278
0.112123667
0.11079396
0.069886007
0.058846036
0.075929429
0.03855291
0.071119166
0.109628406
0.124247396
0.1113802
0.076745788
0.056677784
0.065025363
0.089496057
0.115040128
0.15109752
0.178477448
0.179109644
0.171101898
0.139197908
0.088570249
0.125125651
0.175719432
0.18779464
0.195591364
0.2006809
0.226800065
0.276210196
0.298729199
0.279039752
0.234605898
0.188422614
0.169071854
0.214539817
0.32188967
0.403825007
0.392026795
0.334625563
0.343373589
0.435627707
0.50367471
0.417995659
0.229758329
0.264644848
0.424432819
0.526458241
0.50002646
0.39070584
0.317552489
0.382117045
0.536741821
0.605190206
0.58869875
0.582871215
0.60410577
0.579712859
0.49931392
0.443166286
0.479443803
0.589961827
0.675345848
0.718467859
0.747591229
0.704045828
0.62173305
0.607902108
0.653845112
0.721904643
0.770979793
0.766274654
0.706060627
0.660280808
0.690945019
0.748338786
0.781547498
0.761539451
0.68519417
0.616368607
0.712252208
0.916250057
0.98653992
0.909896758
0.850824253
0.852234706
0.839966789
0.777531343
0.701088248
0.717887413
0.832320638
0.942072056
0.97871415
0.954628543
0.91483223
0.8267674
0.74677685
0.789155695
0.772305941
0.691659593
0.681859718
0.708014
0.739694682
0.639833813
0.450306377
0.36236167
0.452485834
0.703856971
0.744856036
0.470044443
0.184950156
0.152166639
0.215014767
0.220702032
0.118853372
0.245985192
0.232927191
0.038549686
0.173452506
0.225447352
0.189824753
0.201029797
0.306826332
0.434498052
0.504741621
0.517936391
0.505024075
0.531309726
0.634736065
0.765477876
0.86305111
0.88499924
0.886665207
0.873666028
0.860121181
0.888539436
0.97298053
1.101912704
1.189376209
1.152824728
1.040937641
1.021250959
1.005115743
0.942757164
0.929476117
0.895251351
0.936135228
1.061619605
1.076336158
0.979147435
0.882655841
0.855056271
0.842019502
0.778796736
0.682880019
0.636319547
0.67992106
0.740045178
0.731133067
0.668622239
0.637937945
0.682365481
0.728384818
0.683479041
0.585188072
0.524055594
0.508902453
0.502424504
0.480653292
0.443565564
0.426277754
0.428185229
0.407264232
0.367482857
0.336956383
0.3115472
0.2826394
0.267644768
0.276893463
0.295207006
0.305590197
0.302695469
0.288767465
0.284596918
0.295934322
0.26964846
0.210641547
0.200525333
0.184991495
0.238799342
0.283033198
0.17655539
0.089283545
0.141217937
0.07820246
0.063853702
0.082861792
0.039668957
0.177222208
0.252277781
0.324167059
0.442476202
0.472403774
0.425429613
0.438177649
0.472069522
0.694524298
0.905428575
0.889548721
0.818119826
0.795635536
0.844605678
1.00708903
1.157264542
1.19481994
1.111689416
1.016519085
1.093369419
1.344230284
1.568046858
1.548510625
1.311749869
1.168311818
1.281733054
1.484014884
1.570055636
1.465357775
1.253221532
1.071199519
0.981132327
0.997973081
1.128997992
1.286034866
1.276866454
1.013813882
0.680524835
0.508879942
0.487283505
0.615912513
0.762320727
0.856121874
0.959705388
1.027333615
0.906483917
0.582274457
0.256980385
0.19351531
0.336460232
0.488978522
0.615350318
0.650594486
0.470032191
0.382341891
0.64740418
0.59240589
0.409941431
0.573877677
0.603960234
0.58340088
0.673538442
0.679222424
0.615725486
0.623845682
0.660517562
0.660415951
0.625860455
0.6163967
0.661409756
0.725967877
0.813988608
0.807616068
0.716312803
0.657757895
0.611594757
0.508326335
0.370641565
0.325606946
0.374987118
0.4215131
0.437654912
0.462189765
0.479883605
0.44174801
0.361057215
0.284529628
0.210251727
0.136039659
0.130033123
0.168793199
0.186910018
0.178933708
0.148641832
0.102028015
0.065258853
0.06012579
0.038080067
0.074385846
0.167701762
0.200551049
0.154400438
0.105704268
0.148329317
0.286690591
0.422628192
0.502965925
0.531050508
0.500124313
0.400015993
0.274870951
0.217339766
0.274975391
0.331211374
0.311824432
0.271780961
0.266247406
0.291235526
0.373714353
0.395188399
0.258058978
0.059723351
0.042988243
0.047699248
0.083239762
0.055051807
0.059173722
0.084097321
0.017696857
0.096653391
0.17336884
0.170298041
0.112362377
0.058397974
0.041666004
0.055310615
0.061837288
0.044275785
0.022414223
0.015520522
0.013616626
0.022136984
0.030525103
0.027581122
0.053603737
0.064378478
0.053292105
0.069113615
0.099324846
0.100215311
0.073674645
0.052821449
0.039929416
0.024382446
0.064821356
0.135074391
0.206459385
0.251426899
0.239027887
0.164639065
0.080693208
0.060185019
0.096414726
0.164306556
0.177365054
0.184413146
0.272863535
0.287065066
0.225337278
0.224387367
0.20797605
0.149527938
0.14014849
0.171316733
0.239214715
0.247194478
0.19818296
0.187531025
0.209460567
0.250742488
0.268273838
0.266886658
0.30575289
0.37074885
0.369299186
0.265275401
0.14064871
0.137169571
0.237061143
0.427452828
0.479504763
0.246403621
0.091977721
0.260065173
0.226302111
0.192560349
0.180434885
0.102063769
0.068744247
0.095539206
0.075039846
0.074035452
0.110434803
0.14863121
0.189406884
0.230853674
0.264536489
0.286789063
0.310174879
0.34309268
0.361427827
0.328668116
0.246606106
0.171696203
0.148049035
0.175493973
0.204203018
0.182195438
0.15493449
0.187583383
0.25716262
0.2892269
0.246274461
0.181241552
0.183144696
0.253429964
0.284609574
0.220557688
0.116058973
0.059106953
0.096821352
0.154138397
0.180549538
0.173724603
0.144488034
0.103577189
0.061071493
0.038467522
0.064996896
0.110091268
0.145471854
0.157747792
0.170294912
0.208855572
0.243182819
0.200517787
0.067913252
0.079313898
0.140348579
0.143010615
0.14557045
0.107222478
0.031598983
0.015384001
0.075114508
0.162934542
0.167777349
0.089739506
0.089042579
0.075186261
0.028992942
0.093081035
0.130909663
0.143292524
0.126037513
0.075942994
0.04099596
0.047650681
0.073992224
0.115009069
0.106156822
0.060996571
0.098335303
0.110240622
0.055532983
0.02237606
0.049825709
0.057874027
0.054641022
0.030774273
0.009631505
0.034200046
0.03883403
0.07128829
0.137154208
0.131689515
0.034719951
0.08826163
0.095871996
0.025159169
0.016732885
0.09776315
0.262495212
0.306877782
0.181744558
0.04442086
0.089695299
0.037824782
0.075999449
0.135641105
0.095142363
0.049993453
0.116602421
0.124565448
0.127853507
0.181272397
0.216830497
0.23101813
0.278780147
0.312945796
0.301488214
0.29962924
0.306213669
0.331036247
0.404149136
0.454860156
0.455375699
0.460265903
0.480024537
0.509032178
0.512420546
0.477020316
0.479104756
0.530148447
0.638951083
0.746815554
0.768285669
0.711505701
0.654711882
0.675210654
0.797573169
0.928506305
0.951312794
0.884509282
0.829614387
0.821525384
0.818505152
0.811565888
0.797156059
0.711627649
0.619520911
0.665272289
0.755239595
0.834392835
0.8870369
0.858606676
0.719139433
0.582373172
0.618908728
0.830606543
1.013707707
1.006237231
0.885146927
0.842329774
0.87506153
0.871827643
0.886096884
0.901629323
0.800222459
0.592453292
0.393143786
0.35223408
0.525514248
0.813291559
0.936494657
0.752403156
0.436922204
0.272246052
0.238140668
0.213978263
0.164191488
0.1360466
0.185844666
0.244729783
0.229329402
0.221805216
0.231566506
0.203676134
0.221971187
0.300761064
0.365043416
0.382555367
0.391967744
0.396633495
0.355350038
0.25237781
0.167250585
0.156230772
0.247437015
0.38008868
0.377866082
0.260996739
0.197583928
0.237950549
0.217063622
0.088208779
0.218513476
0.198105204
0.052464058
0.118082367
0.111631475
0.061438286
0.03028061
0.082861472
0.158400947
0.261360817
0.39706395
0.51320551
0.539666191
0.468946319
0.388890559
0.331633444
0.265241771
0.243629147
0.283951542
0.261919375
0.112523451
0.043736034
0.170462855
0.594752202
0.955804054
1.024663138
0.849616139
0.61813706
0.413682234
0.226499982
0.197064912
0.279231812
0.5041615
0.719654651
0.602803886
0.229618285
0.073576458
0.074405064
0.144923791
0.291408506
0.534451946
0.675037449
0.579934933
0.391850778
0.313813879
0.291262543
0.345546998
0.620279811
0.951793365
1.09376948
0.94126488
0.631687514
0.415735684
0.422531013
0.541409825
0.573948561
0.527885005
0.606205082
0.942741618
1.345847625
1.396283133
0.922616248
0.257020318
0.182812676
0.113680651
0.231514786
0.51562327
0.663300537
0.718483876
0.731475597
0.731441381
0.760735262
0.78534052
0.654654362
0.339859637
0.117052575
0.218093532
0.570137757
0.89117997
0.978664117
0.868007216
0.691405117
0.552204179
0.488905204
0.469659787
0.469343479
0.517411287
0.642729227
0.750139549
0.692756135
0.482502425
0.248149366
0.107266464
0.081265141
0.093018303
0.124215673
0.180233907
0.258298507
0.305861966
0.307106813
0.300436715
0.272604044
0.17263056
0.064452461
0.027859441
0.215285268
0.507759701
0.492892393
0.086627583
0.370555123
0.559289252
0.495278261
0.346671614
0.272873762
0.260329128
0.259086583
0.314237467
0.380463775
0.407475644
0.369763885
0.286524687
0.220507521
0.208432518
0.235343518
0.278786229
0.340835577
0.405642475
0.386184792
0.241776229
0.115863993
0.101743448
0.198975787
0.332040588
0.37035968
0.337342889
0.266938907
0.16209189
0.06466125
0.022894854
0.087336575
0.207149105
0.271396974
0.28930967
0.325608768
0.356023876
0.275737207
0.066879798
0.151202271
0.249650218
0.219289519
0.172382281
0.266239764
0.355344544
0.302632752
0.182510007
0.177475846
0.120276182
0.093203356
0.221803668
0.29679752
0.340244664
0.333820496
0.286879127
0.27334022
0.284947392
0.35872334
0.444522654
0.396561608
0.224040169
0.174932743
0.22873323
0.199770426
0.257594267
0.32417266
0.271310173
0.176788673
0.117665443
0.093600245
0.060232349
0.071607414
0.124587058
0.104172557
0.209985607
0.283347201
0.262680238
0.297984722
0.317078967
0.225602904
0.206883828
0.28019118
0.28141218
0.26024873
0.271226379
0.275141437
0.240136694
0.182744714
0.157794365
0.178514191
0.156080212
0.07828979
0.160130617
0.218927532
0.184151905
0.195226375
0.220528368
0.158046492
0.074169739
0.059635387
0.117603461
0.200227721
0.222294421
0.18109169
0.148267726
0.123763989
0.083221068
0.120795861
0.226669136
0.230261172
0.153783018
0.117115454
0.050610976
0.052885932
0.127770058
0.217790016
0.204340278
0.173207855
0.129124832
0.054923907
0.137791551
0.106312168
0.068807353
0.184553979
0.388747503
0.407826579
0.144346638
0.146708596
0.176872153
0.021784908
0.178722952
0.139854917
0.052520746
0.168350464
0.134091989
0.020069433
0.047113471
0.064127442
0.205066425
0.223883868
0.074773263
0.167270964
0.177452025
0.06093911
0.009557776
0.068470095
0.11246339
0.066633473
0.043532072
0.047714846
0.025681421
0.072802038
0.126462381
0.155500764
0.147932011
0.13702106
0.112417155
0.067745445
0.032648203
0.04997604
0.069468768
0.087119214
0.116838279
0.089486523
0.026000117
0.018351055
0.016001306
0.013933566
0.070788214
0.164219712
0.202196927
0.151280462
0.059022973
0.069416653
0.104632599
0.102068821
0.074319172
0.038953922
0.025405492
0.050510208
0.036478862
0.080399778
0.123107783
0.093856513
0.042828612
0.060943602
0.103844302
0.102068486
0.084720601
0.179009314
0.190024307
0.101079999
0.163385082
0.207754367
0.111656127
0.081535354
0.108432801
0.054653806
0.050425805
0.121607295
0.125979149
0.091457066
0.381706732
0.490100583
0.287722369
0.029414964
0.189984125
0.161418991
0.11770235
0.191651724
0.286367838
0.263907226
0.124196531
0.023878752
0.052968549
0.068217323
0.175880597
0.224995072
0.1628556
0.031128
0.107497245
0.201378143
0.2438259
0.272423443
0.276735426
0.204529078
0.081253704
0.041576876
0.11418673
0.105468069
0.054912921
0.039221116
0.063981686
0.10874427
0.146876925
0.157805912
0.105624056
0.022815474
0.16489109
0.262675421
0.247949288
0.112616886
0.050170979
0.102252925
0.038549567
0.037993783
0.043694648
0.124390324
0.205957178
0.221757757
0.214290322
0.201166694
0.167010506
0.126670394
0.099293109
0.071933443
0.050433105
0.043591876
0.05146915
0.045083652
0.01658706
0.068702364
0.043810795
0.076503244
0.176251554
0.138415412
0.031010114
0.152116297
0.129653979
0.081753085
0.04248423
0.074981789
0.198021704
0.251740718
0.230509942
0.177171478
0.130441959
0.076705949
0.15589066
0.29645573
0.278792617
0.077620052
0.112838099
0.106343941
0.015181762
0.078031794
0.061273621
0.052039044
0.143871714
0.196363217
0.12081862
0.009275227
0.060113466
0.041264582
0.058281594
0.132022574
0.173413406
0.136310981
0.076860476
0.014247464
0.071195124
0.076548663
0.039238442
0.034001571
0.06101771
0.194926125
0.238518713
0.122876071
0.173470455
0.340994958
0.323890281
0.182902415
0.084735473
0.04056335
0.016983814
0.0755207
0.14693571
0.203052348
0.211311842
0.116451638
0.053163093
0.159887867
0.168854243
0.131889592
0.123420767
0.123775875
0.090961145
0.036307383
0.020441198
0.010705089
0.079791487
0.119937228
0.104028681
0.113635837
0.11775841
0.097055528
0.07152097
0.028763177
0.046400581
0.096964327
0.135738911
0.185582475
0.260815747
0.319268274
0.286790244
0.149662158
0.007839316
0.070813048
0.142395347
0.269543287
0.377977755
0.310065057
0.090033324
0.209933508
0.271967737
0.190319022
0.142087203
0.234671006
0.398391164
0.456704125
0.297966378
0.054544373
0.105679009
0.078028496
0.026858601
0.115969193
0.16453931
0.112502847
0.019890729
0.044003496
0.076658869
0.054809324
0.113161601
0.202396373
0.162838848
0.059113391
0.073625317
0.110422132
0.132504564
0.100567994
0.072755898
0.12875472
0.144069488
0.086014027
0.073377838
0.095443861
0.05246594
0.089588008
0.149999173
0.126664615
0.080586185
0.108677584
0.0886827
0.024221315
0.082480046
0.085485131
0.002225208
0.111009875
0.148482816
0.081567668
0.083154671
0.099126545
0.025076872
0.064673498
0.064261211
0.023095238
0.011590702
0.038022782
0.033092034
0.071188534
0.166536022
0.248601576
0.338416206
0.416360836
0.363783277
0.145080402
0.152024487
0.217535651
0.159994264
0.150885649
0.236378605
0.297659969
0.236209183
0.103088424
0.132779974
0.250729696
0.269612729
0.166396236
0.159900922
0.279254238
0.257213124
0.094245995
0.113498444
0.253819573
