0.258661
1.04426
-1.24851
0.618892
0.729943
0.803824
-0.910784
-0.506901
0.465687
-0.113403
1.37341
-1.89092
0.697278
-0.51242
0.310691
-0.311297
0.265845
-1.23931
-0.0516247
1.08275
-0.758762
1.34857
-0.505648
-0.488957
0.212576
0.717786
-0.152712
1.02814
1.44872
0.416104
-0.374718
0.349176
-1.28833
-0.547829
1.14553
-1.45427
0.55988
0.385521
-0.846922
0.502357
-0.723589
-1.29534
-0.12951
0.212307
0.00122409
-0.250493
0.36515
-0.979141
0.552038
0.201089
-0.0521652
0.298758
-0.838498
0.708104
-1.01071
-0.739875
0.19571
0.823018
-0.949214
0.370423
-0.911177
1.29979
-0.801817
-0.438939
0.818785
-0.379827
1.0333
1.72142
-1.71508
0.513105
0.501519
-0.0204873
-0.548179
0.418693
0.455334
-0.14123
-1.01888
-0.0389979
-0.784673
-1.03733
-0.481251
0.00859821
1.82938
-0.305318
-1.01344
-1.87517
0.94593
1.01195
0.306315
1.33801
-1.2039
0.333259
-0.853851
-0.80734
1.26986
0.163919
1.42793
-1.46305
-0.427793
-0.424345
0.983347
-1.04386
0.339493
0.371558
0.108989
0.281521
0.528494
0.844028
-0.290856
-0.169263
-0.888282
0.493161
-0.183831
-0.177284
-0.23363
0.819353
-1.50941
-0.961864
1.54884
0.0775082
1.17538
-2.3793
0.428082
-0.66117
-0.721172
-0.0745737
0.90523
-1.08441
0.736889
0.436953
-0.857085
-0.629307
0.7507
-0.418916
1.08509
-0.0909847
-1.77907
-0.665742
1.34797
-0.216924
1.98737
-1.68671
0.806217
-0.223699
-0.113731
-1.24253
0.506729
0.320802
-0.356976
0.536128
-1.67225
-0.912249
0.821771
-0.958146
0.783475
1.86174
-1.92957
-0.117882
0.726621
0.493823
-0.354075
0.278324
-0.88732
-0.941241
-0.749443
1.2733
-0.933798
0.525021
1.91438
-0.173177
-0.455107
-0.640743
2.10083
-0.345778
1.03189
0.198871
-1.62339
-1.3501
-0.61026
-0.0114284
1.21692
-2.00368
1.86366
0.182317
2.03958
-0.0651572
0.732806
-1.42574
0.234822
0.400348
-1.17737
1.28645
0.704733
-1.19381
1.02139
0.592358
-0.946012
-0.934307
0.450776
-1.94553
0.497727
2.09556
-0.51545
-0.321966
0.233117
-0.675424
0.597008
0.595396
-0.110085
-0.457153
-0.347659
-0.00875477
-0.522813
0.434039
-0.107367
-2.05825
-1.4162
1.11946
-0.950941
0.854404
0.178554
-0.896447
0.0409397
0.21403
1.23477
0.395402
0.630837
0.872171
-0.639977
0.450681
-0.881592
-0.569535
0.793484
-0.571361
-0.330311
-0.0310745
-0.326535
0.500325
-0.188711
-0.329874
1.82996
0.111373
-0.133432
0.465775
0.0341703
-0.936552
0.487903
-0.484068
0.510161
0.0620184
-1.05962
1.64446
-0.663615
-1.8379
-0.442376
0.0516642
1.6199
-0.108215
-1.0721
1.39874
0.730953
-2.14961
0.410467
-1.26774
0.0209359
0.152835
0.648646
-0.710528
0.91774
1.4308
0.359228
-1.03345
-0.17149
-0.159026
-0.4188
0.23254
1.30318
-0.499627
-0.513721
0.946017
0.493061
0.12046
-0.24991
-0.481539
0.534841
-0.609188
-1.30788
-0.640475
0.346538
0.501579
2.06125
-0.256073
-1.21593
-1.73045
2.08529
0.0830848
-1.31992
0.855259
1.80346
1.35222
0.196095
1.65686
-2.61626
0.223632
-0.103605
0.634118
-0.389475
-1.05929
1.49822
0.111004
1.01652
1.42864
-2.36964
1.23754
0.639305
0.930054
-1.73945
-1.27096
1.56275
-0.0360747
-0.42239
0.20037
0.00122547
-0.390292
0.22013
-0.431654
-0.531301
0.568169
0.430575
-0.0788415
-0.12466
0.226965
0.632456
-0.539446
-0.712562
-1.73671
1.49423
0.288078
-1.03384
-0.900263
-0.563225
-0.633083
0.408555
-0.447042
0.622213
0.922649
-0.353207
1.25374
-0.170179
-0.377662
-0.377561
-0.472716
-0.890565
-0.321401
0.288841
1.00084
-0.54675
1.40492
-0.128471
-0.206195
0.248603
0.00309044
0.885168
0.675705
-0.92353
0.885454
0.511349
-1.03461
1.26807
-0.00152526
-0.102478
0.684962
-0.518111
0.655825
-0.922737
0.94525
-1.80714
0.815466
1.32664
0.841136
0.358689
-0.369771
0.580802
2.02467
-1.71202
-0.331864
-0.340205
-1.35286
1.23482
-1.56256
1.0722
-0.357062
0.766266
0.658982
-1.72538
0.210829
1.895
-0.766714
-0.167066
-0.944592
-0.532614
-1.12634
0.295846
1.63276
-0.174069
-0.49976
1.22087
0.00623602
-0.289007
1.10814
2.07463
-1.63618
2.01657
0.0838407
-2.95824
0.863888
-1.17621
1.44216
-0.653094
-1.27231
1.47703
-1.1619
1.30493
-0.00806028
1.89702
-0.415462
1.02739
-0.0728885
-0.508758
1.00326
-1.85332
0.468777
0.622925
-0.0891306
-0.648142
0.196087
-0.914157
0.892692
-0.512804
0.332767
-1.84868
-1.09479
0.00507532
0.552743
0.975519
0.467538
-0.441572
-1.25907
-0.0786835
-0.0926918
0.734986
-0.185372
0.336491
-0.195704
-0.767776
-0.548259
1.23519
0.0910815
1.63897
-1.0689
0.965961
-0.564491
-0.492328
-0.07392
-0.327556
1.80749
1.37572
-1.08754
0.605346
1.38843
0.17055
-1.24626
1.49039
2.03542
-0.990738
-1.54984
-0.46763
1.72288
0.677864
0.135951
-1.57971
0.861493
-0.134087
-0.561449
0.0895415
-0.977664
0.477088
-0.443928
-0.287044
0.147513
-0.858541
0.380052
-0.462041
0.332214
-0.74702
-0.00110782
-0.386052
-1.8844
0.576261
1.25195
0.612505
1.41168
-0.523342
0.58947
-1.92592
0.624818
-0.0298684
-1.11885
0.262847
-0.0139598
-0.614706
0.264492
0.978092
-0.162482
0.804243
0.353657
0.8281
-0.854306
-2.39947
0.780082
-0.065913
-0.0337538
0.407415
-1.21097
-0.907631
0.363086
-0.781162
-0.529471
-0.566376
1.66185
-0.0762539
0.418859
-0.757568
0.649105
-0.977899
0.853152
0.384428
-0.726816
0.548745
1.00955
0.375756
-1.39816
1.85669
-0.502525
-0.414511
0.147298
-0.50651
-0.420965
0.695303
0.0426191
0.0528812
-0.51341
0.500907
-0.864328
-0.892548
0.0798557
0.299577
0.765402
0.47161
-0.45955
-0.965327
1.22669
-0.298272
1.1157
0.236994
-0.427922
1.0291
0.416517
1.4341
-1.0874
-0.521998
-1.24535
-0.268018
-0.785599
-2.05401
-0.369124
1.54627
2.32404
-0.549294
-1.03411
1.27472
-0.511726
0.0196556
-1.30797
0.581415
-0.905526
0.172401
0.915725
-1.46935
-0.073174
-0.407549
1.50095
-0.644388
0.211219
0.530919
-0.178616
-0.905323
-1.07233
0.847933
0.40749
1.14623
0.752302
-0.37492
-2.30527
2.34453
0.0331361
-0.0372729
0.199536
-0.367768
1.23698
-0.278308
-1.06772
1.36896
0.0708892
0.81595
0.369024
-1.6162
0.0526591
0.887064
-1.91671
-1.06565
0.440009
1.61871
-1.33299
1.24813
-0.500356
-0.646935
-0.0798294
1.29488
-0.353742
0.0472037
0.920717
-0.87905
0.246593
1.80679
-0.327194
0.579639
-0.797127
-0.442294
0.221067
0.225026
1.435
-0.985675
-0.577727
1.30776
-1.67092
1.33397
-0.112973
0.670932
1.27737
-2.28132
0.864295
-0.035265
0.460314
-0.286988
0.827586
1.36948
-0.936214
0.369796
-1.56459
0.267823
0.00934949
0.526643
0.694394
0.684871
1.33962
-1.89891
-0.612367
0.562996
-2.04054
-0.300008
0.336367
1.22339
0.276069
0.380403
-1.31749
1.34339
-0.15215
1.41652
0.974501
-0.112944
-0.0746548
0.579839
-1.36001
1.32493
-0.634839
0.357099
-0.889443
1.22989
-1.44029
0.207893
-0.0279647
0.29001
0.242159
2.13112
-1.01049
0.4313
-0.502081
-0.0325881
-1.48427
0.139421
-0.908445
-0.153202
0.208922
1.14306
-0.146164
-0.421762
-0.103888
-0.586097
1.39216
-0.0352813
-1.06849
1.05472
0.892758
-0.463835
1.31241
-0.936311
-0.594766
-2.18092
0.232342
-1.11628
1.09834
0.224045
-0.0312621
0.0391827
0.183425
-0.465414
-0.433632
0.181734
-1.28663
-0.299931
1.42465
-1.03988
0.239404
0.472879
0.138241
-0.729098
-0.423584
-0.0261745
-0.00860689
-0.318828
-1.13062
0.885975
0.277663
2.41422
0.940388
-0.572234
-0.486758
1.83405
0.304312
-0.322477
0.448984
-1.16036
1.30271
0.0402707
-1.96292
-0.605404
-0.685537
1.01288
-1.68854
1.37674
-1.36538
-0.536829
-1.27184
1.77162
0.370834
1.66696
-0.73609
1.52757
-1.33334
1.85853
-0.605764
-0.480446
0.255126
-0.0355734
0.0125499
-0.0709078
1.79621
0.928836
0.547577
-1.67354
-0.0802953
-0.386037
-2.38284
1.34817
0.545609
-1.36741
-0.630523
1.53813
-0.732082
2.21781
-1.24457
-0.723222
-0.400177
0.0408882
0.40377
0.527205
-0.751883
-0.62713
-0.271116
-0.212199
-0.334542
-1.1539
-0.976963
-0.661966
0.936655
1.65242
-1.04471
-0.489267
0.219062
-0.413984
1.00408
0.557139
-0.567598
0.0378901
0.281327
-1.14719
0.300122
-1.26898
1.51594
-0.497908
1.4852
0.185411
-0.0581792
-2.93336
1.0864
0.195877
0.681407
0.196359
2.32531
-1.69748
-0.00394991
-0.313481
0.849944
-0.819072
1.81814
-1.12385
-0.823992
0.703384
-0.241815
0.216983
0.00108011
-0.715653
0.088837
-1.02912
0.0365124
0.963405
0.89514
-2.27974
0.662649
-1.31923
-1.00438
-1.8045
-0.126166
1.13083
2.36775
-1.76224
0.913995
-1.51109
1.02054
0.0225264
-0.633486
-0.605597
1.0404
0.870166
-0.216074
-0.451986
-0.183126
0.615588
-0.385562
1.41934
-1.23125
-1.85378
-0.741812
1.02968
1.97278
-1.54807
0.935911
-1.74843
2.44263
0.106987
0.50307
-1.64807
-0.504898
0.298939
0.043022
0.0380664
-0.368213
1.60136
-1.21624
2.29711
0.639356
-0.978699
0.442087
-0.717844
1.8537
-1.00869
0.810381
-0.561282
0.158132
-3.00074
-1.40645
-0.383404
-0.181623
0.0177499
2.70303
1.46234
-1.64582
-0.517846
-0.671856
0.81229
-0.783317
0.209011
-0.25711
-0.458369
1.17174
1.37177
-1.10358
-0.222057
0.890401
-1.37209
-0.853087
2.06343
1.97402
-0.856069
-0.401663
-0.157378
-0.905182
0.150216
0.201334
-0.184022
0.650973
-0.199212
-0.544
1.50638
-0.646373
-0.209421
-1.2567
-0.217022
-0.220558
1.44985
-0.585261
-0.874295
0.143225
0.18915
0.206833
0.30174
0.133003
1.65946
-1.11633
-1.2864
1.47768
0.0655816
-1.87463
-0.107971
-1.51923
1.20256
-1.71443
1.96514
1.96243
-1.46297
0.0251294
-0.737853
-0.651335
0.771477
0.143717
0.0756972
0.281826
0.31385
0.435946
0.668603
-0.923986
-1.07078
-0.393215
-0.745702
0.568925
0.342509
1.64267
-0.397376
-0.780031
0.756558
-0.0775978
0.84154
-1.88671
2.81915
-1.14827
-1.14418
1.48682
-1.67719
0.578408
0.735119
1.37177
1.08565
1.22933
-1.78173
0.588044
-0.0503227
-0.436202
-0.389304
-0.95914
-0.703981
-0.0214472
0.215261
1.20958
-0.928555
0.608829
-0.243583
-1.99426
0.876519
0.409629
-1.52394
0.320924
0.0183935
2.23348
0.694493
-0.26001
0.69101
0.592648
-1.36179
0.525726
-0.533853
-0.617661
0.148934
-0.318952
1.88356
-1.48036
-0.609
0.144215
2.20397
0.247688
-1.41998
1.46919
-1.40924
1.02216
-1.78994
-0.942844
1.4498
0.374529
1.07654
-1.35754
1.82653
-0.266648
-0.750143
-0.781511
1.06485
-1.11412
1.02325
0.531074
0.829145
-0.519182
-0.728284
-0.28178
0.364133
-0.158187
-1.22769
2.08222
-0.953557
0.0282679
-0.235951
-0.218676
-1.15777
0.248005
1.16719
-1.95752
-0.279592
-1.55436
0.517074
-0.639845
1.2561
1.93452
-0.459768
-0.689569
-1.40194
1.47454
1.91142
0.886811
1.31874
-1.64354
-0.0869253
1.78359
-0.908815
-1.89744
1.80376
-1.1644
1.79973
2.57759
-1.36895
0.435549
-2.29299
0.416552
-0.955056
0.876537
-0.402356
0.943515
-1.02698
0.123325
-0.636591
-0.391813
0.93415
0.812065
-0.857161
0.403193
-0.00350808
-1.52507
-1.01602
1.81549
0.0631472
-0.351162
-0.719248
0.357078
-0.73472
2.43748
-1.14519
-1.05252
0.187369
0.0598584
-0.86369
0.674899
0.19678
0.368753
0.788021
-0.00516527
1.11806
-1.08275
-1.14585
-0.582696
-0.81002
0.206521
-1.43278
0.63436
-1.86418
2.36099
-0.474755
-0.590061
0.9096
-0.108287
0.0408509
0.00966583
-0.47665
0.828515
-1.18736
2.30192
0.400741
1.10254
-1.52567
0.895073
-0.0831929
-0.645096
0.321957
0.431729
-0.68499
2.00411
-1.52603
1.49027
-2.00805
-1.51451
1.46456
-0.127638
1.24533
0.302923
0.517553
-1.01815
-0.187773
1.03092
-0.952613
0.218468
-0.846115
-1.61303
0.710146
0.796575
0.776211
0.160968
-1.54368
0.54232
0.925614
-1.45997
-0.0698511
-0.338192
0.552123
-1.11528
0.783758
0.229878
0.921906
-0.206677
-0.094918
-1.76773
1.34538
0.621732
0.118785
0.215526
2.02921
-1.06837
0.236358
-1.38845
-0.564836
1.02757
1.38094
-0.243986
1.15199
1.02631
-1.76648
0.966158
-0.0814501
-1.52993
1.21866
1.07014
0.276261
-0.865948
-0.69384
-0.816179
1.08867
-0.145484
-1.60544
-0.559215
0.988096
-0.691252
0.500859
0.0514935
-0.101517
-0.290793
0.907892
0.0455132
1.2704
1.13724
-0.59659
-1.73113
-0.678962
0.451567
0.23471
-0.683789
0.128818
1.91963
-1.44555
1.12994
0.049341
-0.238526
1.85631
1.94867
-1.64437
-0.668455
-0.861027
-0.732237
1.55699
-0.158589
1.5335
-1.07851
-0.688469
-0.635747
-1.08415
2.30155
-1.53935
-1.86841
0.495382
0.699821
0.812798
-2.01396
0.930724
-1.24997
-0.629435
-1.90143
0.598182
1.06886
1.18389
-0.635636
0.956811
1.20614
0.538679
-0.980456
2.36237
-1.2423
0.30071
-0.0945056
-0.164254
-0.75188
-0.465036
-0.423389
0.52283
-1.25539
0.727274
-0.651989
0.338577
0.258959
-1.22841
2.79269
-0.304935
-0.374144
0.323183
-0.435061
-1.20843
-0.592439
1.88494
0.347132
0.314067
-0.758605
0.230303
1.88916
-1.42659
-0.473541
-1.08107
0.0164585
1.51637
-1.80761
-0.567815
-0.594821
0.502451
-0.856586
0.539735
0.50383
-0.245303
0.611711
0.547295
0.441251
-0.448504
0.373122
0.204051
0.556757
-1.574
0.494143
0.754175
-0.500389
-1.0992
0.443894
0.437639
0.246529
-0.766834
1.9705
0.0857335
0.0774593
-0.282971
-0.0555078
-0.762078
-1.35303
0.932284
-1.25592
0.622247
-1.15503
-0.421767
-0.142921
0.82641
-0.10961
-0.336875
-0.229952
-0.252108
-0.109005
1.14682
-1.66103
-0.031466
1.0015
-1.11638
0.776341
-0.735355
-0.482537
-1.95074
0.854826
0.154532
-0.32489
0.703929
-1.9296
1.48451
-1.01814
-0.531055
-0.217584
0.107297
-1.49931
0.162631
0.189512
0.203894
1.58689
0.1877
-1.89597
1.65588
0.619039
-0.630256
0.615159
1.35095
0.52649
-0.444814
0.0229514
0.545552
-0.749698
-1.14368
-1.15673
-0.737903
0.281041
-0.614392
-0.0692719
0.805351
1.214
-0.493406
1.87965
-1.50936
-1.69713
1.69555
1.58626
-0.908216
-1.10135
0.488882
-0.0397601
0.682865
-0.533324
1.47336
-0.457225
0.000246086
0.459894
-0.997712
1.78222
-0.227506
-1.01251
2.72552
-1.22417
1.34176
-2.19837
1.4077
-0.000735254
-0.0261507
-1.12588
-0.0967414
0.675417
-0.359076
-1.22444
0.982696
1.49766
-0.7647
-0.842081
1.74745
-1.02738
-0.622706
-0.0490989
-0.265858
1.35752
0.675609
-1.33302
0.688821
0.192768
0.323812
-0.438617
-0.169465
-0.119561
-0.513916
-0.963196
0.159873
-0.461265
0.288731
-1.17336
-0.573815
-0.0169731
0.602594
0.660874
0.416963
-0.296893
-1.27554
0.224664
-0.540177
-0.349294
-0.571068
1.05259
0.832206
1.71714
0.568067
1.09543
-0.291076
-0.158519
-0.00833339
0.430111
-0.217181
0.537482
-2.63445
0.54848
2.64283
-0.672629
-1.2885
0.742853
0.559706
-1.08842
0.030636
0.561741
0.00971057
-0.709431
0.0719199
1.91264
-1.09047
-1.00546
-1.41839
0.865093
1.30211
-0.624544
0.484096
-1.58907
-0.428661
1.92825
-1.33789
1.03867
-1.71442
-1.07047
1.06619
2.03621
-1.30519
0.70337
0.620132
-2.12617
1.04578
0.69548
-0.795994
-0.0870695
-0.563551
0.830829
-0.47339
-1.81666
0.00591259
-0.56973
1.71826
-1.09497
1.77515
0.508064
-1.0041
0.254131
-0.338574
-0.587358
1.35595
0.876487
-0.777604
-0.123719
-0.102689
0.186804
-1.2422
0.177424
1.16675
0.0779007
1.71751
-0.025921
-0.602062
0.614358
0.441429
-0.928642
-0.474151
-0.460909
1.08347
-1.85347
-0.674915
1.86454
-0.00902401
-0.471315
0.682565
-0.499956
-1.27912
-0.272232
-0.68334
-0.447011
0.429502
-0.595738
0.177542
0.0970508
0.11467
-0.625145
-1.25804
0.553056
-1.23954
0.190433
-0.270071
-0.398113
0.886958
-2.9724
0.290222
0.842596
-0.17794
0.760745
0.410926
0.72459
-1.47058
-0.718591
-0.338335
1.17068
0.978469
0.0382343
-0.265786
0.0456961
-0.193005
0.144661
0.137588
1.40931
-0.148991
-0.0461429
-0.554863
0.596899
-2.61439
2.14806
-1.58281
-0.250053
0.978613
-0.997404
0.231422
0.42081
0.367287
-0.487174
0.483912
-0.627321
0.632388
0.242228
-1.96534
1.58938
-0.228471
0.218002
1.31655
-2.05918
0.759312
-0.0547244
0.186666
-1.15195
1.97416
0.345675
-1.09613
-0.231206
-0.612263
0.554309
1.48928
0.324169
0.883815
-0.647326
-0.132183
0.254716
1.61776
-1.44487
0.989853
-0.174066
1.18986
1.11685
1.19697
-2.65192
0.0798753
-0.263818
0.682719
-1.35953
-0.47552
-0.589316
0.542272
-1.08261
0.829579
-0.177853
-0.382886
0.487068
-0.265887
0.394181
1.98332
-1.38584
-0.463887
1.0592
0.345036
-0.139277
0.117413
0.331918
0.110513
-1.53302
-0.114098
0.25932
2.11938
-2.05262
-0.0573949
1.9372
0.246316
-0.753464
0.350679
-1.34566
0.0346477
0.874442
1.02365
-0.848905
0.254137
-1.02758
0.629625
0.00862233
-0.359781
0.137722
0.5663
-0.675128
0.922913
0.363225
-1.58684
2.44293
-0.584059
0.514791
-1.82354
-0.510432
0.187757
-0.550498
0.120657
1.36418
-1.51729
0.147928
0.610996
-2.61622
0.982094
1.45321
-1.8793
0.610615
-0.0306771
-0.844247
1.00235
-0.160114
1.35721
-0.590202
-0.58625
-0.216268
-2.14616
-0.712951
0.640725
-0.0135669
-0.127425
-0.23117
0.695583
-1.36219
1.74833
-0.333866
0.00105844
1.08077
-0.488553
0.401458
0.728865
-0.526787
-0.271406
-1.46084
-0.994414
0.921175
1.4769
-1.07788
0.936263
0.971512
-0.0771434
-1.00421
0.598023
1.87852
-0.793347
-0.0426223
0.848402
-0.0146387
0.0270462
1.60274
-0.165603
0.832483
-0.275291
-1.19178
-0.113388
-1.46113
0.887595
-1.14431
-0.857609
-0.299938
1.06843
-1.30193
-0.309158
0.234604
2.17288
-1.69964
1.7249
-1.90804
-1.04637
-1.83292
1.64228
0.354718
0.165928
0.84108
0.726175
-1.51236
-0.664539
0.20498
-0.834367
0.933444
-0.0576398
-0.46092
0.116393
-0.245251
-2.12709
1.08113
1.28702
0.671512
0.944557
-0.439082
-0.519235
1.38263
-0.904149
-1.08246
-0.35241
0.425686
-0.465932
0.479657
0.292132
0.139471
0.578614
0.198251
-0.866066
-0.642245
0.498573
0.502706
0.370056
-0.561058
-1.10245
1.24014
1.12239
-0.369557
1.22389
-0.879123
0.550661
0.782463
0.0199775
-0.237864
-0.907518
0.658884
-0.36678
-1.19443
-0.292376
-0.0671869
0.151853
-1.3414
2.25178
-1.61762
1.12113
0.111948
0.485914
1.31022
0.00726745
-1.02243
0.907085
-2.37888
1.02051
-1.20566
-0.271844
0.271273
-0.679506
0.160472
-2.45502
1.30988
-0.969438
-0.591474
0.622145
1.73262
-0.448596
1.00305
0.391036
-0.927303
-0.107118
0.921002
0.927853
-0.401278
-1.651
-0.646349
-0.221143
-0.941698
0.437421
1.44135
-0.144887
0.70731
0.834163
0.639208
-1.77541
-1.04444
1.41149
0.331417
-0.396167
-0.529567
-0.0149474
0.0341503
1.89941
-0.591118
-2.21759
0.534098
-1.14004
1.19898
0.23718
-0.941748
0.420122
0.10733
0.154634
-2.59056
0.0283499
-2.2206
0.734513
2.40735
1.2401
0.0850291
-0.450879
-0.550414
0.846429
0.731634
-2.22975
1.11529
-0.648308
-1.06048
1.27442
-1.2047
1.31698
0.673107
0.956617
1.28909
-0.498297
-0.77229
0.189511
-1.39694
-0.120198
1.14042
-0.297147
-0.657823
1.08383
0.623836
-1.29516
0.684483
0.592929
-1.60494
-0.981874
-0.12951
-0.297661
-0.0782419
-0.166697
0.0718683
-0.582372
1.31823
1.1915
0.614649
-1.553
-0.363305
-0.622869
-0.134534
-0.318422
-0.341522
0.62526
-0.57397
1.35974
-1.29668
0.387168
0.965722
0.254322
-0.147918
0.151709
0.553071
1.33323
-0.63161
-0.464607
0.788833
0.979274
0.329208
-0.864672
1.93813
-0.690971
0.556214
0.539484
-0.133008
0.588198
-0.93253
0.311497
1.32416
0.132371
-0.952791
1.07564
0.386618
-0.136249
-0.707158
1.72646
-0.921292
-0.598283
0.252629
1.3069
0.141698
0.20289
-0.504168
0.33947
-1.01513
-1.46386
0.431386
1.3073
0.181731
-0.995558
1.57861
-0.306299
0.372853
0.942779
-0.750063
-0.987845
0.670952
-1.04213
-0.445261
-0.883353
2.6466
1.12541
-1.2535
-0.824626
-0.698953
1.52261
0.727559
-0.203547
-1.73033
-0.314521
-0.429207
1.31548
-0.762797
0.282825
-0.887065
-1.14371
0.836445
-1.05499
1.7221
0.1472
-0.691866
0.167462
1.09287
-1.03307
0.0704816
-1.66691
0.540274
-0.534914
-0.240784
-1.77585
1.27781
1.06345
0.108155
-0.917419
1.14495
0.650833
-0.402349
-0.553281
0.579157
1.09873
0.680004
-0.732623
0.634715
-2.17583
0.571379
0.373528
-0.542998
-0.73699
-0.762408
1.49733
-0.502282
-1.94331
0.672533
-1.74136
0.375622
-0.911819
-0.53974
1.87685
-0.759662
-0.990205
0.76561
1.00673
-0.251597
-0.223136
0.231312
-0.747789
-0.919446
-0.373541
0.940029
