-0.973362
0.795301
-1.56015
0.0521878
-0.838586
-1.39933
0.862063
0.159002
1.47234
0.716295
-1.09531
0.731341
0.866812
-0.242705
-0.620628
-0.671668
-1.62978
1.56215
0.769816
-0.101552
1.35185
1.26928
0.455242
0.374439
-0.326827
-0.550719
1.67019
-1.30614
-0.036844
0.876928
0.659635
0.221077
0.35661
2.324
-1.84052
-0.442036
-1.26086
-1.23002
0.680458
0.265019
-0.631762
-0.536673
-0.347876
-0.202679
-1.25365
-1.95955
1.18052
1.34811
-0.492702
0.81793
0.897761
1.12884
-0.440417
-0.659097
-0.665599
1.32582
-0.525208
-2.07259
3.1118
-0.513265
2.61656
0.0201744
-0.734752
0.119059
-0.197108
-1.60153
-0.31341
-1.15749
0.105901
-0.917894
0.663504
0.658765
-1.01669
-1.8352
0.117514
-0.676611
-1.73577
-1.57541
0.524918
-0.656277
0.859964
-0.414206
-0.221711
0.904767
0.0193338
0.585937
-0.284009
-1.04153
-1.77621
0.0972342
-0.808474
1.36102
0.38532
0.926134
-0.742927
0.701537
0.422433
-0.171977
-1.48079
-2.1649
-0.237162
-0.473186
-1.27154
-0.917466
0.434466
-0.346801
1.55711
-0.282324
-0.646379
1.9377
-0.437983
-0.422712
-0.582232
-1.52313
1.32374
0.477727
1.30195
-0.94872
-1.17747
-0.926628
1.65203
-0.688864
0.616344
-0.773713
-0.436449
0.284595
1.20426
-0.275063
-0.696604
-0.559618
0.351263
0.194161
-1.06833
0.765422
-0.272315
-0.39954
-1.15149
-0.179453
1.33857
1.08376
0.689818
0.0694468
-1.29938
-1.78225
0.783007
0.909797
0.244322
-0.914267
1.55852
-0.316919
0.606913
-0.123776
-0.329203
-0.57623
1.06935
-0.677241
-0.836234
1.07641
0.00496838
-1.77011
0.932505
-0.797552
0.188793
-2.21031
-0.209787
2.65677
1.37945
0.272463
0.125596
-1.06747
0.780631
2.056
1.00673
-0.708548
0.575815
-0.506937
-0.320015
-0.465915
0.937948
-2.0164
0.448078
1.02897
-0.481796
-1.43441
0.962616
-0.773475
0.40511
0.986267
-0.146223
-1.61302
1.22393
-0.931361
-0.357363
-0.202982
0.487302
-0.938587
1.97748
-0.302299
-1.08858
-0.368612
-1.06793
-0.559933
-0.281504
0.465023
0.37244
0.8706
0.152674
-0.28796
-0.0551015
0.355757
0.687712
-0.0655343
-0.385343
-0.398174
0.243891
-0.505305
-0.0074343
-0.834304
-0.486572
0.107352
-0.310008
-2.03446
-1.29021
0.4618
0.120465
-0.539277
-0.659256
0.851122
-1.562
-0.368257
-1.91838
2.15389
0.377091
0.567732
0.318839
-0.114423
0.676529
0.562222
0.251929
-2.99714
-1.45177
-1.29015
-0.734833
0.652
-0.155924
-1.88621
1.57505
0.404176
1.0676
1.18109
-2.19496
1.38906
-0.677036
0.0081778
-0.35441
0.744482
-0.0807943
-0.885799
-0.519051
1.34092
-0.419518
0.847029
0.690803
-0.410914
0.526653
0.999989
0.597006
-0.256122
-1.96094
-0.140987
-0.926348
-3.93131
-1.30943
-0.543921
1.46778
1.0724
-0.145157
1.18481
-0.408225
-0.683064
1.27653
-0.448645
-0.910066
-1.44542
-0.928591
-0.762668
-0.744877
-0.394138
-0.856989
0.839614
0.0845341
-1.15892
-0.840284
0.112737
2.99215
1.56663
1.24857
1.06182
-0.845471
1.16638
-1.25075
-0.248251
1.06339
-1.43791
1.9452
1.94925
-0.880188
-0.352416
-0.72928
0.28949
-0.399971
0.0655063
-1.54715
0.959272
0.474922
0.314534
-0.801201
-0.736343
0.00756855
-0.322336
-0.141772
1.00883
-0.172587
-0.354513
0.650929
-1.06556
0.303515
-0.216748
-0.665507
-1.3951
0.693479
2.02147
0.478506
0.268232
-1.27267
-0.394361
-0.0353625
1.68244
1.29101
-0.62699
-1.18096
1.63759
0.215812
-0.546746
-0.738858
0.30883
-0.076274
0.719127
0.315271
0.289194
2.48098
0.812599
-0.530893
-0.0865491
0.38239
-1.42761
-0.207806
0.390431
0.839106
1.17716
1.32996
-0.798252
0.530178
0.623446
0.70511
0.0586423
0.706479
0.15173
-0.514362
-0.725798
-0.6326
-0.880313
-2.20265
0.309316
1.56213
-0.104616
-0.365392
0.0769472
0.723952
-1.73717
0.593688
0.0546495
-0.738144
-1.18646
-0.827803
-1.5373
-0.0588786
0.800141
-0.314977
1.00328
1.64219
-1.31089
-0.750662
0.207763
1.20214
-1.30997
-0.110277
0.0751952
0.441932
0.0543508
0.459055
-2.1827
1.23194
0.711695
-1.576
0.0174602
1.10904
1.04874
2.43407
0.929681
-0.340203
1.40451
-0.345655
-0.300278
0.435453
-0.6702
-0.461763
1.09597
-1.2721
1.02927
-0.147285
-0.993148
1.66208
-1.37273
-1.86554
-0.19342
-0.407426
0.953869
0.559961
-0.457537
-0.966015
-0.462781
0.269228
-2.09973
0.0630187
-1.71204
-0.363683
0.62314
-0.475543
0.803756
-1.09247
-0.462401
-0.480616
-0.256799
-0.344716
0.083589
2.40397
-1.06157
-0.657351
1.43853
-1.49846
0.126053
-1.57433
1.8966
0.867564
1.62614
-1.16745
0.84077
0.156048
-0.149188
-0.510336
0.290992
2.67943
-1.2788
1.52104
1.35792
1.66601
-1.19612
0.584771
-1.88744
0.110607
0.406553
1.48684
1.20185
1.14669
-0.0717844
0.887588
-0.175422
-0.943233
0.495241
0.445009
-2.28836
1.47672
1.48116
-0.8397
0.580392
0.265172
-0.306347
1.49937
1.05248
0.470358
-1.17112
0.90786
-2.08319
-0.324142
0.493327
-0.299448
-1.45276
1.27088
0.442166
-0.053254
-0.715267
-1.3556
-1.32375
-0.745891
-0.748287
-1.05769
1.40216
0.966745
-1.1758
1.41229
-0.993802
1.22507
-0.444925
1.30421
-0.0878832
-1.80417
-1.07502
0.59649
-0.619445
-0.772689
-0.492606
-0.0903449
0.362953
1.24353
-1.16505
-1.68369
-1.09712
0.0595192
0.319221
-0.395139
-0.41913
-1.47212
-0.435665
0.783399
0.705833
1.25994
0.498368
1.731
-1.37802
0.0821222
-0.367134
-0.871719
-1.14018
1.37906
-0.317833
0.573607
0.433831
-0.0347883
-1.40031
-0.826488
0.535748
-0.431509
0.464632
0.450386
-0.5364
0.0561566
0.397112
0.0158786
-0.952713
-0.0351668
1.0259
0.0481426
0.149066
-0.65185
0.100781
0.736728
-1.04481
1.86409
0.0996351
-0.339533
2.11432
-0.516574
0.293182
0.1817
1.46899
0.432337
-0.424189
-0.398886
0.272674
-0.440903
1.41532
0.026138
0.161669
0.846901
1.64856
-0.471725
0.823126
-0.594892
-0.633722
0.667097
1.33987
-0.475636
-3.30166
1.38679
-0.151906
1.18107
0.182144
1.27963
0.281491
-0.0641849
-0.805563
0.77032
-0.419688
0.342967
2.81764
-1.29059
0.764117
1.92792
0.00784564
0.578586
1.05114
1.01435
0.699719
0.704757
-1.42234
-0.478109
1.21282
0.57508
-0.430886
-1.0608
-1.55418
-0.427315
1.04028
-1.337
-0.00832757
1.11366
-0.164887
-0.107651
-0.319547
-0.209023
-0.114306
-1.29427
-0.379066
-0.778926
-0.2418
-0.48239
-1.62701
0.841378
-0.603222
1.82539
-0.508814
0.765147
2.01537
0.519898
-0.136028
-0.509582
-0.370556
-0.435443
-0.494494
-2.211
-1.23324
0.187122
-0.341433
-0.897111
-0.559061
0.916501
0.958715
1.37075
0.574675
0.508933
0.116398
-0.743428
-0.0299031
2.29741
-0.800743
-0.17625
0.220874
0.123855
0.068846
-0.779997
-1.94921
1.49793
0.108144
1.43525
1.02928
0.413439
-0.535329
0.505843
-0.584467
-1.84862
-0.822133
0.886186
-0.243243
-0.0477141
-1.62989
-0.862418
1.0278
1.90725
-0.236893
0.955788
0.268287
-0.103837
0.671126
-1.21646
0.00325288
-0.0942728
0.633021
-0.588902
-1.47685
0.588592
1.43778
-1.62106
0.115037
-0.758395
-2.1324
0.273799
1.03138
0.831553
-0.947775
0.667528
0.666966
0.0996324
0.605075
-1.07593
-0.0185913
0.121224
0.323143
-0.774335
-0.336941
0.282739
-0.703327
-2.12306
0.895989
1.20082
0.725256
-0.992127
-0.383131
-0.652716
0.817969
0.393356
1.15301
0.04855
-0.574479
1.22526
-0.647612
0.558358
0.544767
-1.03983
2.38353
-1.29325
-1.28705
-2.21456
-0.0775505
0.16232
-1.73784
-1.14109
-0.971437
-2.06361
-0.183654
0.570486
-1.21468
-0.979519
-1.19138
1.5831
-0.365628
-0.00162519
-1.01948
1.44432
1.32683
-0.953739
-0.281818
-1.35722
-0.0563436
0.139801
-1.07927
0.862408
0.270339
0.162107
-0.484277
0.890891
-0.702093
-0.227442
-1.37252
0.677411
0.16621
1.44427
0.241395
-1.6329
-0.645131
-0.97579
-1.19927
0.0583481
-0.540961
0.107098
-0.505445
-1.28876
-0.812261
0.171511
0.554763
-1.65686
-1.6607
2.4863
0.484072
1.25264
0.701401
-1.22406
1.00337
-1.82674
-0.281948
-0.446919
0.749209
0.7857
-1.18674
-0.473132
0.743999
0.365524
-1.52077
1.16811
0.612567
-0.959168
2.20044
-1.47192
1.41969
0.208384
-0.466831
-1.70746
0.232769
1.14923
0.209656
-2.10051
0.447495
-0.327847
0.794071
-0.7125
-1.19975
0.755672
-0.527197
0.31113
0.322164
0.568179
-0.266259
-0.175975
-0.371959
-0.942561
-0.171027
0.233746
-1.43675
0.421447
0.154288
0.913544
1.54104
-0.732213
-1.10466
1.37769
2.02464
-1.02292
-0.904323
-0.476109
-0.272236
0.496825
-1.1716
0.93923
0.283538
1.47555
-1.23332
0.286207
-1.35258
-1.55315
0.232707
-0.373373
-0.035493
-1.75272
-0.15239
0.378363
0.419081
-0.0313097
0.754339
-1.07781
0.0668732
-0.66063
-0.339102
0.298647
-0.815125
0.322218
0.100611
1.09515
1.46308
-0.108994
1.74821
-1.43308
-1.10592
-0.937614
1.92171
-0.332024
-1.17055
-0.619249
-0.198648
-0.533723
0.615941
-0.70986
-1.15195
0.653402
0.333424
1.4436
0.219889
0.133944
0.141081
-1.40515
-0.924159
0.755738
0.61981
0.0697739
-1.32484
1.27819
-1.26359
0.234117
-0.256126
0.279802
-1.48179
0.037884
-0.769255
-0.236243
0.917428
1.76458
1.35962
1.25547
-0.906376
-0.35737
0.107349
-0.769069
-0.933249
0.35463
-1.28725
-1.9093
-0.679465
-1.79601
-1.73546
-0.728918
0.0648607
-1.26373
0.769376
3.09507
0.986855
-1.11721
0.864865
1.42171
-1.32156
0.118388
-1.43114
1.12784
0.989336
-0.0924229
0.703212
-0.463987
-0.562131
-1.24663
-0.163607
-0.470722
-0.793612
0.523309
0.751746
0.152047
-0.198689
-0.777111
0.22409
1.02672
1.97031
-0.308808
0.131248
0.654669
0.37275
0.674692
1.92439
-3.31686
-0.698626
1.90037
2.02126
1.41206
-0.392916
-0.39337
1.72404
0.539811
-0.0305636
1.47114
0.424047
0.886041
-0.0730136
0.841156
1.95517
0.836978
0.908031
0.773901
-0.217788
-0.30423
-0.415006
0.43304
-0.145948
-0.202558
-2.87806
0.470497
0.0651697
-0.805196
-0.49593
-0.479894
0.534763
-0.879849
-0.0723253
1.21417
-0.617473
0.522341
0.988088
-1.41801
-0.601017
-0.10615
-0.902905
-0.734686
-0.287318
0.226739
-0.337852
-1.65288
-1.88339
0.102418
0.111113
-1.7678
0.617078
1.01132
0.0816993
-0.952325
1.08666
-1.80335
0.529487
0.714548
-0.434751
-0.201956
-0.226038
-0.0816394
-0.781492
-1.03639
0.356492
-0.648521
-0.83005
1.48611
-0.079467
-2.24863
-1.44644
0.201066
-0.199333
-2.0512
0.17407
0.356263
-1.25168
0.902004
-1.01145
-2.18766
1.66182
-0.113243
-0.790796
1.4806
1.46991
1.7609
-0.168499
0.11825
0.104899
-0.241225
0.623501
0.58276
-2.92037
0.313018
0.258952
-0.799546
0.973993
-0.98499
-1.32715
-0.764635
-0.512654
1.71317
0.980422
1.70805
0.203845
0.931202
-0.553304
0.419183
0.501286
-0.716949
-0.258432
-0.834577
1.79429
0.372009
0.877975
0.601072
-0.133255
1.26864
-0.64906
0.523474
0.0919496
-0.798521
0.90765
0.896115
0.209414
0.0970907
-0.75012
-1.45368
-1.43289
1.12122
0.102336
0.725324
-0.924276
1.05033
-1.18952
-0.100365
0.504226
-0.653505
0.444546
-2.13127
1.1887
-1.53623
-1.17234
-0.441841
0.402156
-0.710486
0.647668
0.00665637
0.724565
-0.910436
-0.798476
-1.71105
0.349212
0.322101
0.314354
-0.577972
-0.224949
0.267529
-0.357243
0.609111
-0.14872
-1.41194
0.716612
-0.494156
0.503497
1.59671
1.08151
2.11208
-1.16245
0.289524
0.091018
0.160172
-0.332971
0.0844619
-0.169248
2.18756
-0.671932
-0.16558
0.154685
0.0127876
-1.99849
0.726728
0.980242
0.508724
0.454928
-0.0491742
-0.61428
-0.785995
0.270506
-1.79864
-0.368809
-1.62264
-0.808391
0.42968
-0.978952
0.0025185
-0.662074
-0.897215
-1.08942
0.0566662
0.399873
-1.00441
1.47075
-1.30893
-0.317136
0.478617
-1.21991
-0.215541
-0.570227
-2.04225
1.49133
-0.16629
2.57431
-1.7988
0.110968
-1.31128
-0.325295
-0.367137
-0.0703222
-0.293246
-0.0979836
-0.862241
-0.122409
-0.344286
0.208107
-0.218705
-0.427415
0.389175
-0.156663
0.0256113
0.0212461
-0.228958
-0.682052
0.362281
-0.980771
-0.697897
0.956649
-0.0852071
-0.709921
1.36705
-0.123223
0.139643
0.797683
-0.578251
-0.239831
0.517909
0.337928
1.52309
0.0484859
-1.78578
1.15365
0.316121
2.55401
0.951585
0.132093
-1.55709
-0.0543411
0.587224
0.294266
-0.160397
0.364975
-0.197531
-1.75725
0.563576
-0.675603
-0.270333
1.17103
-0.648158
-0.190574
0.402935
-1.00442
-0.332953
-0.438908
0.0498972
-0.507925
-0.379558
-0.954693
0.745208
-0.590268
-0.819408
-3.1886
-0.553773
-2.50137
-0.0802565
-0.214318
-0.170388
1.47266
0.468787
-0.00660671
0.477051
-0.641824
0.376959
1.78572
0.508638
0.104841
1.23945
-0.427475
-0.0414171
-0.987998
-0.320291
-0.273224
-0.00540311
1.23482
0.0002349
1.61287
-0.732187
0.0569452
0.799184
-0.715492
0.664255
0.514347
2.42817
0.676492
-1.06563
0.968934
-1.36726
0.97128
0.682367
-0.350443
0.570638
0.892717
-0.810754
-0.515563
0.215689
-0.409367
-1.25399
0.0341971
0.160208
-0.550182
1.16263
1.0353
-1.43462
-0.994966
2.16828
0.31358
0.477439
1.25297
-0.8886
-1.0557
-0.482368
-2.7441
0.790319
1.55664
2.86537
-0.741021
-0.286756
0.22021
1.12055
0.348025
-0.531689
0.425889
-0.620547
-0.685269
-0.602109
0.497796
0.44023
0.78561
-0.592058
-0.759685
-1.51908
0.10972
-0.530181
-0.703907
-0.539811
-1.38977
0.216881
-0.48393
0.73766
1.09664
0.144874
-0.52686
-0.39799
0.875471
-0.639623
-0.0323519
1.1102
-1.36287
-0.655312
-0.85594
-0.0197084
1.24164
-0.386216
0.612449
0.740876
1.16139
2.32307
-1.14307
0.0506848
0.758072
1.42585
2.12566
-1.23525
-0.884228
0.387949
0.0675931
-1.5516
0.377548
0.426133
0.62763
-0.927488
0.0244136
0.0742299
2.19602
1.21433
0.810026
-0.107786
-0.609961
-0.714766
0.381284
-1.36006
-2.76326
-0.33747
1.03765
-0.385158
0.929399
1.8713
0.529301
0.669778
-0.0500713
-1.48751
0.188989
-0.158943
-0.47552
-0.734884
0.398475
-2.59575
1.07002
0.174854
0.349548
-0.0815843
0.0870795
-0.233582
0.348533
-0.0987604
-0.330601
0.260156
-0.238293
-0.24376
0.558947
0.798254
0.454404
-0.801498
0.0829678
1.26832
-0.168956
0.905245
-1.03218
0.485086
1.45441
-0.574426
-1.25372
-0.402162
0.159466
-1.31233
-2.27195
0.760341
-0.270507
-2.27057
-0.324504
-0.428582
-1.11077
0.951362
-0.179328
1.40373
0.101075
-0.116595
-1.02748
1.68341
1.4052
0.682381
-0.611072
-0.196003
0.536993
-0.0702461
1.43182
0.0714016
-0.247906
0.0795854
0.222054
-0.413376
-0.974651
-0.460502
1.15789
-0.0127313
-0.250375
1.02497
0.719696
-0.652972
-0.424593
-1.34328
0.713354
-0.305852
0.202802
-0.672187
-0.630398
0.544139
-0.847955
-1.72103
-0.288486
0.644199
1.00007
1.75618
0.34986
0.695387
-1.02904
-0.12471
1.26738
-2.01517
0.843186
1.37986
1.51097
-2.08105
-1.26043
-0.5509
-0.347797
1.19772
0.621835
1.20271
-0.00256586
-2.83744
0.359144
0.698568
1.17303
-0.237035
-0.83343
0.809506
1.32722
0.00385235
-0.237493
-0.468414
-0.262069
-0.311791
-0.197671
-0.828144
0.101665
-0.603639
1.25383
0.0483686
0.415788
1.31758
-1.9424
-0.233233
-1.17583
0.32724
0.619793
-0.576791
-0.829088
-2.25839
-0.226437
0.724588
1.17093
0.0916738
1.49358
-0.566037
0.815448
0.299529
1.14735
-0.391115
1.07158
0.279927
0.457193
-0.446134
0.0231644
2.12127
1.01205
-1.58378
0.0106352
-0.0814309
-0.13183
-1.98183
1.05273
0.085435
-0.677204
1.59905
1.53974
-0.658519
0.966544
0.690657
0.228989
0.4452
-1.49183
-0.437144
1.36752
0.595227
0.753752
0.950809
0.987914
0.942651
-0.602806
0.617796
-0.474945
0.27256
0.767891
-0.534025
0.156955
-0.618018
-0.966737
1.49553
1.57754
0.753662
-0.627939
1.16713
-0.337377
1.23765
0.664791
0.0347918
1.32495
-1.73882
-0.00811268
-1.66983
-0.0936115
-0.059105
0.320081
-0.0648085
0.164518
-0.16497
-0.527637
0.274719
2.2877
0.0604155
-0.325833
-0.387
0.710873
0.316785
0.268427
1.26396
-0.325905
-0.0623218
-0.179885
0.106781
-0.718281
0.482839
-0.430134
-0.246937
0.32081
-1.25025
-0.696559
-1.50189
-0.488776
-0.390457
1.14448
1.82698
-0.479895
0.0909257
-0.834053
0.0559162
0.486986
0.873988
1.02702
-1.68777
0.579361
-2.03258
-0.682852
-1.00508
-0.0274142
0.845469
-0.259072
-1.98696
-1.4859
-0.0812986
-0.964817
-1.08836
1.68031
0.221835
0.14471
0.743703
-0.456674
0.841391
0.630446
0.275664
0.478344
-0.835883
0.0402811
1.57091
0.510405
0.577803
-0.08117
0.606466
1.73577
-0.0307284
-0.141913
0.667142
0.497482
0.44985
-0.830891
-1.92306
-0.213325
-0.403963
0.849146
0.919087
0.200437
0.554246
0.353993
0.161128
1.54901
0.00812106
-0.508511
0.241717
-0.146406
0.892422
1.29201
1.66783
0.195579
-0.369374
1.76631
-0.548499
1.21104
1.48194
0.103338
1.71049
-1.65985
1.57745
0.446991
1.37467
0.117969
1.14793
-0.803585
0.0721875
-0.295696
-0.806451
0.220445
0.539263
-0.0286728
1.67094
-0.529669
-0.451817
-0.832785
-1.19399
-1.57128
2.1158
0.0108535
-2.19762
0.41398
-0.143524
0.513233
1.1503
-0.339839
0.035293
1.56808
-0.768649
-0.356637
-1.5288
-0.0758417
1.14131
0.307843
-1.01046
-0.244443
-0.055921
-0.598199
2.53513
1.37113
1.09013
-0.992228
-0.857331
-0.183593
0.674047
0.0549425
-0.422603
-0.189266
0.747468
1.93943
-0.189751
1.00667
-1.25318
0.362704
-0.402605
-1.26453
1.04819
1.19512
-0.199093
-0.985108
-0.55833
-0.703353
0.794506
1.04822
1.80432
0.0858412
-1.40513
-0.627211
-0.353198
-1.39767
0.95064
0.751508
0.86161
-0.579716
0.513618
1.19946
-1.20152
0.308938
0.322058
0.804657
0.741821
-0.0825329
0.466654
-0.505973
-0.658673
-0.624087
-1.20455
0.931309
-0.180652
-1.8601
-0.362316
0.492747
-0.856625
2.20933
-1.02151
1.16447
-2.18554
0.0184929
0.289986
-0.726262
0.222963
1.71555
0.196069
0.181416
1.75206
0.215712
1.30858
0.0950689
-1.45228
-1.8659
-1.52903
-1.2043
-0.769325
-1.08191
-0.0354651
-0.33279
-0.19584
-0.459401
-1.68118
0.153653
-0.371721
-0.615371
-0.270003
1.50381
1.10415
1.29548
-0.385274
-0.069348
1.29133
1.8417
0.356077
-0.996209
-1.27075
-0.810175
0.893274
-1.4249
0.404462
-0.532105
0.301703
-1.26158
-0.616413
0.272853
1.23803
1.76872
0.336543
-0.740468
1.02286
-0.851209
1.26038
-0.365058
0.0146296
-0.410899
0.74925
2.23038
0.889018
-0.20056
0.752163
0.617815
-1.55836
-0.777481
-0.503578
0.485604
-1.83733
-0.885977
0.794746
0.683822
-1.41577
2.03904
0.189801
-1.30259
1.28643
-0.234845
0.455313
0.721608
0.941859
-0.670717
-1.4273
-0.221108
2.01815
-0.626453
1.56171
-0.425186
0.769158
-0.0972442
0.269488
-1.30208
0.627716
1.83959
2.53678
-0.21115
-0.977984
0.635273
-1.10031
1.48732
0.0820419
-0.991454
1.90332
0.6421
-0.233278
0.701529
0.530048
-1.39311
-0.710567
-0.0279029
-0.0874712
-0.151448
0.67814
0.387528
-1.97753
1.08019
-0.49045
0.22886
-2.23101
-0.085076
0.271492
0.434166
0.932816
-0.486954
0.546951
1.79635
-0.0660016
1.05745
-1.39823
1.11081
0.153024
1.87966
0.226337
-1.28164
-1.3602
-1.59363
0.131707
0.0915303
-0.90721
-0.689762
1.07839
-0.549452
-0.524747
0.338549
0.154854
-0.123683
0.623943
-0.127315
1.90211
0.710568
1.57023
-2.33053
1.68184
0.365395
-1.25118
1.5789
1.33733
-0.795154
-0.485004
0.759175
-0.673558
0.0757448
0.165751
-0.0542019
1.45778
-0.220443
0.62489
0.641068
1.61921
-0.718451
-1.39315
-0.876714
0.482224
-0.390458
1.51534
0.189388
-0.291613
0.248225
1.17376
-0.730648
1.81279
-1.83068
-0.277099
-0.723921
-0.790239
1.45899
0.796951
1.27179
0.307666
0.880746
0.383044
-0.417865
-0.843797
1.77982
-1.09168
-1.47763
2.33016
0.118596
-0.744225
-0.824628
2.16681
2.20229
-1.32594
0.297866
-1.71089
-0.70289
-0.879953
1.43733
0.711284
1.09988
0.275655
-0.0468023
0.265333
-0.531106
-0.645556
-1.00299
-0.416308
0.728643
0.101966
0.102655
1.00278
-0.800265
0.140317
0.0852474
1.31769
0.147348
-0.0291673
-0.322772
-1.24351
2.00168
0.265714
2.03035
0.891348
-0.445868
0.863265
0.228639
-1.06425
-0.0675013
-0.444778
2.40232
1.94467
1.52451
-0.55048
0.677925
0.0422385
0.831057
-0.574873
-1.48452
0.118291
0.268883
0.163234
0.117762
0.322208
-1.02579
-1.20643
-2.09142
-0.191564
-0.974761
1.54758
0.380077
0.138778
-0.276725
-0.836193
0.848982
0.150421
-0.365076
-1.40213
1.86521
-1.08955
-1.57405
0.252247
0.664728
-1.84822
0.64444
-0.491337
-0.625021
-0.28012
-1.64602
