-1.67481
-1.66682
-1.64767
-1.63496
-1.62015
-1.59118
-1.59337
-1.58459
-1.58073
-1.59161
-1.58425
-1.58487
-1.58362
-1.5769
-1.57147
-1.55375
-1.5414
-1.55457
-1.56403
-1.56531
-1.56783
-1.57721
-1.56793
-1.58124
-1.60938
-1.63361
-1.66178
-1.67684
-1.66358
-1.63139
-1.60652
-1.59783
-1.5959
-1.58111
-1.56105
-1.54025
-1.53321
-1.51254
-1.53161
-1.54314
-1.54482
-1.56434
-1.57718
-1.57285
-1.55885
-1.54509
-1.54359
-1.52721
-1.47106
-1.42668
-1.42537
-1.39491
-1.35046
-1.32684
-1.30599
-1.31985
-1.33307
-1.30848
-1.29435
-1.283
-1.27272
-1.25758
-1.25064
-1.24345
-1.22241
-1.19606
-1.18664
-1.18906
-1.20258
-1.1905
-1.16716
-1.16684
-1.16182
-1.16751
-1.14806
-1.12766
-1.10968
-1.09128
-1.06233
-1.04181
-1.04596
-1.03894
-1.00786
-0.979761
-0.950668
-0.938551
-0.94413
-0.918267
-0.899399
-0.896082
-0.91729
-0.920799
-0.929064
-0.932913
-0.932439
-0.911151
-0.888001
-0.858899
-0.834044
-0.81528
-0.789412
-0.785416
-0.76368
-0.733681
-0.712279
-0.696629
-0.683402
-0.674774
-0.657629
-0.635467
-0.608389
-0.597256
-0.586371
-0.549539
-0.507551
-0.466007
-0.448527
-0.432742
-0.410398
-0.384779
-0.363743
-0.335611
-0.326774
-0.310161
-0.283477
-0.266065
-0.241074
-0.214549
-0.198454
-0.181407
-0.15651
-0.153741
-0.134277
-0.156758
-0.164777
-0.176819
-0.188065
-0.180881
-0.154773
-0.108472
-0.0885313
-0.0668563
-0.0443784
-0.0366358
-0.023074
0.00246212
0.0310113
0.0350206
0.0350014
0.0422766
0.0320176
0.0453503
0.055403
0.051497
0.0408643
0.0350669
0.00929842
0.0113475
0.0267625
0.0320108
0.0148963
0.0200982
0.030265
0.00494526
0.000870247
-0.00193047
-0.0104856
-0.0196838
-0.0212739
-0.0291174
-0.0348447
-0.046339
-0.0379162
-0.0249743
-0.00760667
0.00186582
0.0134237
0.0272067
0.00270577
0.005668
0.00145972
0.01243
0.0240025
0.00732376
-0.0126454
-0.0289171
-0.0367544
-0.00895598
0.0183001
0.027469
0.0134456
0.0194571
0.0309452
0.0249435
0.0238105
0.00708346
0.0203674
0.0565882
0.0418753
0.00765604
-0.00545751
-0.0243709
-0.0289206
-0.0380421
-0.0475036
-0.0448069
-0.0223886
0.00239107
0.0156015
0.0338988
0.0340968
0.0590018
0.0938647
0.135233
0.161869
0.17623
0.188999
0.222224
0.227284
0.245396
0.256296
0.250302
0.237713
0.247248
0.271617
0.294053
0.32574
0.32196
0.32945
0.345951
0.364124
0.369438
0.365047
0.384825
0.404298
0.410939
0.39802
0.399249
0.403662
0.435567
0.418268
0.418482
0.456378
0.487046
0.518971
0.54488
0.560557
0.58455
0.606292
0.604159
0.609897
0.618253
0.641531
0.64761
0.661601
0.667306
0.691711
0.724786
0.737828
0.735711
0.779805
0.789105
0.789399
0.800129
0.838495
0.867918
0.913898
0.939224
0.991545
0.99273
1.0145
1.02714
1.02083
1.00552
1.03037
1.05195
1.05805
1.05319
1.04137
1.05436
1.05713
1.0637
1.07328
1.06578
1.07998
1.07561
1.04545
1.06686
1.04513
1.04879
1.0729
1.10444
1.11369
1.13045
1.11861
1.12
1.14653
1.15152
1.14678
1.14511
1.16454
1.17573
1.17922
1.18441
1.17363
1.17287
1.17794
1.16753
1.15875
1.16847
1.16177
1.15598
1.18362
1.18015
1.1728
1.18555
1.19097
1.19975
1.18856
1.17694
1.18216
1.19864
1.22006
1.22587
1.22612
1.2061
1.2136
1.24956
1.25821
1.26327
1.28775
1.30155
1.31828
1.30723
1.31501
1.31046
1.32395
1.34063
1.3341
1.33606
1.32732
1.30076
1.2829
1.2859
1.29142
1.2946
1.32903
1.33852
1.32741
1.33503
1.33589
1.34868
1.36608
1.39072
1.41005
1.42976
1.44241
1.45178
1.44228
1.44841
1.45638
1.45073
1.45657
1.45645
1.43681
1.44714
1.43787
1.43837
1.45025
1.4357
1.42194
1.4136
1.44109
1.44897
1.45129
1.44885
1.45628
1.45625
1.47051
1.50663
1.52749
1.52726
1.53693
1.53665
1.53137
1.52812
1.51771
1.50242
1.51959
1.52314
1.50822
1.52216
1.53962
1.54078
1.55799
1.55606
1.56643
1.59393
1.61605
1.64392
1.65506
1.66944
1.68904
1.71412
1.73006
1.73141
1.73621
1.73755
1.73675
1.74361
1.74143
1.74019
1.73313
1.71514
1.69017
1.68969
1.69722
1.68478
1.70139
1.68875
1.69929
1.69553
1.68466
1.66043
1.63809
1.63296
1.63235
1.62871
1.63076
1.64784
1.66569
1.68834
1.69332
1.68947
1.67978
1.69686
1.72093
1.70658
1.7133
1.73331
1.74141
1.75485
1.77031
1.77776
1.76441
1.75051
1.75702
1.76385
1.77139
1.77723
1.77931
1.77202
1.77072
1.76548
1.7607
1.76012
1.75745
1.73565
1.71127
1.722
1.73135
1.73719
1.74146
1.7376
1.75214
1.75634
1.77622
1.7824
1.77365
1.78631
1.78421
1.78011
1.76386
1.74941
1.76128
1.75678
1.74605
1.7516
1.75909
1.74235
1.75002
1.74898
1.75054
1.75697
1.74424
1.7374
1.7262
1.7064
1.72364
1.74016
1.76779
1.77757
1.77956
1.78504
1.79739
1.80624
1.80907
1.80362
1.82115
1.84262
1.83102
1.82396
1.81517
1.81277
1.79851
1.78166
1.78021
1.78077
1.77224
1.76011
1.75361
1.75042
1.7149
1.67704
1.65166
1.63991
1.65683
1.66384
1.69719
1.72841
1.72998
1.70973
1.70724
1.71762
1.7256
1.73022
1.74959
1.75634
1.76456
1.77086
1.78061
1.77479
1.75812
1.75426
1.75048
1.74821
1.72782
1.70194
1.6913
1.69279
1.72697
1.764
1.74561
1.72962
1.72959
1.73535
1.73927
1.76827
1.77313
1.78534
1.78602
1.78483
1.79861
1.80893
1.79818
1.80962
1.80312
1.79876
1.78351
1.76858
1.77713
1.76628
1.74988
1.76582
1.79033
1.81446
1.81207
1.8102
1.78496
1.75209
1.73256
1.71631
1.71146
1.71181
1.6921
1.67094
1.65822
1.67524
1.67395
1.67207
1.67648
1.6739
1.66025
1.63867
1.60266
1.59132
1.57841
1.54657
1.52666
1.53356
1.53907
1.51779
1.51488
1.50539
1.50068
1.48715
1.45031
1.42212
1.40686
1.41615
1.42909
1.44836
1.42561
1.40059
1.39388
1.38315
1.35371
1.31693
1.29864
1.28485
1.27601
1.27204
1.26184
1.25642
1.25414
1.25702
1.22458
1.19871
1.1795
1.18254
1.15405
1.15495
1.15418
1.14139
1.11757
1.06456
1.05696
1.0465
1.02196
0.979622
0.958508
0.959185
0.957751
0.935043
0.921906
0.90968
0.881412
0.856293
0.849348
0.847842
0.841001
0.840539
0.843437
0.843062
0.837883
0.815548
0.80602
0.80362
0.787213
0.77704
0.762574
0.730063
0.714935
0.711506
0.701793
0.699587
0.688211
0.684788
0.669121
0.653619
0.642488
0.642893
0.646665
0.640626
0.649916
0.665146
0.656655
0.642189
0.627302
0.58614
0.554868
0.529581
0.525131
0.516975
0.518755
0.524456
0.531914
0.528464
0.524301
0.527849
0.514291
0.53303
0.557993
0.576156
0.58965
0.591906
0.593074
0.582479
0.573638
0.588201
0.586638
0.567324
0.565415
0.571836
0.570548
0.582174
0.585531
0.597749
0.608282
0.588424
0.573448
0.560184
0.561761
0.5778
0.581697
0.589486
0.603057
0.625485
0.636235
0.645185
0.653481
0.670379
0.693519
0.696933
0.712603
0.720054
0.71481
0.710859
0.715342
0.705221
0.686615
0.704885
0.724227
0.724659
0.745492
0.766065
0.787624
0.797384
0.791881
0.79094
0.803571
0.842885
0.848231
0.84958
0.868924
0.88793
0.898611
0.894037
0.902657
0.898498
0.915418
0.944049
0.953041
0.934632
0.922586
0.910067
0.876389
0.886676
0.897691
0.893053
0.893847
0.933246
0.960361
0.949204
0.966732
0.970559
0.978178
0.990888
0.994877
0.996541
1.0312
1.06065
1.08008
1.10522
1.12417
1.09611
1.08415
1.0958
1.10273
1.1083
1.12267
1.10358
1.07253
1.06563
1.07353
1.12346
1.15623
1.16686
1.15847
1.16782
1.17197
1.18964
1.19583
1.20889
1.21877
1.23314
1.21868
1.21639
1.21353
1.21297
1.20093
1.19305
1.20351
1.2115
1.20221
1.20015
1.19713
1.20463
1.20639
1.18171
1.17979
1.1605
1.12401
1.09033
1.08676
1.11331
1.15679
1.16993
1.19911
1.21773
1.22741
1.23539
1.20635
1.19134
1.17007
1.13578
1.10999
1.08681
1.04315
1.03341
1.01719
1.00883
0.994795
0.9811
0.960427
0.946566
0.93049
0.915095
0.891874
0.869446
0.848758
0.817946
0.801297
0.788493
0.779329
0.774389
0.768118
0.763677
0.782703
0.803178
0.805066
0.808944
0.80809
0.82632
0.820883
0.820778
0.832222
0.853945
0.848189
0.851878
0.857537
0.844489
0.850541
0.848317
0.825654
0.819563
0.794723
0.772916
0.755129
0.742909
0.756619
0.762991
0.782804
0.798234
0.786483
0.796646
0.791075
0.802634
0.796322
0.795315
0.791712
0.786784
0.775058
0.763761
0.745214
0.746469
0.75317
0.737888
0.73986
0.760008
0.778346
0.806124
0.79534
0.780839
0.765262
0.764276
0.762633
0.775081
0.772058
0.783435
0.785032
0.799653
0.818563
0.820632
0.814412
0.796994
0.777589
0.770426
0.775008
0.757816
0.726271
0.703466
0.676845
0.66851
0.664724
0.630708
0.628915
0.628612
0.607758
0.609568
0.603001
0.60591
0.610067
0.628262
0.652867
0.655532
0.641149
0.62607
0.617182
0.589508
0.582262
0.569353
0.538846
0.506765
0.506088
0.521843
0.521259
0.510678
0.491777
0.471492
0.474065
0.471124
0.479102
0.464568
0.458734
0.461686
0.448598
0.449279
0.471652
0.486533
0.497454
0.506618
0.491593
0.485749
0.476032
0.457885
0.433832
0.425023
0.42227
0.425301
0.421296
0.393453
0.407566
0.42627
0.419412
0.414037
0.419333
0.404657
0.383092
0.367556
0.377375
0.367683
0.369699
0.386133
0.377073
0.363408
0.37748
0.356204
0.34539
0.36259
0.343065
0.341813
0.335385
0.332689
0.30631
0.287705
0.277921
0.264096
0.259515
0.259443
0.276199
0.271334
0.275064
0.285865
0.282736
0.275582
0.285558
0.266591
0.255382
0.259667
0.243163
0.221134
0.215658
0.201494
0.22063
0.205123
0.188449
0.186464
0.189105
0.184474
0.186385
0.17997
0.197829
0.178331
0.1676
0.202697
0.23663
0.250159
0.258793
0.251138
0.23037
0.204554
0.206596
0.206569
0.213965
0.219829
0.23306
0.247727
0.258592
0.267632
0.254843
0.242872
0.239445
0.227389
0.198843
0.18648
0.168933
0.187604
0.223413
0.2285
0.216481
0.193163
0.160026
0.146896
0.144897
0.140059
0.12999
0.109813
0.126037
0.146725
0.156395
0.172959
0.199943
0.187518
0.176318
0.197334
0.216703
0.224659
0.246142
0.24349
0.241973
0.255167
0.26181
0.261295
0.262538
0.253328
0.242304
0.237011
0.193994
0.144985
0.115218
0.106727
0.083125
0.0694627
0.0541409
0.0637145
0.0775141
0.0824993
0.104927
0.12023
0.126816
0.129053
0.119457
0.126828
0.122765
0.13074
0.110641
0.0970315
0.0917149
0.0806127
0.0636185
0.0764034
0.0920181
0.098215
0.0981026
0.110268
0.114997
0.117996
0.132855
0.117517
0.10652
0.10979
0.0969549
0.0686784
0.051275
0.0413741
0.0221114
0.0458279
0.0269222
0.015396
0.0287137
0.0522562
0.0554164
0.0703205
0.0723201
0.0784053
0.083514
0.0827182
0.101493
0.128088
0.153913
0.169979
0.17887
0.190525
0.213493
0.225538
0.249449
0.260157
0.254803
0.263834
0.255649
0.249996
0.244458
0.26113
0.248179
0.243379
0.22186
0.181425
0.17687
0.176658
0.187646
0.17087
0.165714
0.156653
0.142795
0.141323
0.129947
0.131464
0.11287
0.106367
0.1011
0.11789
0.103245
0.0758048
0.0571697
0.0660953
0.0454395
0.0345082
0.0423901
0.0571087
0.0525177
0.0449421
0.0356599
0.0258986
0.01048
-0.0277357
-0.0827514
-0.106366
-0.126837
-0.165489
-0.189407
-0.224423
-0.245669
-0.264774
-0.309344
-0.34809
-0.398386
-0.455767
-0.469886
-0.490151
-0.500611
-0.514559
-0.532643
-0.553743
-0.583369
-0.599252
-0.632779
-0.665936
-0.679563
-0.676218
-0.693299
-0.692144
-0.690541
-0.68641
-0.712325
-0.730725
-0.724013
-0.726555
-0.726625
-0.730964
-0.764332
-0.792876
-0.79731
-0.801445
-0.816868
-0.823657
-0.822423
-0.812967
-0.784285
-0.789814
-0.790091
-0.76876
-0.763401
-0.734427
-0.716255
-0.69962
-0.686172
-0.681229
-0.676885
-0.673181
-0.663097
-0.672871
-0.67843
-0.686474
-0.686113
-0.667436
-0.661176
-0.678026
-0.68082
-0.711685
-0.703352
-0.70375
-0.688591
-0.695162
-0.703527
-0.712172
-0.74071
-0.767826
-0.768372
-0.749151
-0.759936
-0.782837
-0.805304
-0.81001
-0.790656
-0.795479
-0.816204
-0.806487
-0.811299
-0.803214
-0.800837
-0.785753
-0.781472
-0.760115
-0.768951
-0.794412
-0.813448
-0.83058
-0.824395
-0.795805
-0.78997
-0.768579
-0.738684
-0.749665
-0.750452
-0.742812
-0.733972
-0.736575
-0.749706
-0.715731
-0.700624
-0.677961
-0.663349
-0.684611
-0.696988
-0.702984
-0.705984
-0.712371
-0.722201
-0.738577
-0.756444
-0.768786
-0.786294
-0.778456
-0.78748
-0.77609
-0.755321
-0.772852
-0.790224
-0.752728
-0.746647
-0.753117
-0.759468
-0.750633
-0.752897
-0.756039
-0.747946
-0.764433
-0.783564
-0.775943
-0.787306
-0.808989
-0.822959
-0.805577
-0.784459
-0.771482
-0.780075
-0.793353
-0.802421
-0.801008
-0.807013
-0.807051
-0.827348
-0.829962
-0.82675
-0.823372
-0.818593
-0.84175
-0.845631
-0.852867
-0.856449
-0.883091
-0.889103
-0.900748
-0.888912
-0.873128
-0.889512
-0.880236
-0.858165
-0.838497
-0.824816
-0.847764
-0.848124
-0.846641
-0.835681
-0.816087
-0.801135
-0.77751
-0.78579
-0.770617
-0.758009
-0.777549
-0.781484
-0.777541
-0.773025
-0.748368
-0.721344
-0.720149
-0.723867
-0.712412
-0.702508
-0.694796
-0.707309
-0.722465
-0.745591
-0.754455
-0.757885
-0.761852
-0.767736
-0.790557
-0.788999
-0.798246
-0.806199
-0.77081
-0.726739
-0.714446
-0.711445
-0.730303
-0.731182
-0.729057
-0.733429
-0.744806
-0.755536
-0.76403
-0.785972
-0.800743
-0.799605
-0.787298
-0.794539
-0.812343
-0.819449
-0.849098
-0.854732
-0.84318
-0.849212
-0.865185
-0.854593
-0.845524
-0.815049
-0.818334
-0.821106
-0.821497
-0.816092
-0.803096
-0.787723
-0.779944
-0.780004
-0.79912
-0.827621
-0.860399
-0.864789
-0.877326
-0.863209
-0.879338
-0.869173
-0.867326
-0.864539
-0.860505
-0.841203
-0.840827
-0.864866
-0.831604
-0.824144
-0.8565
-0.879053
-0.906505
-0.939221
-0.966404
-0.985061
-0.97788
-0.9715
-0.944676
-0.944467
-0.941617
-0.932044
-0.918208
-0.905365
-0.914126
-0.916234
-0.920648
-0.916612
-0.894406
-0.897451
-0.911622
-0.922317
-0.937085
-0.931838
-0.949612
-0.961856
-0.974143
-0.996577
-1.00947
-1.04318
-1.03843
-1.04112
-1.07289
-1.09323
-1.08241
-1.08056
-1.09152
-1.10469
-1.12247
-1.13016
-1.12971
-1.11444
-1.0947
-1.09428
-1.10034
-1.10349
-1.09602
-1.08334
-1.08639
-1.08692
-1.10031
-1.13063
-1.14529
-1.15662
-1.15653
-1.13748
-1.14912
-1.16895
-1.15614
-1.17129
-1.18587
-1.15934
-1.15984
-1.17603
-1.14976
-1.12548
-1.12718
-1.12838
-1.10281
-1.06804
-1.04626
-1.0212
-1.00269
-0.963899
-0.910433
-0.89636
-0.910099
-0.915956
-0.914493
-0.923338
-0.910504
-0.909826
-0.916956
-0.918681
-0.918853
-0.901693
-0.884465
-0.861803
-0.847793
-0.805377
-0.764479
-0.740175
-0.747619
-0.751574
-0.74061
-0.720646
-0.72006
-0.738575
-0.722505
-0.735603
-0.731437
-0.724805
-0.702547
-0.675621
-0.650565
-0.629659
-0.602503
-0.585994
-0.600756
-0.579548
-0.543012
-0.523061
-0.50476
-0.472702
-0.458573
-0.435867
-0.404306
-0.380977
-0.362774
-0.338777
-0.333937
-0.330412
-0.331309
-0.306912
-0.306781
-0.314584
-0.323811
-0.304542
-0.296362
-0.292745
-0.277161
-0.262413
-0.277595
-0.306694
-0.32491
-0.329292
-0.305462
-0.310536
-0.311774
-0.295786
-0.296014
-0.311759
-0.312756
-0.338031
-0.355572
-0.343594
-0.340819
-0.297132
-0.26205
-0.237743
-0.231751
-0.243123
-0.248278
-0.244108
-0.236829
-0.241891
-0.254025
-0.274741
-0.303085
-0.316908
-0.337641
-0.329843
-0.340642
-0.321888
-0.286621
-0.281369
-0.302142
-0.301273
-0.284875
-0.262592
-0.266435
-0.252717
-0.235101
-0.247143
-0.236632
-0.187159
-0.164596
-0.167489
-0.172413
-0.18532
-0.179807
-0.167618
-0.174934
-0.206551
-0.222649
-0.228397
-0.221584
-0.237206
-0.270841
-0.278006
-0.285396
-0.28659
-0.293757
-0.297805
-0.303634
-0.318005
-0.320827
-0.340786
-0.379362
-0.385336
-0.391082
-0.378299
-0.399835
-0.403141
-0.381771
-0.384205
-0.404402
-0.419574
-0.407518
-0.403932
-0.403474
-0.402701
-0.419259
-0.430485
-0.456002
-0.466875
-0.456629
-0.461263
-0.464658
-0.458165
-0.451589
-0.463159
-0.462649
-0.455674
-0.443836
-0.413654
-0.423891
-0.407139
-0.385594
-0.366802
-0.372679
-0.393848
-0.391881
-0.418405
-0.411188
-0.424573
-0.440436
-0.420715
-0.430904
-0.425299
-0.42551
-0.430089
-0.417352
-0.407185
-0.407533
-0.396063
-0.411157
-0.42031
-0.407137
-0.382838
-0.382271
-0.38147
-0.392636
-0.400982
-0.374505
-0.350138
-0.31675
-0.281405
-0.262116
-0.262373
-0.265943
-0.279716
-0.275194
-0.281799
-0.297278
-0.315758
-0.333334
-0.342254
-0.346729
-0.35937
-0.371912
-0.379044
-0.393139
-0.409024
-0.443529
-0.472631
-0.511107
-0.548846
-0.590553
-0.643118
-0.640506
-0.656414
-0.666589
-0.689127
-0.729055
-0.746685
-0.744473
-0.705249
-0.684427
-0.687129
-0.710666
-0.727365
-0.733359
-0.757112
-0.761168
-0.763576
-0.7588
-0.740957
-0.744968
-0.741098
-0.743988
-0.720839
-0.709354
-0.706968
-0.705399
-0.697139
-0.693109
-0.690816
-0.692633
-0.700063
-0.693248
-0.68304
-0.686226
-0.673117
-0.677493
-0.6768
-0.668465
-0.674597
-0.659174
-0.6469
-0.633567
-0.625964
-0.624814
-0.62919
-0.623812
-0.606929
-0.595478
-0.602689
-0.605168
-0.598441
-0.596535
-0.590328
-0.607655
-0.593218
-0.584865
-0.579425
-0.57857
-0.59856
-0.617521
-0.617263
-0.614528
-0.620299
-0.625655
-0.629114
-0.618223
-0.633603
-0.631362
-0.621315
-0.617281
-0.604696
-0.582045
-0.582313
-0.56992
-0.573187
-0.567294
-0.566378
-0.532103
-0.494175
-0.508623
-0.496618
-0.488031
-0.502745
-0.503629
-0.51393
-0.503225
-0.510345
-0.510918
-0.497901
-0.478896
-0.464971
-0.451375
-0.446612
-0.445833
-0.431259
-0.423162
-0.423888
-0.456231
-0.475135
-0.450849
-0.438937
-0.455281
-0.481324
-0.494545
-0.494551
-0.499749
-0.487287
-0.48691
-0.497037
-0.504236
-0.515849
-0.531878
-0.546027
-0.549291
-0.55911
-0.562712
-0.563799
-0.541522
-0.555747
-0.559524
-0.555273
-0.551839
-0.535242
-0.542791
-0.548861
-0.545164
-0.547332
-0.56233
-0.55922
-0.560562
-0.560231
-0.562496
-0.58314
-0.599663
-0.604139
-0.602886
-0.61115
-0.62326
-0.622158
-0.621756
-0.647029
-0.671128
-0.68126
-0.688499
-0.683639
-0.695358
-0.712528
-0.726771
-0.717829
-0.719841
-0.723129
-0.719351
-0.700381
-0.688348
-0.702104
-0.709301
-0.724631
-0.748375
-0.781373
-0.767851
-0.777567
-0.792845
-0.839044
-0.874348
-0.917247
-0.918932
-0.921935
-0.919388
-0.911758
-0.9226
-0.911375
-0.892555
-0.893892
-0.886295
-0.902536
-0.923599
-0.913765
-0.905392
-0.904397
-0.900221
-0.915975
-0.920574
-0.914552
-0.927696
-0.946377
-0.968754
-0.978052
-0.977619
-0.970942
-0.955518
-0.930744
-0.924173
-0.931603
-0.921222
-0.908423
-0.882759
-0.872592
-0.867496
-0.853788
-0.838839
-0.833225
-0.851716
-0.860844
-0.861408
-0.841372
-0.811056
-0.785415
-0.772037
-0.765083
-0.769436
-0.776964
-0.776294
-0.776272
-0.757122
-0.75164
-0.780802
-0.825145
-0.87268
-0.893104
-0.908463
-0.926596
-0.943139
-0.953857
-0.964078
-0.967464
-0.967758
-0.949233
-0.955494
-0.95597
-0.973218
-0.981298
-0.96752
-0.958721
-0.947773
-0.962391
-1.00771
-1.03986
-1.04416
-1.05847
-1.09209
-1.12224
-1.15154
-1.15662
-1.15011
-1.15688
-1.15445
-1.14103
-1.13367
-1.12623
-1.11294
-1.10243
-1.10166
-1.12618
-1.1444
-1.13776
-1.15
-1.1622
-1.16931
-1.19149
-1.21319
-1.24277
-1.24996
-1.27666
-1.30526
-1.33777
-1.36206
-1.39611
-1.41549
-1.42771
-1.44712
-1.47599
-1.49849
-1.49754
-1.51998
-1.53064
-1.55563
-1.61508
-1.66989
-1.70158
-1.72261
-1.72403
-1.74521
-1.75882
-1.7685
-1.78528
-1.78976
-1.80338
-1.81433
-1.8101
-1.80967
-1.8171
-1.8112
-1.79388
-1.80693
-1.77813
-1.79709
-1.79493
-1.78735
-1.78993
-1.79743
-1.79617
-1.76438
-1.75215
-1.73681
-1.72691
-1.71231
-1.68722
-1.67142
-1.65945
-1.63778
-1.6247
-1.64404
-1.64
-1.62469
-1.63489
-1.6119
-1.62611
-1.64371
-1.66948
-1.6695
-1.66779
-1.6739
-1.67426
-1.70474
-1.72439
-1.75245
-1.77099
-1.75782
-1.77351
-1.77749
-1.79617
-1.81958
-1.82999
-1.83653
-1.83026
-1.83663
-1.84452
-1.83401
-1.83357
-1.83641
-1.84322
-1.85633
-1.84096
-1.86036
-1.88763
-1.90828
-1.90274
-1.88875
-1.88971
-1.8804
-1.88857
-1.90719
-1.92955
-1.93479
-1.94982
-1.96838
-1.97182
-1.97321
-1.97206
-1.99003
-2.003
-2.02281
-2.04096
-2.0533
-2.04841
-2.0686
