-2.36316
-1.99112
-1.38634
-2.44586
-2.25704
-2.26748
-2.25806
-2.57437
-2.12342
-2.04791
-1.57121
-1.98907
-1.95069
-1.56726
-1.8957
-2.04963
-2.11383
-2.1397
-2.14052
-2.4075
-1.99123
-2.51452
-1.76949
-1.88738
-1.05954
-1.9414
-2.30671
-1.92428
-2.08467
-1.99518
-2.08885
-2.41451
-2.00777
-1.79968
-1.76249
-2.5434
-2.62763
-2.55301
-2.69681
-2.27321
-1.97913
-1.91175
-1.93348
-1.66012
-2.16006
-1.86102
-1.38433
-1.05621
-1.17507
-0.651191
-0.454605
-0.557477
-1.24267
-0.478904
-0.201616
-0.257672
-1.66614
-1.68238
-1.80921
-1.64013
-1.72294
-1.55241
-1.71516
-1.65706
-1.13875
-1.69566
-2.09764
-1.98908
-1.54245
-2.194
-1.42689
-1.76791
-1.2929
-1.1478
-0.371872
0.164232
-0.385501
-0.661427
-1.43554
-0.9711
-1.3184
-1.39132
-1.48417
-1.46983
-0.891602
-0.508011
-0.768291
-0.970778
-0.791937
-1.09424
-0.75218
-1.62277
-1.7452
-1.66926
-1.75234
-1.5624
-1.56831
-1.25942
-1.15218
-0.771552
-1.41808
-1.7366
-1.89112
-2.28783
-1.90483
-1.35
-1.24067
-1.43279
-1.70547
-1.23001
-1.36831
-1.31905
-0.933575
-1.06937
-0.869985
-0.606317
-0.568141
-0.593122
-0.437958
-0.793652
-0.988717
-0.840316
-0.398797
-1.16056
-1.22166
-1.21032
-0.652786
-1.17066
-1.31272
-0.913269
-1.61491
-1.71259
-1.20823
-0.694249
-0.757469
-0.885134
-0.499028
-0.378788
-0.428422
-0.11474
-0.134626
-1.22744
-0.480036
-0.321781
-1.16785
-1.23126
-1.0758
-0.731941
-0.768666
0.177108
0.00335194
0.752296
0.55132
-0.041578
-0.0770692
-0.0763981
-0.102105
0.397416
-0.0948278
-0.203464
0.0386858
0.157601
-0.607082
-0.533714
-0.622219
-0.395629
-0.627762
-0.16175
0.159026
-0.298039
0.110262
0.183369
0.512884
0.803899
0.0866215
-0.576503
-0.0933053
0.89575
0.399945
0.16753
0.341263
0.249047
-0.315634
-0.187198
0.195859
0.656277
0.257172
0.456517
0.899027
1.28433
0.722217
0.556636
1.3553
1.47137
1.23349
1.42731
1.71215
2.08471
1.69094
1.73271
1.29087
0.728184
0.326473
1.56674
1.84632
1.48987
1.50368
0.703354
0.423427
0.775312
1.85687
1.28625
0.70221
0.839337
0.860866
0.469731
0.73793
0.889595
0.782219
0.616669
0.396348
0.871149
1.18538
1.49786
0.814077
1.15389
1.41859
0.526388
1.27034
2.03318
1.30363
2.07567
1.9079
1.9495
1.74129
1.39701
1.5643
1.07422
1.44383
1.06853
0.450179
1.05698
1.19128
1.25188
1.0168
0.510632
0.448595
-0.107207
0.172477
0.397344
-0.0183661
-0.260005
-0.993885
-0.905915
-0.686011
-0.725363
-1.30505
-1.33415
-1.11187
-0.901311
-0.764885
-1.00312
-0.821963
-0.220498
-0.534435
-1.43433
-0.673807
-0.802182
-0.633508
-0.327151
-0.00937812
0.124775
0.423133
0.121188
0.551412
0.2392
1.06854
0.912884
0.571407
0.536297
0.619174
0.666309
0.142297
0.128431
-0.111791
-0.660937
-0.747259
-0.300946
-0.776378
-0.820947
-0.82879
-1.34462
-0.955276
-1.22331
-1.0612
-1.36844
-1.09829
-1.38658
-0.936079
-1.579
-1.48993
-0.141693
-0.33113
-0.716564
-0.86931
-0.806611
-0.82399
-1.22343
-1.06004
-1.44622
-1.20642
-1.29917
-1.06394
-0.979791
0.145494
-0.469077
-0.31511
0.3067
-0.128807
-0.463536
-0.0644676
-0.241296
-0.667718
0.202322
0.216389
-0.131132
-0.568493
-0.524266
0.130639
0.225189
-0.144953
0.467401
0.260148
-0.0902136
0.00498823
0.191618
-0.0746424
-0.345385
-0.805841
-0.994569
-0.748868
-0.119339
-0.44617
-0.533582
0.586384
0.231338
-0.594602
-0.645811
-0.24928
0.258247
0.230927
-0.498698
-0.304612
-0.461934
-0.773313
-0.814639
-0.828588
-0.284068
-0.222375
-0.792723
-1.19964
-0.377361
-0.0230797
-0.472359
-0.469791
-0.934846
-0.690092
-1.20783
-1.58558
-1.83366
-1.85391
-1.94926
-1.77014
-1.02025
-0.930692
-0.755199
-1.28439
-2.10255
-1.70342
-1.33521
-1.32012
-1.38359
-0.516681
-0.490061
-0.522082
-0.0812263
-0.565578
-1.05164
-0.399024
-0.665881
-0.653063
0.257741
-0.144922
-0.46494
-0.436197
-0.196935
-0.25725
-0.143219
-1.03939
-0.886421
-0.724629
-1.15612
-1.27071
-0.733152
-0.196876
-0.779236
-0.777415
-0.588254
-0.331735
-0.20887
-0.180078
-0.187873
0.100237
-0.262558
-0.092673
0.110408
-0.208772
-0.714723
-0.845982
-0.441775
-0.141339
0.499196
0.718323
0.152182
0.912546
1.29121
0.847272
0.581008
0.157427
-0.1207
0.0244086
0.134399
0.122799
-0.151803
0.0922027
-0.0963683
0.361566
0.237118
0.965202
1.32603
1.0531
0.740481
0.268691
0.610307
0.367077
0.242732
1.09364
0.593467
1.1
1.11978
0.965962
0.698549
1.02687
0.88551
1.34307
1.59092
1.88168
2.04248
1.3462
0.947967
1.59191
1.49372
1.42512
0.886675
0.834991
1.29124
1.82282
1.3944
1.61913
1.77292
2.17607
1.43514
1.53034
1.78774
2.18681
1.27064
0.83138
0.868462
0.462797
0.498512
1.22597
1.64504
1.35881
0.789444
0.903508
0.578717
0.687364
0.0495518
0.351978
-0.0114219
0.10994
0.572306
0.725514
1.2267
0.769329
1.30704
0.793461
0.480319
1.07393
0.368549
0.942582
0.917052
0.593203
-0.0710607
-0.225735
0.562652
0.908139
0.842398
0.468931
0.116953
-0.225754
0.203781
0.809326
0.202671
0.426327
0.420424
0.172644
0.111583
0.547185
0.428257
0.84286
0.635797
0.909758
0.56597
0.0402549
-0.381089
-0.25205
0.140815
0.889699
0.771805
1.10521
0.087982
0.275935
0.393078
-0.068397
-0.0515885
-1.02023
-0.858795
-1.10423
-1.1899
-0.409285
0.113642
0.06006
-0.0387762
0.679784
0.132459
0.167447
-0.0173553
0.441133
-0.320197
-0.141845
-0.264502
-0.978082
-0.21472
-0.165261
-0.888042
-0.263488
-0.256036
-0.249675
-0.102932
0.384899
-0.0297954
0.218483
0.391373
-0.442915
-0.487721
-0.345456
-0.180939
0.0544376
-0.310541
-0.58739
-0.35307
0.304661
0.424159
0.182782
0.142264
0.0369727
-0.0885033
-0.389964
-0.648847
-0.187631
0.439489
0.357578
0.638178
-0.0331621
-0.111038
0.1684
0.0951178
-0.201717
0.295497
0.122137
-0.757575
-0.776858
-1.0778
-0.717413
-0.38082
-0.84792
-0.84781
-0.271851
-0.440332
-0.759005
-1.22554
-0.647487
-0.53478
0.00682316
-0.369346
-0.055431
-0.531714
-1.25928
-0.824445
-0.889735
-1.07701
-0.779877
-0.515763
-0.804938
-0.907847
-0.745408
-0.245116
-0.932192
-1.27703
-0.97181
-0.751405
-0.475844
-0.554085
0.147963
0.0843154
-0.969745
-0.570074
-0.718611
-0.54261
-0.327764
-0.96534
-0.193747
-0.344745
-1.2138
-1.34217
-1.9913
-2.04651
-1.04687
-1.69527
-1.19615
-1.01991
-1.43482
-0.782692
-0.760664
0.00562232
-0.432181
-0.441921
-0.73617
-0.65233
-0.33701
-0.560741
-0.789628
-1.19143
-0.845702
-0.867777
-0.675654
-0.297319
-0.432211
-0.0811209
-0.499143
-0.334317
-0.564138
0.395011
0.638831
0.89458
0.175115
0.723989
0.771037
0.535495
0.819013
-0.157437
0.488296
0.349239
-0.0345854
-0.182052
-0.524755
-0.620593
-0.361537
-0.79912
-0.581961
-0.468792
-0.502768
-0.542158
-0.763256
-0.758246
-0.183532
-0.164107
-0.181441
-0.523878
0.0147629
0.27869
0.103135
0.363977
0.892384
0.905924
1.16718
0.909057
0.463938
-0.137936
0.77275
0.620695
0.824134
-0.0480664
0.166234
0.270343
0.981797
0.474986
1.25741
0.557118
1.06499
1.69554
1.26225
1.08524
1.67876
0.984316
1.35524
0.843831
1.91641
2.32391
1.60329
2.16501
1.20944
1.18133
0.760179
1.38658
1.26454
1.58988
1.44136
0.9333
2.00072
1.41898
1.75042
1.90446
1.292
1.47104
0.598609
0.450177
0.774285
0.559317
0.227294
-0.361727
0.0257263
-0.306589
-0.0950288
0.340034
0.61299
1.16077
0.479553
0.117228
0.0253394
0.322579
0.759262
0.909031
1.02417
1.07341
0.374992
0.697154
1.03545
0.539276
0.886419
0.509084
-0.290379
-0.286892
0.118103
0.450039
0.297659
0.104095
0.792979
1.06845
1.3406
1.06561
0.773258
1.59138
1.13578
0.402317
-0.0216836
0.459899
0.826956
0.132664
0.545269
0.649679
0.6644
0.680782
0.302158
-0.121497
-0.556409
-0.618889
-0.147371
-0.619517
-0.494277
0.0121426
0.184164
0.0983701
-0.0411209
0.0613835
-0.0377047
0.245419
0.0157928
0.234419
0.0265392
0.637511
0.6041
0.293396
0.375323
0.276317
-0.0214018
0.508437
0.523375
0.417172
-0.0758564
-0.25821
-0.0372165
0.112648
0.201701
-0.303426
-0.483723
-0.396928
-0.511927
-0.0956067
-0.649566
-0.484659
-0.262278
-0.78618
-0.217159
-0.850309
-1.35593
-0.66562
-0.728733
-0.730735
-0.10885
0.649459
-0.32591
-0.303646
0.0401806
-0.0227786
0.24349
0.804552
0.864701
1.03797
0.959768
1.30351
1.01739
0.642281
1.08203
1.46927
1.07819
1.09133
1.82171
0.900435
1.31395
1.51095
1.36763
1.59023
2.14442
2.02116
1.65588
2.07537
2.46168
2.53573
2.71521
2.29865
2.11637
1.66629
1.99622
2.34599
1.9526
1.55864
1.19893
1.27871
1.36025
1.05885
0.897999
1.11824
0.922832
1.00582
0.921133
0.904716
0.239731
0.451175
0.485047
0.564901
0.701372
1.10812
1.39149
1.37432
0.287031
0.24301
0.73493
0.216394
0.329808
0.0089007
0.451667
0.608782
0.228898
-0.211471
-0.0293745
-0.149636
-0.577772
-0.140374
-0.5636
-0.814586
-0.432399
-0.584026
-0.947799
-0.0593194
0.323262
0.196261
0.255157
0.99923
1.43116
0.905443
0.775499
0.491101
0.329642
0.189896
0.163433
0.585001
0.281973
0.645348
1.29926
1.47498
0.381943
0.146276
0.677034
0.838317
0.913777
0.478789
0.708874
-0.0210848
0.248878
0.282168
-0.289506
0.263956
0.637358
0.879396
0.922488
0.691887
1.13427
1.35024
0.672513
0.908616
1.26413
1.0835
1.45091
0.861345
0.981527
0.883895
0.774288
0.47092
0.217203
1.01122
0.448822
1.23365
1.38741
0.968256
0.743965
-0.0448704
-0.410314
-0.269881
-0.0971514
-0.399828
-0.980321
-0.731547
-0.974186
-0.550957
-1.16586
-0.228124
-0.199184
-0.080052
-0.21036
-1.12287
-1.51872
-1.59031
-0.897506
-0.511081
0.226722
0.151084
-0.515661
-0.429754
-0.497237
-0.762731
-1.56986
-0.343663
-0.932621
-0.676603
-0.035441
-0.786561
-0.453782
-0.268444
-0.319373
-0.198619
-0.606964
-0.612215
-1.22606
-1.034
-1.34135
-1.31289
-0.702154
-0.940007
-1.05222
-0.761839
-0.246499
-0.0322028
-0.836419
-0.758848
-0.584107
-0.116758
-0.711214
-1.0765
-0.950502
-0.717863
-0.199553
-0.591609
-0.509175
-0.811913
-0.248484
-0.0348583
0.470397
0.255081
0.723414
0.577481
0.559125
1.51867
0.561951
0.563594
0.702013
0.856576
0.539601
0.599002
0.813513
1.41134
2.24126
1.26769
0.71744
1.82821
1.39422
1.71423
1.89206
2.11983
1.69293
1.94821
2.08019
1.71597
1.45844
1.59702
1.49681
1.48444
0.865485
1.01615
0.886169
0.546068
0.860042
0.600375
1.48988
1.41407
0.737377
0.794422
0.499876
0.129608
0.755724
1.08073
0.674
0.0209894
0.135476
0.44566
0.661977
0.44707
0.133397
-0.66998
0.286986
-0.56601
-0.761641
-0.0472687
0.44722
0.416841
0.347446
0.619166
0.682983
0.93184
0.46865
0.598555
0.536472
0.736941
1.0756
0.657389
1.12265
0.618899
0.127454
-0.313206
0.612446
-0.248695
0.00120115
0.0128979
0.0115747
0.0249138
-0.569301
-0.389424
0.159236
-0.392717
-0.25635
-0.994364
-0.490467
-0.0301109
0.030453
0.321752
0.839671
0.489596
0.994468
0.145506
0.782518
0.607909
-0.32681
-0.425752
-0.37831
0.0796843
-0.221402
-0.143638
-0.145797
-0.328699
0.52514
0.589474
0.0979631
-0.412422
-0.678711
-0.903637
-0.687821
-0.778238
0.0619237
0.648254
0.0559729
0.428157
-0.110352
-0.116261
-0.262732
-0.412239
-0.225408
0.202499
-0.0224467
-0.0799347
-0.336417
-0.257366
-0.184388
0.0554254
0.0655591
-0.0315975
-0.269789
0.0409307
0.148645
0.167996
0.1872
-0.370204
-0.440497
-0.302288
-0.143873
-0.428861
-0.100363
-0.0826865
0.26519
0.988348
0.448181
0.0437909
0.274642
-0.117233
0.897078
0.632258
0.282371
0.0752792
-0.287587
0.623538
0.363713
0.152217
-0.16364
-0.0923619
-0.468906
-0.474843
-0.601915
-0.316892
-0.411332
-0.762535
-0.980521
-0.673463
-0.703223
-0.161146
-0.494299
-0.248054
0.275174
0.52225
0.613757
0.43482
-0.570829
0.000350179
-0.691919
-0.7429
-1.27116
-1.42701
-1.46627
-1.18668
-0.879556
-0.477278
-0.595472
-0.618191
-0.960027
-0.637016
-0.922073
-0.952123
-1.01544
-1.17239
-1.06196
-0.869291
-0.485667
-0.055175
0.0846536
0.589288
0.418217
0.509921
0.504266
0.289135
0.0448334
0.45092
-0.0199937
0.236519
0.448486
0.326805
0.25838
-0.131431
-0.320249
-0.799976
-0.231407
-0.735804
0.195487
0.167507
-0.075434
-0.231011
0.310811
0.131247
1.04256
0.347407
0.380226
0.025821
-0.441386
-0.284755
-0.271271
0.0762788
0.995552
0.928036
0.512198
0.826689
0.144045
-0.491366
-0.365312
-0.292974
-0.477464
-0.246236
0.315841
0.31641
-0.569284
-1.26941
-1.02402
-0.564249
-0.630588
-1.05628
-0.482427
-0.15775
-0.225777
-0.54128
-0.564618
-0.174998
0.102253
0.446154
0.568723
0.241541
-0.367446
0.021182
0.598958
0.819464
0.771852
0.981062
0.386034
-0.159874
-0.27497
-0.0637749
-0.562304
-0.857849
-0.381003
-0.922053
-1.16602
-0.493478
-0.832114
-1.62252
-1.34454
-1.43189
-1.2735
-1.33451
-1.10655
-0.775114
-0.973799
-1.14838
-1.20333
-0.719293
-0.647472
-0.430621
-1.23652
-0.797051
-1.10176
-1.54961
-1.82301
-1.67938
-1.91141
-1.70704
-1.5764
-1.78356
-1.85536
-1.26007
-1.73776
-1.57331
-1.68807
-2.19038
-1.70609
-1.66906
-1.9016
-1.09294
-1.65848
-1.65238
-0.741666
-1.33067
-2.22825
-2.10733
-2.33878
-2.21368
-2.90294
-2.81704
-2.2625
-1.8144
-2.19426
-2.46108
-2.5936
-1.9211
-2.38587
-2.30215
-2.329
-2.56245
-2.12781
-1.79722
-1.91347
-1.48059
-1.56716
-1.48028
-0.737099
-0.995446
-0.901884
-0.763108
-0.769244
-1.60467
-0.811989
-0.629847
-0.633579
-0.767837
-1.19699
-0.989016
-0.459884
-0.339354
-0.769062
-1.19984
-0.629094
-0.921014
-0.71252
-0.375052
-0.626281
-0.192494
0.409367
0.507773
0.131257
-0.22178
0.0141836
-0.363452
-0.380181
-0.701846
-0.472908
-0.806707
-1.48151
-1.80817
-1.37665
-1.21964
-1.89765
-1.34803
-1.32446
-1.19087
-1.58223
-1.63931
-1.58222
-1.11706
-0.863764
-1.22094
-1.45754
-0.969518
-0.190536
-0.734276
-0.628815
-0.6323
-0.993392
-1.41493
-1.30479
-0.888854
-1.28185
-0.921215
-0.95353
-0.763623
-1.40651
-2.03702
-2.11901
-1.74683
-1.32911
-0.842606
-0.969089
-1.29618
-0.957909
-0.807676
-0.388497
-0.987785
-0.498983
-0.711537
-0.30832
-0.499177
-0.524758
-1.31487
-1.55888
-1.03076
-0.248317
-1.44066
-1.35983
-1.36515
-1.0584
-0.539223
-0.293162
-0.929561
-0.737974
-0.439688
-0.765687
-0.88007
-1.07194
-1.05382
-0.563407
-0.466198
-0.388824
-0.196949
-0.0307476
-0.0901089
0.0179476
0.245621
1.07126
0.348728
0.495595
0.30314
-0.440618
-0.265558
-0.536408
-0.872247
-0.86945
-0.804036
-0.257292
-0.165009
-0.081363
0.455937
0.0207199
-0.0220451
0.788625
0.609507
0.355894
0.615102
0.0434496
0.154459
0.256059
0.117457
0.510766
0.954216
1.26586
0.728546
1.01785
1.10669
0.581063
0.994176
0.365482
0.0891024
0.780279
1.01994
0.00172646
0.513165
1.07643
0.65492
0.296545
0.558505
-0.086978
-0.163835
-0.63034
-0.24359
-0.976188
-1.06665
-1.22292
-0.902066
-0.857687
-0.457607
-0.133759
-0.122703
0.0195147
0.0104941
-0.697953
-0.951624
-0.160653
-0.659797
-0.151364
-0.00509841
0.191075
-0.401977
-0.815687
-0.579505
-0.107181
-0.486252
-0.341648
-0.118009
-0.107204
-0.70247
-0.964514
-0.483629
-0.624628
-0.362147
-0.73138
-0.670522
-0.498688
-0.700646
-0.406356
-0.219369
-0.122775
-0.381126
-0.833114
-0.923682
-0.675168
-1.15988
-0.799455
-1.16249
-1.28
-1.57206
-1.31226
-1.9195
-1.90608
-1.31353
-1.44638
-0.958351
-1.05697
-0.916473
-0.827194
-0.650265
-0.918218
-0.476829
-1.00026
-0.696397
-0.407952
-0.812061
-0.517549
-0.277501
-0.770769
-0.422891
-0.168231
0.293814
-0.66141
-0.302262
-0.0328536
-0.00167538
0.145884
-0.290937
0.00790216
-0.087517
-0.664387
-0.160512
-0.319843
-0.124713
-0.107984
-0.274901
-0.157088
-0.228108
-0.458021
-0.548111
-0.781942
-1.03624
-1.22752
-0.256328
0.130321
0.801578
1.16072
1.25117
0.558629
-0.257666
-0.85127
-0.523559
-0.280369
-0.139766
0.0806272
0.487391
0.282934
0.173714
0.573315
-0.094023
0.113016
-0.150686
-0.789641
-0.849442
-0.759843
-0.0128075
-0.367943
-0.795915
-1.1013
-0.833122
-1.06786
-0.477274
-0.81262
-0.672718
-1.0092
-1.03965
-0.404952
0.433331
-0.345742
-0.170611
-0.664736
-0.151492
-0.891103
-0.543096
-1.05396
-0.565668
-0.748917
-0.98367
0.0522546
-0.0799515
-0.567517
-0.649865
-0.805522
-0.639949
0.4428
0.402968
0.933507
0.727264
0.52839
0.582555
1.27342
0.876231
0.257965
-0.140175
0.521643
0.244109
0.616528
1.01276
0.586995
0.67944
-0.03033
0.361773
0.422485
0.122814
0.0349486
0.46424
0.539362
0.466929
0.300189
0.385797
0.451711
-0.174424
0.378539
0.480231
0.580836
1.0171
0.334325
0.754087
0.110506
-0.579215
-0.713778
-0.529812
-0.771053
-1.1123
-1.03997
0.0571621
0.320711
0.476662
0.263918
0.402133
-0.380291
0.10347
0.0614503
-0.272359
-0.492513
0.72872
0.624656
0.0457262
0.506342
0.00567301
0.172376
0.253048
0.759385
0.134047
0.560923
0.805056
1.24075
0.238473
-0.139355
-0.368087
-1.07334
-1.16443
-1.20344
-0.101908
0.255759
0.277934
0.429902
0.0625763
0.795251
0.752317
0.89755
0.288892
-0.0696117
0.40648
0.405413
0.17435
0.229356
-0.0531566
-0.286002
0.599867
0.704896
0.93196
1.25787
0.545942
0.78817
0.442284
0.0323251
0.547181
0.256086
-0.192418
-0.0459874
-0.44186
0.0471254
0.256786
0.155158
0.601559
0.173628
-0.215389
-0.516587
0.0298792
0.240315
-0.531125
-1.20664
-0.782989
-0.337651
-0.872059
-0.719033
-0.259208
-0.33928
-0.659584
-0.313466
0.121996
0.0177167
0.432677
0.0105411
-0.252492
-0.143318
0.544465
0.0624777
0.344484
0.427241
0.114015
0.859495
0.674287
0.414559
0.464777
-0.341112
-0.0366915
0.404359
-0.50771
-0.133541
0.203757
0.597979
0.280153
-0.0507855
-0.482615
-0.0656549
0.251799
-0.308673
-0.697616
-0.190754
0.00436543
-0.658042
-0.656541
-0.984207
-0.67765
-0.984189
-1.43065
-1.10628
-0.658003
-0.709989
-0.613566
-1.00036
-1.66922
-0.775957
-0.551963
0.117514
-0.674931
-0.89467
-0.920274
-0.92468
-0.824168
-0.754932
-1.14465
-0.840841
-0.84523
0.0891694
0.169565
0.0655576
0.287929
-0.148373
0.706707
0.317987
0.95755
0.066724
-0.0607668
1.23718
0.967816
1.19571
0.962492
0.555511
0.701243
0.0665079
0.00168423
0.692912
0.704626
0.719614
0.686807
0.538162
1.21381
1.37725
1.5183
1.13565
0.80113
0.890653
1.18927
1.20806
0.958579
1.67881
1.7929
1.7102
1.71432
2.41732
2.22176
2.03581
2.00584
1.64461
1.8115
1.6966
1.37669
1.25142
1.19141
1.76759
1.5496
2.22279
1.76737
1.62395
1.12358
0.862323
1.37183
1.26937
1.97152
1.71288
2.18262
1.86777
1.69812
1.57101
0.907011
1.05895
1.73994
1.40352
1.69934
0.610645
0.460248
0.63248
1.22165
0.860426
1.11332
1.31382
1.80811
2.10501
2.2828
1.7915
1.75187
1.76708
1.70725
1.60332
1.63428
1.67876
1.89691
1.10543
0.849247
1.10764
0.0897476
1.42083
1.05772
1.61353
2.30777
1.72915
0.827097
1.18057
1.58927
1.07986
1.35731
1.35082
1.74738
1.53351
1.15919
1.19433
2.23968
2.23778
1.94301
1.38451
2.51321
1.64346
1.73606
1.86856
1.60364
1.57218
1.4129
0.954622
0.613134
0.844712
0.773023
0.908909
1.32031
1.73241
0.195209
0.826366
0.93371
1.04939
1.48503
1.49482
1.38882
1.39015
1.08454
1.39778
1.23144
0.666671
0.540757
1.05298
1.27024
0.97417
0.856773
0.920168
0.614194
0.740221
1.17452
0.761338
0.196473
0.481633
0.177361
0.63498
0.101679
0.0261613
0.666903
-0.0336719
0.0852001
-0.119499
0.165385
0.892641
1.21609
0.00891658
-0.31663
-0.452013
-0.231251
0.72354
0.606367
0.287686
0.128579
0.244995
-0.045027
-0.0929087
-0.173358
-0.262775
0.186719
0.696957
0.384964
-0.118749
0.552708
0.785127
0.235994
0.0197443
0.890968
0.91993
1.68504
1.9365
0.727126
0.555791
0.859711
0.150827
0.470518
1.62983
1.76242
2.15508
2.33315
2.14099
1.97326
2.34719
2.12327
2.55711
2.41888
2.69549
2.9741
2.93562
2.5099
1.74329
1.30978
0.749291
1.38096
1.8736
1.57554
1.63963
1.90753
1.58751
2.25032
1.92039
1.53073
1.92232
1.71245
1.46911
1.32433
1.6873
1.45913
1.55469
1.97353
1.25252
1.29183
1.07043
0.915757
0.721297
0.229288
0.563894
1.31669
1.31024
2.06636
2.16568
1.63565
1.73886
1.54075
1.863
1.303
1.40576
1.03515
1.1419
1.3656
