0.671666
0.740109
1.06156
1.00225
1.04239
1.25476
1.18975
0.835514
0.705095
0.925604
0.726751
0.768986
0.678318
1.13188
1.08117
1.03916
0.586792
0.752991
1.03224
0.901649
0.73997
0.400006
0.686116
0.71576
0.62513
0.741458
0.809658
0.852211
0.686238
0.759278
0.900509
1.11568
1.169
1.02299
0.859717
1.09454
1.10356
1.36888
1.47262
1.71059
2.01819
2.01405
1.99564
1.71438
1.32109
1.2214
1.03041
0.818444
0.913861
0.669413
0.964799
0.823778
0.944128
1.07632
1.44707
1.42282
1.56032
1.49486
1.2114
0.952545
0.997988
0.79148
0.881972
0.759521
0.811798
0.753535
0.768657
0.714915
0.440544
0.883133
1.02709
0.91118
0.848785
1.09424
1.27824
1.15834
0.982269
0.741219
0.504457
0.735793
0.602337
0.616674
0.809843
0.861784
0.79966
0.69846
0.759774
0.94237
0.854041
0.927855
1.0057
0.967552
0.983754
0.941354
1.00125
0.785067
0.501697
0.903445
0.380377
0.361151
0.53965
0.312371
0.430829
0.477808
0.383976
0.376483
0.462052
0.50801
0.451742
0.545303
0.437693
0.690962
0.817008
0.413979
0.752677
0.823275
0.442906
0.605881
0.253719
0.462424
0.303828
0.248988
0.288062
-0.0901486
-0.287997
-0.0599379
-0.348791
-0.25509
0.30178
0.179649
0.201741
0.113829
0.128102
-0.020495
-0.284406
-0.497905
-0.318317
-0.134484
-0.347289
-0.329745
0.0261564
-0.0639181
-0.0168209
-0.31294
-0.233704
-0.0451085
-0.0144428
-0.145796
-0.144708
0.108161
0.0981951
0.160861
0.395056
0.412592
0.226856
0.297917
0.4118
0.518752
0.233589
0.443766
0.658845
0.124288
-0.239241
-0.171991
-0.0327468
0.0280685
0.338816
0.118176
0.457628
0.508569
0.397872
0.521651
0.308599
0.510005
0.424223
0.591523
0.667958
0.69645
0.480474
0.400599
0.665638
0.486975
0.606859
0.649847
0.463592
0.208763
0.35073
0.565461
0.481089
0.614091
0.328893
0.52386
0.640983
0.562714
0.611354
0.676722
0.951023
0.838431
0.624621
0.547673
0.541669
0.952068
1.17576
0.896234
1.04244
1.24517
0.912908
0.643402
0.653307
0.878032
0.650514
0.656206
0.475072
0.385082
0.322772
-0.096509
-0.0583671
0.0936403
-0.0772504
0.485348
0.46162
0.304982
0.61181
0.587429
0.706376
0.723898
0.815866
0.491947
0.546858
0.552069
0.85847
0.633096
0.27391
0.31546
0.697557
0.960224
1.28526
1.1075
1.00593
1.1092
1.39243
1.36431
1.4026
1.52815
1.7341
1.57432
1.53001
1.35413
1.45365
1.30933
0.760318
0.973918
0.96296
1.10149
0.888136
0.881639
1.04305
0.815227
0.646227
0.629667
1.04403
1.04498
0.586114
0.970416
0.782988
0.920845
0.783029
0.740976
0.927652
1.19947
1.25212
1.25221
1.00142
0.881188
0.78537
0.566656
0.48938
0.270452
0.227743
0.153521
0.542859
0.503824
0.203942
0.115995
0.538117
0.59135
0.467271
0.462192
0.478526
0.326028
0.444232
0.2998
0.532284
0.738514
0.679143
0.873969
0.85328
1.0953
1.01173
0.984181
0.685105
0.630702
0.711384
0.588818
0.763934
0.779029
0.816252
1.0072
0.774834
0.633388
0.444738
0.533624
0.53139
0.73319
0.652812
0.689527
0.728837
0.633822
1.0708
1.21144
1.0463
1.27452
1.33318
1.31365
1.21987
0.601008
0.933367
0.855045
0.954802
0.904435
1.38572
1.43624
1.25901
1.42389
1.18189
1.42865
1.79583
1.3727
0.859282
0.66586
0.671117
0.421702
0.696006
1.02431
0.976092
1.08778
0.934484
1.05518
1.07608
1.22286
1.25568
1.51213
1.71431
1.41489
1.3653
1.46363
1.28209
1.45802
1.43354
1.20551
1.13555
1.31073
1.15347
0.895716
0.998335
1.30053
1.47714
1.41921
1.42271
1.54066
1.76917
1.44471
1.12431
1.17733
1.27256
1.45469
1.6182
1.80381
2.32408
2.62526
2.52958
2.29825
2.01908
1.3949
1.58535
1.75656
1.76449
1.49167
1.06394
1.09483
1.48585
1.36272
1.53987
1.49941
1.42365
0.940272
0.993871
1.09146
0.986075
0.875984
1.05433
1.07466
0.95725
0.946659
1.04421
0.877615
1.05703
0.940847
0.755962
0.557039
0.781734
0.710827
0.46839
0.584309
0.643325
0.467011
0.656206
0.695597
0.914699
0.783043
0.820637
0.821485
1.0807
0.906319
1.20358
1.12894
0.97185
0.81931
0.652974
0.754972
0.593258
0.681013
0.658939
0.348229
1.14776
0.704196
0.762596
1.24809
1.04247
0.769538
0.941288
1.32825
1.12671
0.95971
1.18885
1.13825
1.53655
1.29701
1.30411
1.31072
1.0172
0.9823
0.861429
0.673529
0.937052
1.25556
1.21787
1.3696
1.5321
1.61897
1.35009
1.10459
1.13037
1.01134
1.25492
1.38564
1.28593
1.36347
1.31207
1.37167
1.54519
1.77557
1.83542
1.71801
1.67888
1.72488
1.58197
1.2844
1.2051
1.2267
1.1822
0.92179
0.823635
0.859689
1.01742
1.24122
1.08615
0.9879
0.845488
0.593228
0.700821
0.76997
0.583441
0.975905
0.899039
0.69752
0.637217
0.352016
0.115882
-0.0332355
-0.227076
-0.0794485
-0.0773363
0.0226511
0.243361
0.317935
0.181779
-0.118302
-0.351386
-0.212903
0.143063
0.0358634
0.260467
-0.159931
-0.283915
0.0997268
0.0737451
-0.0834322
0.0265028
0.159654
-0.285864
-0.50034
-0.908327
-0.772739
-0.819294
-0.618299
-0.493911
-0.597524
-0.613995
-0.637806
-0.144442
-0.115311
-0.398575
-0.629733
-0.441524
-0.276182
-0.266453
-0.25752
-0.538166
-0.582152
-0.581527
-0.370222
-0.215592
-0.021365
-0.19787
0.112587
-0.0473192
0.065752
0.234497
0.258977
0.161711
0.0971012
-0.0207386
-0.124193
-0.405202
-0.539052
-0.221778
-0.308706
-0.242648
-0.0283621
-0.0945414
-0.509344
-0.428678
-0.303009
-0.140017
-0.337888
-0.689086
-0.649834
-0.863529
-0.716725
-0.436156
-0.393472
-0.402234
-0.3831
-0.506307
-0.431393
-0.253864
-0.242881
-0.141359
-0.234715
-0.364384
-0.398491
-0.724062
-0.640793
-0.72974
-0.362359
-0.0166276
-0.377857
-0.521903
-0.517629
-0.523294
-0.38414
-0.372202
-0.276838
-0.328544
-0.29402
-0.351384
-0.522285
-0.655837
-0.950222
-0.836036
-1.08246
-0.932912
-0.872099
-1.13817
-1.04669
-0.927238
-0.900052
-0.896758
-0.782846
-0.998822
-1.03002
-1.22929
-1.19194
-1.09952
-1.28031
-1.40133
-0.918279
-0.908502
-0.951776
-0.926864
-1.33049
-1.24326
-1.16508
-1.05077
-1.05582
-1.23356
-1.19626
-1.25817
-1.2606
-1.5481
-1.32123
-1.42991
-1.0251
-0.992798
-1.31369
-1.02468
-0.853733
-0.806437
-0.996515
-1.36831
-1.4636
-1.00467
-0.47659
-0.391387
-0.28075
0.0568469
0.088115
-0.222648
-0.291865
-0.158961
-0.0765621
-0.1754
-0.53095
-0.380624
0.142536
-0.280027
-0.254847
-0.154546
-0.416374
-0.467971
-0.37345
-0.288276
-0.146363
-0.183085
0.284964
-0.0491724
-0.103401
-0.369365
-0.690489
-0.476898
-0.143956
-0.021217
-0.0556291
-0.0360289
-0.435728
-0.527611
-0.622772
-0.636572
-0.770322
-1.05544
-1.05485
-0.744572
-0.570772
-0.6312
-0.500551
-0.664861
-0.632549
-0.506019
-0.807678
-0.928779
-1.05027
-1.05983
-1.02561
-0.718631
-0.828394
-0.670582
-0.780959
-0.941856
-0.76492
-0.703301
-0.741578
-0.608392
-0.577545
-0.715837
-0.915105
-0.593902
-0.597408
-1.12793
-0.937375
-1.21893
-1.56526
-0.860857
-0.822922
-0.594706
-0.649839
-0.847371
-0.806918
-0.78708
-0.604621
-0.91012
-0.847547
-1.04361
-0.9834
-0.801077
-0.782358
-0.994939
-0.859788
-0.780047
-0.780194
-1.13622
-1.05125
-1.01938
-1.20898
-1.26325
-1.06974
-1.11225
-1.21058
-1.15026
-0.950861
-0.914685
-1.25122
-1.26521
-1.37867
-1.48296
-2.03284
-2.13181
-2.35027
-2.42417
-2.26937
-2.10136
-1.92803
-1.71648
-1.43272
-1.44119
-1.63892
-1.69862
-1.19131
-0.816811
-0.995741
-1.44627
-1.6822
-1.44337
-1.18629
-1.11396
-0.952049
-0.894525
-0.947726
-1.38497
-1.4794
-1.17649
-1.27522
-1.60162
-1.38498
-1.11895
-1.10296
-1.23279
-1.40947
-1.31431
-1.77094
-1.36274
-1.01719
-0.990177
-0.869578
-1.16346
-1.01851
-0.935074
-1.20455
-1.21883
-0.962307
-0.994304
-1.04186
-0.723608
-0.773253
-0.752884
-0.687333
-0.919602
-0.865688
-0.886069
-0.756705
-0.790064
-0.707199
-0.652314
-0.860397
-0.765857
-0.805172
-0.917021
-0.907387
-0.817525
-0.894855
-1.00601
-1.18166
-1.21532
-1.36134
-1.4911
-0.971032
-0.653333
-0.621959
-0.552669
-0.641451
-0.785095
-0.54717
-0.536597
-0.367344
-0.817371
-0.832638
-1.00529
-1.07846
-0.948941
-1.0686
-1.11601
-1.31646
-1.77341
-1.69945
-1.82768
-1.48223
-1.67029
-1.90825
-2.32247
-2.06287
-2.0178
-1.99511
-2.00447
-2.26293
-2.03701
-2.07039
-2.26577
-2.50619
-2.34503
-2.40227
-2.52682
-2.567
-2.49833
-2.02934
-2.12687
-2.21566
-1.96844
-1.57914
-1.32716
-1.37581
-1.36786
-1.31263
-1.88541
-1.71426
-1.86437
-2.229
-2.01266
-1.91413
-2.24885
-1.68072
-1.76497
-1.20761
-1.38017
-1.58297
-1.78539
-1.55939
-1.49719
-1.56338
-1.55154
-1.58321
-1.36714
-1.38092
-1.64526
-1.82761
-2.00698
-1.88023
-1.79295
-1.95991
-1.71193
-1.63427
-1.39283
-1.68037
-1.44596
-1.93664
-1.66303
-1.6799
-1.73071
-1.6997
-1.80292
-1.63605
-1.50396
-1.36441
-1.2518
-1.51516
-1.20957
-1.23216
-1.47843
-1.44048
-1.3552
-1.89831
-1.94924
-1.88601
-2.1374
-2.24843
-1.79112
-1.8413
-1.94832
-2.00602
-1.89205
-1.80774
-1.6267
-1.88172
-1.57676
-1.33296
-1.10589
-1.14441
-0.770521
-1.02573
-0.961487
-1.22214
-1.38208
-1.55392
-1.25621
-1.00563
-1.07624
-1.08541
-0.776414
-0.712357
-0.497971
-0.524783
-0.51818
-0.0350597
0.0892071
-0.118812
0.192637
0.0600906
0.0566572
-0.259148
-0.626293
-0.494166
0.0103408
0.139032
-0.00241316
0.0339013
0.0456591
0.0471813
0.313985
0.301341
0.131383
0.0534126
0.0663444
0.199033
0.0382589
-0.249662
-0.220768
-0.367615
-0.366908
-0.30035
-0.519626
-0.698034
-0.638559
-0.747592
-0.978339
-1.14967
-1.06382
-0.875431
-0.563571
-0.484224
-0.43101
-0.856581
-0.743208
-0.926446
-0.962707
-0.707391
-0.842449
-0.757813
-0.590782
-0.966594
-0.642549
-0.607084
-0.571128
-0.433269
-0.77088
-0.884098
-1.29623
-1.2383
-1.20339
-1.16202
-0.631844
-0.851576
-0.856498
-1.16117
-1.10668
-0.98917
-1.08398
-1.29708
-1.50073
-1.33487
-1.34153
-1.37297
-1.29304
-1.24527
-1.17039
-0.80796
-0.617167
-0.801348
-0.960534
-1.10227
-0.951861
-0.780564
-0.760935
-1.22221
-1.51124
-1.37788
-1.3267
-1.75199
-1.77025
-1.69196
-1.73291
-1.76012
-1.60646
-1.60811
-1.30307
-1.37525
-1.44028
-1.02263
-1.05211
-1.44992
-1.32844
-1.33764
-1.66847
-1.81091
-1.64222
-1.57534
-1.88336
-2.06078
-2.32876
-2.11913
-2.33265
-2.44096
-2.21493
-2.18345
-2.19728
-1.99043
-1.90769
-1.52495
-1.4309
-1.77629
-1.79466
-1.78581
-1.51351
-1.69701
-1.6185
-1.43146
-1.29329
-1.24755
-1.5134
-1.44097
-1.37728
-1.41616
-1.15892
-1.0602
-0.978034
-1.31103
-1.57143
-1.28455
-1.45438
-1.5096
-1.41569
-1.1443
-1.15734
-0.846195
-0.721983
-0.627472
-0.72812
-0.63648
-0.747524
-0.890625
-0.195137
-0.0575688
-0.195701
-0.390714
-0.157198
-0.653156
-0.408367
-0.294564
-0.519676
-0.854067
-1.11252
-1.34055
-0.931727
-0.897989
-0.856079
-1.05597
-1.00594
-0.724386
-0.682773
-0.543852
-0.437621
-0.267995
-0.19293
-0.200422
-0.239218
-0.54922
-0.475236
-0.529325
-0.599044
-0.778933
-0.688138
-0.760735
-0.613903
-0.532055
-0.5312
-0.49175
-0.726425
-0.381851
0.15452
-0.116743
-0.408452
-0.597067
-0.54895
-0.662278
-0.990827
-0.62737
-1.04304
-1.37332
-1.34899
-1.60371
-1.41654
-1.71698
-1.87319
-1.85065
-1.83118
-1.47471
-1.25084
-1.04946
-1.42615
-1.83281
-1.66874
-1.62186
-1.88866
-1.98994
-1.8883
-1.55439
-1.49716
-1.64001
-1.22986
-1.46525
-1.34265
-1.45623
-1.1001
-0.937668
-1.17931
-1.40138
-1.46832
-1.33036
-1.7867
-1.77628
-1.6989
-1.52086
-1.59463
-1.11537
-1.43509
-1.32119
-1.59379
-1.60494
-1.69788
-1.85032
-1.50211
-1.76215
-1.17421
-1.26485
-1.54665
-1.46537
-1.72465
-1.28053
-1.3449
-1.21019
-1.23009
-1.45567
-1.45775
-1.59142
-1.4122
-1.35782
-1.00343
-1.16066
-0.757367
-0.679218
-0.553833
-0.797744
-0.949146
-0.560368
-0.876093
-0.918339
-0.974318
-1.12053
-1.37943
-0.935126
-1.10249
-1.111
-1.22682
-1.14772
-1.47869
-1.9833
-2.2204
-2.25445
-2.17783
-2.04425
-1.78506
-1.71908
-1.69834
-1.83153
-2.17772
-1.59196
-1.52412
-1.40015
-1.44771
-0.94023
-0.953743
-1.00923
-0.747194
-0.576451
-0.721687
-0.706848
-0.598323
-0.7018
-0.427369
-0.486574
-0.450005
-0.574921
-0.313683
-0.813269
-0.725788
-0.912841
-0.692389
-0.59406
-0.634731
-0.538808
-0.0202684
0.275653
-0.0598755
-0.214352
-0.287277
-0.0326652
-0.488891
-0.219818
-0.170081
-0.034368
-0.246572
-0.0326015
-0.113049
-0.449691
-0.297448
-0.431359
-0.270276
-0.0794607
-0.747123
-0.656329
-0.470569
-0.0941072
0.31128
-0.0202425
-0.560001
-0.548319
-0.342992
-0.285921
-0.35304
-0.55904
-0.528683
-0.48887
-0.268267
0.125595
0.126371
-0.15882
-0.121957
0.0491936
-0.217348
-0.666268
-0.291246
-0.305788
-0.391716
-0.5178
-0.651059
-0.852968
-0.781383
-0.777795
-0.916755
-0.853802
-0.802752
-0.781532
-0.686868
-0.511484
-0.59855
-0.489584
-0.272924
-0.243652
-0.0298497
-0.261287
-0.604752
-0.367427
-0.311498
-0.0661262
-0.384552
-0.492378
-0.29545
-0.125407
-0.026772
0.0691056
-0.00232125
-0.199003
-0.642637
-0.481264
-0.311531
-0.00639655
-0.00681313
-0.484356
-0.275471
-0.232765
-0.0802989
-0.135721
0.0993975
0.189511
-0.0639231
-0.00670704
-0.151835
-0.170543
-0.397709
-0.592278
-0.374662
-0.922519
-0.872643
-0.780638
-0.688953
-0.541694
-0.438276
-0.75778
-0.694166
-0.388219
0.0581216
-0.133856
-0.430769
-0.158585
-0.307619
-0.21844
-0.0890949
0.131593
-0.101096
-0.00628261
-0.0950182
-0.104057
0.0619477
-0.310919
-0.00598119
0.35519
0.103419
-0.056601
-0.00482219
0.157571
0.396399
0.337583
0.328995
0.233906
0.439513
0.145242
0.046576
0.474745
0.457162
0.429313
0.932125
0.98039
0.806521
0.792393
0.884977
0.745533
0.533623
0.639958
0.856601
0.649324
0.321744
0.487086
0.325971
0.438632
0.270346
0.352941
0.183429
-0.463569
-0.413391
-0.700726
-0.490898
-0.552586
-0.704904
-0.297011
-0.36803
-0.646824
-0.862693
-0.677386
-0.611161
-0.720416
-0.697719
-0.616978
-0.400668
-0.311358
0.0657472
0.368284
0.616119
0.740227
0.742887
0.526392
0.766947
0.474833
0.499194
0.66022
0.573996
0.246834
0.109946
-0.238543
-0.201417
-0.430507
-0.149383
-0.0838681
-0.668169
-0.334479
-0.0423744
-0.10023
-0.220128
-0.221367
-0.173445
-0.149202
0.0923674
0.0751124
-0.16905
-0.273063
-0.144877
-0.264168
-0.218316
-0.290882
-0.223789
-0.036992
0.012115
0.229858
0.234683
0.441067
0.835871
0.571358
0.848507
0.771187
0.974451
0.639809
1.24062
1.29381
1.16821
1.091
1.37365
1.54633
1.22833
1.77557
1.39196
1.43533
1.10675
0.805485
0.768283
0.793099
1.09284
0.959033
0.942174
1.16134
1.06287
1.17211
1.25245
1.40304
1.88891
2.06689
1.66626
1.65235
1.49254
1.36553
1.47364
1.51093
1.4548
1.51903
1.32248
1.59874
1.54122
1.34424
1.50349
1.22622
1.12383
1.16809
1.24528
1.46726
1.40659
1.21863
1.52933
1.33796
1.30745
0.90618
1.0319
1.11594
1.03046
1.07562
0.952761
0.838112
0.57058
0.881583
0.625416
0.835239
1.21408
1.26774
1.28355
1.09119
1.40433
1.19418
0.974607
1.04431
0.851783
0.715871
0.701881
0.479709
0.541925
0.826712
0.87155
0.667652
0.663509
0.846555
0.568176
0.533726
0.831871
0.817169
0.295776
0.561173
0.584723
0.713881
0.753914
0.428579
0.255291
0.348251
-0.0616857
-0.331632
-0.18152
-0.0105004
0.0793912
0.0358846
-0.040909
0.124595
0.000765744
0.0568639
0.142809
0.282556
0.433871
0.39168
0.158568
0.116901
0.467713
0.372517
0.954321
0.963938
1.11539
1.07475
0.801121
0.497337
0.652995
0.469386
0.418621
0.323041
0.610443
0.365787
0.668525
0.35085
0.0736707
0.0245025
0.547929
0.562584
0.683168
0.518633
0.375838
0.12422
-0.187278
-0.166869
-0.00832583
-0.174686
-0.0286265
0.358982
0.0525832
0.367793
0.208814
0.146406
0.177748
0.286534
0.43546
0.422525
0.293209
-0.146937
-0.131204
0.12686
-0.0214354
0.432966
0.551263
0.484458
0.674401
0.535787
0.587475
0.747851
0.872568
0.658064
0.39761
0.418585
0.570066
0.604321
0.816807
0.740588
0.828987
0.970387
1.00209
0.870881
0.314979
0.805268
1.15608
1.23024
0.851099
0.86686
0.827205
0.641562
0.820808
0.761408
0.731994
0.594604
0.779898
1.14027
0.975908
0.812041
0.786208
0.704919
0.832751
0.893107
0.824522
0.926211
0.737282
0.69069
0.516164
0.671799
0.926786
0.847239
0.69648
0.597074
0.589131
0.418927
0.58476
0.35314
0.787193
0.843193
1.11194
1.38211
1.35841
1.37067
0.90683
1.13668
0.770393
0.531644
0.908049
0.838792
0.692609
0.444142
0.299332
-0.173641
-0.111902
-0.326511
0.164977
0.545247
0.682959
0.385877
0.778781
0.476964
0.593609
0.394814
0.516851
0.378483
0.446563
0.5026
0.325759
0.505583
0.396063
0.382547
0.194821
0.3118
0.565851
0.476317
0.259318
0.391937
0.174136
0.36052
0.501833
0.114799
0.543596
0.241225
0.0940853
-0.120359
0.0239669
0.236302
0.203064
0.39887
0.363632
0.428168
0.404002
0.23447
-0.00866552
-0.296949
-0.410204
-0.172809
-0.310911
-0.606769
-0.583378
-0.352293
-0.29922
-0.678283
-0.819385
-0.401521
-0.38335
-0.177938
-0.368637
-0.0586204
0.116304
0.315254
0.475768
0.294637
0.63967
0.572521
0.277907
0.237113
0.43293
0.303471
0.205562
0.197992
0.153566
0.17082
0.367055
0.535784
0.370455
0.308169
0.177904
0.0304339
-0.084551
-0.109765
-0.0550694
-0.234673
-0.479551
-0.597236
-0.742004
-0.449762
-0.389214
-0.763463
-0.924246
-0.884454
-0.666469
-0.535954
-0.463205
-0.393582
-0.41651
-0.599194
-0.597451
-0.725644
-0.818371
-1.00939
-0.831114
-0.995384
-0.989412
-0.74235
-0.961404
-0.953432
-1.0999
-0.979357
-0.916379
-1.11586
-1.47767
-1.55734
-1.17826
-1.11504
-1.1659
-1.05344
-0.598797
-0.443785
-0.377616
-0.132777
-0.501066
-0.230441
-0.190343
-0.51389
-0.222168
-0.224122
0.303858
0.213673
0.451847
0.0834862
0.188075
-0.271828
-0.532988
-0.408366
-0.157005
-0.443457
-0.270855
-0.356704
-0.225242
-0.3496
-0.401659
-0.478788
-0.427835
-0.336084
-0.45094
-0.338344
-0.310642
-0.293586
-0.184819
-0.650694
-0.806213
-0.779915
-0.605011
-0.460589
-0.316111
-0.725166
-0.502738
-0.368698
-0.325951
-0.220624
-0.455743
-0.165834
0.143684
0.121564
0.314298
0.349132
0.118092
0.742545
0.673228
0.413498
0.245799
0.30577
0.250512
0.18481
-0.231073
-0.0881042
-0.093442
0.311729
0.54936
0.808192
0.701591
0.431986
0.173489
0.385776
0.465473
0.415209
0.474426
0.836656
0.773494
0.788945
0.845837
0.906125
0.564842
0.671297
0.547425
0.426605
0.712865
0.405512
0.716263
1.10873
1.08431
0.945524
1.03363
0.814726
0.789836
0.760547
0.834219
0.77301
0.725381
1.01577
1.17685
1.04242
0.92306
0.984734
1.02437
0.912539
0.887713
0.738191
0.884652
1.12928
1.05213
1.19456
1.17321
1.12654
1.06663
1.45706
1.33038
1.34175
1.70927
1.70962
1.8214
1.56395
1.77446
1.93262
2.01994
1.65389
1.65578
1.34222
1.48731
1.76075
2.0862
2.20089
2.01644
1.83237
1.99604
1.99429
1.73691
1.99631
1.75839
1.45058
1.47312
1.46708
1.34944
1.15433
1.14597
0.955183
0.672974
0.943317
1.18617
1.17332
0.73191
0.738352
0.794003
0.987875
0.955425
1.03491
0.882854
1.22728
1.33413
1.46443
1.47316
1.59732
1.2988
1.67543
1.67052
1.34917
1.63346
1.36079
1.60918
1.79479
1.8699
1.69119
1.53897
1.43056
1.52958
1.30319
1.27431
1.33241
1.48562
1.72894
1.62181
2.01485
1.81927
1.54306
1.73795
1.77135
1.68653
1.82917
1.76297
1.62926
1.43704
1.25234
1.05302
1.27069
1.13197
0.916875
0.645102
0.791548
1.16331
0.886832
0.934604
1.24725
1.20583
0.708508
0.68985
1.02464
1.23841
1.1912
0.977759
1.21269
1.11697
1.2027
1.34967
1.07279
0.955265
1.10997
1.19142
0.872479
0.979285
1.45283
1.42401
1.38257
1.56408
1.86689
1.99824
1.99863
1.79672
1.28145
1.54423
1.51313
0.685482
0.402881
0.898356
0.737538
0.984116
1.0367
0.659407
0.607693
0.698233
0.806978
0.733278
0.567575
0.77078
0.700851
0.429738
0.253053
0.221152
0.132082
0.411162
0.102156
0.303751
0.451334
0.115331
0.488307
0.25032
0.0844204
0.147254
0.142076
0.291756
-0.0319529
0.144835
0.236848
0.0600172
0.160924
0.0277426
-0.0713852
