1.19439
1.49805
0.694424
0.929258
1.27514
0.954139
0.764847
-0.128588
0.47449
1.25382
0.35057
1.41759
0.844502
0.777665
-0.294524
0.267655
-1.35597
0.0765552
-1.19292
-0.981486
-1.41177
-1.96097
-1.66823
-1.1792
-0.875359
-0.512063
0.152204
-0.443403
0.677644
0.980208
-0.160738
-0.820778
-0.50031
-0.902047
-0.453362
-0.900014
-0.135735
-0.797997
-1.0385
-0.890538
-0.248827
-0.0983405
0.496739
0.75475
-0.14255
0.172937
0.618044
0.649912
-1.28193
-0.398954
-0.24449
-0.410064
0.0446229
0.423789
-0.113422
-0.279984
0.210774
0.615317
-0.0540144
-0.629015
-1.44449
-0.883087
-0.430957
-0.918836
-1.70665
-1.26545
-0.0750928
0.925007
0.564289
-0.591163
-0.254317
0.326588
0.822359
0.375843
0.55814
1.58454
0.536358
0.840739
-0.185101
-0.124849
-0.796011
-0.918932
-0.989017
-0.65156
-2.10954
-1.25382
-0.745581
-1.10995
-1.19782
-1.19776
0.103556
-0.863015
0.563792
-1.27687
-0.305683
-0.0579617
-0.254929
0.187268
-0.127048
0.0785997
-1.19955
-1.41484
-2.08315
-2.7411
-0.183421
-0.451784
0.16266
-0.875546
0.496473
-1.10522
-2.18384
-1.18405
0.0109232
0.208702
-0.644104
-0.441957
-0.181374
-1.12889
-1.27178
-0.352726
-0.768937
-1.42359
-0.7778
-0.0746293
0.0240588
0.170095
0.372102
0.250546
0.540788
0.288058
-0.0297362
0.680991
0.21894
0.424395
0.533801
-0.29772
-0.100107
-1.95515
-0.747209
-0.536154
0.540252
-0.902711
-0.0588062
0.373685
0.24921
0.654442
-0.596031
-0.98962
-0.542379
-0.0408602
-0.935437
0.531913
0.0649642
-2.03495
-0.393587
0.481287
1.44076
-0.576314
-1.05799
-0.346536
-0.558563
-0.1135
0.31905
0.455572
-1.36589
-1.25308
-0.513116
-0.520414
-1.35944
-0.263101
-0.781142
-0.504158
-1.56102
-0.930647
-0.461569
0.412401
-1.88953
-0.263765
0.0227216
-0.643202
-0.124205
-0.693077
-0.709097
-0.206583
-0.0220011
-0.392444
-0.569916
-0.671801
-1.92137
-1.53347
-0.0225436
-0.809641
0.071787
-0.302752
-0.440166
-0.560958
-0.855866
-0.0811722
-0.57816
-1.03494
-1.38759
-0.702819
-1.07035
-1.19023
-2.95447
-1.74714
-0.00851439
-0.660235
-1.64639
-2.21766
-0.305116
-0.372527
-1.93574
-1.27513
-0.535588
-1.90512
-1.9623
-2.55435
-2.4944
-0.937892
-0.391432
-2.3179
-3.147
-2.86243
-1.96529
-1.81061
-2.74671
-1.67383
-1.77219
-1.94062
-0.491302
-0.723499
-0.757854
-0.759568
0.276067
-0.0768751
-0.340566
-0.948411
-1.46693
-0.96391
-0.606663
0.916349
1.82732
0.441877
0.325819
0.725862
-0.960936
-1.7067
0.323978
-0.39094
-0.0424889
-2.01888
-1.01113
-0.595537
-0.562505
-1.17049
-2.34926
-2.40295
-1.61874
-1.324
-1.19026
-1.45271
0.0575536
0.06619
0.318799
-0.113309
-0.934858
0.225032
0.0212801
-0.697569
-1.95369
-1.42804
-1.41683
-0.851393
-0.565043
-1.30257
-1.0793
-2.04018
-1.48639
-1.41365
-0.747412
-1.03827
-2.08643
-1.13216
-0.701115
-2.51296
-2.24044
-2.94475
-0.685458
-0.703405
0.518948
-0.999186
-0.0704176
-0.606971
-1.56609
-1.75784
-2.09724
-1.60698
-1.96847
-0.950156
-0.510747
-1.45542
-0.596662
-1.87834
-2.07772
-2.01751
-3.12349
-1.00284
-0.739512
-2.16359
-1.71916
1.33248
-1.47272
-1.05019
-1.02915
-1.03987
0.478771
-1.23553
-1.73172
-1.13853
-2.02149
-2.0265
-0.61519
-0.401202
-0.895846
-1.56464
-0.591881
-0.872593
-0.330711
-0.77328
0.0529538
-0.257963
-0.389813
-0.300622
-0.713682
0.807403
-0.421435
0.217431
0.0329851
0.56431
-0.362281
0.465491
0.846304
0.793007
-0.539478
-0.66843
-0.417856
-1.16553
-1.72825
-0.949007
-0.745177
-0.531055
-0.954613
-1.38758
-0.287838
-0.68873
0.0519311
0.493923
-0.0456152
0.595119
0.31877
-0.3336
-1.49132
-1.45017
-0.636022
-0.987866
-0.799473
-0.7731
-1.18497
-0.50141
-1.56152
-2.11864
-0.998191
-1.12761
-0.753439
-1.27359
-1.03351
-1.22891
-1.88573
-0.394541
0.114299
-2.09395
-1.50299
-0.869053
-2.52955
-1.5815
-1.58175
-2.14917
-2.05015
-2.12925
-1.71148
-1.70583
-1.51624
-1.39232
-1.29595
-2.13917
-2.29509
-2.1844
-2.95885
-2.30083
-2.18006
-1.85004
-1.67531
-1.86599
-1.93314
-1.97671
-1.78898
-0.650612
-0.970747
-1.28548
-1.1275
-1.67672
-0.405873
0.48428
-1.23108
-1.10896
0.262402
-0.576607
-1.82741
-0.357628
-1.11684
0.224413
0.749913
0.31922
-0.0219314
0.659678
-0.0916045
-0.3044
0.511504
0.112395
2.1415
0.666121
-0.397323
0.217766
0.858699
-0.263257
-0.590325
-0.323584
1.33164
0.411179
1.50955
-0.184788
-1.57605
-0.975789
-0.981069
-0.706345
-0.568645
-0.132791
-0.0264735
-0.926916
-0.760179
0.793373
-0.215662
-1.13037
-0.412291
0.0619391
-0.0723773
0.171233
-0.796345
-0.895519
0.0706204
-0.399601
0.0843625
-0.559408
-1.67943
-0.48541
-0.0479082
0.079407
-0.569117
-1.47834
-0.408502
-0.507514
-1.76849
-0.751941
-1.09449
-0.0723034
0.268271
-0.984835
0.456589
-0.0787837
0.701046
1.3806
0.794548
1.03214
0.913011
0.163136
1.42786
-0.796013
-0.541404
0.28997
0.810209
-0.486067
0.867934
-0.1232
-0.621314
-0.865862
-1.72876
-0.531314
-1.20287
-0.896478
-0.224035
0.721508
-0.0831637
0.458248
0.00572246
-0.710458
-1.4693
-0.279436
-0.493109
-0.762676
-1.13515
-2.23478
-1.96843
-0.816983
0.177965
0.692023
-0.153559
-0.53554
0.350927
-0.127561
0.359788
-1.21988
1.27372
0.180931
-2.25848
-0.736235
-2.04427
-1.25975
-2.1256
-0.351847
-0.870659
-1.92497
-1.52927
0.00290356
-1.37267
-1.76556
-2.16377
-1.54086
-1.70518
-0.906716
-1.28793
-0.745955
-2.15409
-2.1685
-0.875074
-1.93351
-1.7271
-0.997647
-1.1431
-0.497069
-1.23
-1.66605
-1.71688
-1.58214
-1.0435
-0.668092
-0.0986381
1.42959
-0.0125933
-1.07443
0.99528
1.25868
-0.376089
-0.464867
0.0928954
-0.430008
0.685535
-0.0439684
-0.286756
0.365474
-0.0563805
-0.397514
-1.62963
-1.04178
-1.67589
-0.992999
-1.32833
-0.411156
-1.08993
0.172201
-0.500218
-0.601625
-0.730398
-0.464515
-1.07028
-1.3663
-0.612356
-0.164204
-0.613758
-0.132158
-0.48118
0.0527484
-0.0824153
0.580952
-0.0573029
-0.00646291
-1.4772
-0.432274
0.834749
1.65663
0.785108
-0.177699
-0.640052
0.397169
0.791303
0.921687
-0.221819
-0.404272
0.454957
-0.187455
0.901887
0.777041
1.12611
0.666667
0.15271
-0.186625
0.588505
-0.119105
0.67101
-0.10864
0.657954
1.29257
2.39552
0.226922
0.333162
0.843282
1.17539
0.524213
0.085544
1.13245
-0.478278
-0.199749
0.204433
1.19678
0.543241
0.308019
0.45329
0.338579
0.700819
1.23296
2.45447
1.85134
1.02867
1.61894
0.344446
0.475606
0.846487
0.323001
0.237486
-0.658159
-0.885148
-0.908519
-0.49964
-0.256425
-1.84857
-0.994776
0.234676
0.0412368
-0.571754
-1.12889
-1.73488
-0.335599
-1.28511
-0.83885
-0.26209
0.375701
-0.334025
0.0580707
-0.196918
-1.24426
-0.447551
0.200012
-0.602321
0.202496
-0.848401
0.0718678
1.21184
-0.279009
-0.296587
-0.647704
-0.458165
-0.0398625
0.531021
0.299303
-1.11987
-1.27566
-0.105767
-1.05468
-0.539529
0.134637
0.151346
1.29965
1.10954
1.71938
1.05954
0.929508
0.4101
0.556856
1.33211
0.475903
0.346934
1.18555
0.663093
0.443462
0.117333
-0.881881
0.285127
1.16886
0.834283
0.000211996
1.19296
0.628415
1.56594
0.617265
0.277754
0.603513
0.872243
0.934876
1.4914
1.85791
1.56215
-1.01501
1.00972
1.09595
0.924679
0.951654
1.40405
1.14007
0.250295
-0.140005
1.29987
0.58061
0.989695
0.339207
-0.394465
-0.709202
0.767869
1.04353
0.999616
1.53983
1.23944
0.497265
1.04021
1.67598
0.545332
1.1495
-0.413533
0.270502
0.352223
0.491258
0.506578
1.77977
0.37755
0.817518
-0.0619192
2.26451
0.410752
0.416149
-0.450964
0.232788
-0.0802698
-0.355624
0.315301
0.644929
0.511459
1.77173
0.127596
0.202562
2.26444
0.532617
0.0767052
0.496904
1.30897
0.503047
-0.663731
0.352127
0.496927
-0.340315
0.390035
0.732373
-1.69161
-0.570844
0.0018815
0.158614
-1.23362
-1.371
-2.23842
-0.592583
-0.278929
-1.14862
-0.30904
-1.05112
-0.785686
-0.564519
0.223433
-0.303059
1.97058
0.294527
0.344172
0.668896
-0.0744869
0.312761
-0.145564
0.308125
-0.461085
0.027023
0.478781
0.360759
0.952646
0.669706
-0.123171
0.902035
0.965541
1.72554
0.508963
0.340549
2.35484
1.2683
0.780459
0.44684
0.516748
-0.262315
0.518636
0.386467
-1.60409
-0.693621
0.325222
-0.786354
-0.126044
0.373355
-0.384424
-0.463075
-0.469121
0.893225
0.206765
0.228605
0.322892
0.777028
0.818651
0.32026
0.27289
0.753574
0.664445
0.727204
0.156404
0.619595
-0.279768
-0.0222776
-0.124493
-0.644734
0.395374
0.206351
0.325222
0.489522
0.2123
-0.209397
0.0908765
0.932269
-0.577225
-1.01033
-1.05412
0.342181
1.0804
0.9294
0.923556
-0.94021
-0.595215
-0.875644
-0.444919
0.290508
-0.00919069
-1.46058
0.164579
0.869509
0.0112218
0.333788
0.200189
0.891098
-0.0315533
0.531669
0.853953
-0.102686
-0.559079
-0.841418
0.591546
0.214917
0.6573
0.98269
1.07995
0.016704
0.363756
0.467834
1.16829
0.698363
-0.330277
-0.180735
0.245665
0.417762
-0.0389675
-0.250372
-0.869431
0.0418154
1.01627
1.30512
0.0295474
-0.902566
-0.395135
-0.748313
-1.10518
0.966826
0.743289
0.814619
0.796688
0.448308
-0.0952745
0.99019
0.371259
2.00792
1.10427
0.00911785
0.0624828
1.15144
-0.246537
-1.25548
0.880886
-0.495143
-0.0823539
-0.195372
0.171864
0.973661
0.933835
-0.332331
0.473362
-0.106924
-0.719731
-0.0959713
0.081901
-1.00822
-0.285126
-0.356927
-0.830223
-0.0828705
1.27144
0.53148
0.714482
0.0501118
-0.210414
0.402874
0.0556565
0.967749
0.236964
0.832703
0.882463
0.691559
-0.0373523
0.108556
-0.498332
-0.382286
-0.342926
-0.450734
0.33074
0.445836
1.34149
0.232523
-0.0701741
-0.299657
0.918878
0.196347
1.3036
-0.572241
-0.0322249
-0.148126
-0.909402
-0.640667
-0.68128
-2.06205
-0.99344
0.240518
-0.778915
0.171489
0.212658
0.235024
-0.844071
-0.602187
1.05361
1.42606
0.99002
1.76763
1.02925
1.22185
2.03937
1.21999
-0.0442649
0.957159
1.91676
1.63505
0.456235
1.4511
0.318779
0.37389
2.09297
1.12323
1.15501
1.03838
0.496118
-0.200459
-0.114978
0.322884
0.0179645
1.72768
2.62154
1.00009
1.28595
1.40764
0.771533
0.580895
2.10762
0.801068
1.00012
1.05794
1.87607
1.67862
1.64305
1.69755
1.40297
2.1113
1.89567
-0.103675
-0.127468
1.09625
0.79163
0.673773
1.43577
1.36992
0.840393
0.382836
1.48682
-0.465305
-0.16028
1.14972
1.67156
1.66927
0.163155
1.24309
1.07603
0.401539
0.785135
0.203504
0.174899
-0.976035
1.18422
1.45531
0.88222
1.68712
1.69433
1.51784
2.13945
1.86034
1.41385
0.429867
-0.0927429
1.03364
1.34783
1.67244
1.5632
2.05601
1.14928
0.610374
1.24942
-0.419555
-0.829847
0.547507
-0.319226
-0.395993
1.30519
0.387335
-0.422988
0.709199
0.480132
0.156793
0.315809
0.641802
1.72393
2.37502
2.17759
1.71441
0.517423
2.09592
2.27307
1.88041
1.03151
1.50053
1.69079
1.11997
2.86342
1.71164
1.12093
0.647218
1.15216
0.0195631
0.67185
1.95861
1.01046
0.379252
1.36506
0.835358
-0.604146
0.181297
-0.213568
-0.650381
-1.63784
-0.784663
0.16348
-0.0457928
0.597186
-0.581774
-0.805091
-0.15478
-0.362328
-0.031144
0.273058
0.101187
-0.098701
0.417614
0.542178
0.963835
-0.173519
0.138802
-0.311119
-1.12654
0.535606
1.47903
0.815854
0.992921
-0.00271832
-1.07615
0.17464
0.185086
-0.863582
-0.416392
-0.595926
0.370941
-0.445749
-0.411747
-0.342611
0.733678
1.46373
0.122149
0.56437
-0.425002
0.611424
1.12503
1.0992
0.384214
0.693465
1.13856
-0.132253
0.689177
0.563223
-0.30044
-0.620475
-0.478565
1.08296
1.00638
0.0553062
1.06767
0.875183
1.34969
0.882457
1.25406
1.23212
-0.316073
-0.112387
0.229953
-0.28832
-0.254479
-1.59499
0.854476
0.676362
-1.21878
-1.76538
-0.299633
-0.494387
-0.550157
-0.343346
-0.446607
0.213503
1.17295
1.15834
1.27803
0.323843
-0.589347
-0.219487
-1.73908
-1.10589
-0.582794
-0.372492
0.586618
-0.807852
-0.473064
-0.921228
-0.191626
-0.477854
0.763279
-0.414756
-1.39167
-0.28362
-0.105756
0.286192
0.920135
0.151174
-1.03249
-1.02046
-1.32041
-0.784062
-1.16555
-0.81324
-0.118049
0.238977
-0.388233
-0.814434
0.732329
0.381083
-0.980068
-0.611455
0.106491
0.253782
-0.213335
-0.0161378
0.406856
0.577058
-0.0030256
-1.85048
-0.0800262
-1.36166
-1.16492
-0.211521
-1.12088
-0.408384
-0.334416
-0.549704
-0.464381
1.3144
1.81199
0.168778
0.00318192
-0.583334
-0.580587
0.890382
0.585273
0.0786846
-0.977289
-0.826323
-1.10023
-1.5394
-0.556515
-1.15687
-1.08243
-1.4204
-0.0186896
-0.532387
-0.462783
-0.103034
0.198978
-0.680366
-1.50123
-0.805619
-0.616782
-2.64332
-1.8563
-1.34246
-1.89818
-1.36136
-1.08234
-0.928736
-0.237603
-1.04873
-0.297216
-0.401102
-0.253309
-0.307489
-0.26483
-0.00465123
1.05006
-0.866083
-0.0056357
-0.688789
0.836315
-0.0114201
1.12132
-0.217102
0.554773
0.911532
0.462005
-0.0658476
-0.642105
-0.467568
-0.615548
-0.183343
0.653613
-0.820194
-2.0449
-1.26443
-3.18148
-2.23783
-1.75368
-0.877635
-0.507776
-0.389285
0.290873
0.570428
-0.872204
0.590325
0.010068
0.682043
1.19837
0.152382
-0.208658
1.28921
-0.0415137
0.49903
0.72461
0.179947
0.0208755
1.73338
1.46099
0.688163
0.0825389
0.222853
-0.630198
0.742443
0.700168
1.08801
0.290269
0.894544
1.18814
1.24856
0.94084
1.04396
0.377901
0.550552
0.572282
0.266414
2.02755
0.934505
1.5793
-0.479886
0.239582
-0.230666
-0.53417
-0.201113
0.0700953
0.37337
-0.558228
0.867617
0.689158
0.280394
0.665876
0.54055
0.299621
-0.639779
0.0599106
-0.7688
-0.509036
1.06423
0.607919
-0.354889
-0.600223
-0.914713
0.707744
1.34149
0.136217
1.2158
-0.101357
-0.0926465
-1.23252
-0.281506
0.612022
-0.508479
-0.542367
-0.360816
-0.129364
0.297139
1.03138
-0.359094
-0.19676
-1.06909
-0.176763
-1.3038
-0.7
0.56283
0.0995251
0.632259
0.270829
0.989731
1.89783
1.82772
0.567415
-0.103578
2.72133
2.25266
1.12291
-0.0531501
0.361254
0.709379
0.626134
0.782262
0.365871
0.440778
0.836542
-0.0694417
1.14391
0.556163
-0.877402
-0.347742
0.0657819
0.109693
0.513146
-1.56191
0.213794
-0.878489
0.541595
1.04775
0.560243
1.60607
0.36629
-0.587086
1.17008
1.28153
1.00217
0.975073
0.399179
1.05125
0.775227
-1.3135
0.338496
0.444962
-0.00812207
0.0966658
0.516461
0.820773
1.26332
2.18072
0.574395
0.654419
1.50101
0.798296
0.607837
-0.534047
-0.0207947
-0.492234
0.590895
0.287923
0.205307
0.785888
0.652691
0.563897
0.315408
-0.216428
0.136818
-0.467456
-0.259681
1.29708
1.42369
1.37357
0.309138
0.733963
2.34456
3.71842
1.86871
2.20886
2.14638
0.114835
1.70476
-0.0363058
0.475408
1.28093
1.13867
0.551252
-0.188144
-0.204645
-0.171316
-1.4737
-1.81398
-0.920439
-0.337967
-0.878924
-1.08491
1.8286
1.54699
0.984058
0.496388
0.653601
0.305998
0.337632
-0.0134288
0.440047
1.34903
1.46463
0.872822
0.899083
0.939182
1.54683
0.231203
1.98265
0.805124
0.196411
0.426718
1.71146
0.540868
0.4755
-0.341303
0.728144
-1.1981
0.30596
0.199761
0.31969
0.303623
0.949909
0.728856
0.989716
0.829927
0.0648339
-1.04171
0.33373
-0.807059
-1.16292
-0.910657
-0.652152
-0.716367
-1.96301
-0.746545
-1.49378
-0.481564
0.0416309
0.0855618
-0.40079
-0.719221
1.65353
-0.29144
-0.920935
-1.25252
-0.505174
-0.118887
-0.0842758
-0.397487
-1.3455
-0.595423
-0.351342
-0.634193
0.650354
0.66734
0.162889
0.491668
-0.389913
0.0840039
0.433639
0.775368
1.30298
1.23729
0.274634
-0.309212
-0.403638
-1.53619
-0.835116
-1.03419
-1.25538
-1.10726
-1.40174
-0.82507
0.533847
-0.342689
-1.31989
-1.30309
-0.639969
-0.044013
0.532778
-0.657495
-1.40003
-1.00778
-1.20328
0.0531885
0.755839
1.1492
0.625752
0.676541
1.45812
0.975649
0.416304
0.0978428
0.510972
0.0952909
-0.401857
-0.568698
-1.81904
-1.45931
-0.767306
-1.78927
-0.778256
-2.06977
-1.30825
-0.161027
-1.0835
-0.504781
0.233855
-0.257106
0.396793
-0.701737
0.845505
-0.29084
0.0718175
0.354431
-0.366686
-0.00245793
1.00062
-1.20871
-0.59446
-0.868474
-0.545044
1.10999
0.690195
-0.219348
0.324723
0.8082
-0.954336
-0.426448
0.565982
-0.11303
-1.19618
-0.253917
0.348705
1.09513
-0.156144
-1.19597
-0.690438
-1.11933
-1.02959
-1.89785
-1.02941
-0.585988
-0.560078
-1.34683
-0.664432
-0.792703
0.160151
-0.109222
-0.404854
0.124106
0.0249261
-0.219964
-0.484939
-0.930329
-1.07798
-0.13374
-0.973838
-0.146727
0.347406
-0.321429
-0.493327
0.135701
-1.04941
0.785943
-0.0104655
0.550393
0.425787
-0.247358
-0.569915
-0.0872073
0.76632
-0.458257
-1.73505
-1.89991
-2.53356
-1.19847
0.517607
-0.688507
-0.422093
-0.777837
-0.486051
-0.570844
0.832556
-0.161178
-1.16111
-1.3459
0.193414
-0.593515
-0.88492
-1.09538
-0.527967
-0.534988
0.0629893
-1.43541
-1.44826
-0.439035
-0.177882
-1.10299
-0.430144
0.900114
0.460091
0.398765
0.485723
0.709842
1.06142
0.987223
-0.0402878
-1.08175
-0.763445
-0.172709
-0.0325229
0.784477
0.64953
0.312234
0.480525
0.223513
-0.209728
0.17626
0.20414
0.346327
-0.73248
-1.02485
-0.12775
-0.652026
0.375235
0.0157274
0.167897
-0.190416
-0.411897
0.622758
0.675006
-0.87104
0.718434
0.285535
-0.0592479
0.832274
1.12714
-1.19464
0.264074
-0.033435
0.059823
1.30326
1.13178
0.768504
0.651292
-0.250258
-0.997563
0.0355035
0.261286
0.845489
2.08111
0.683018
1.46922
1.56293
0.772986
0.956337
0.0895596
0.631545
0.488236
0.167359
1.62064
2.23485
1.28066
0.483743
-0.400869
-0.0699836
-1.82745
0.287937
-0.826893
-0.414764
-0.603093
0.0717403
0.675393
0.371458
1.91961
0.432188
0.397529
-0.162691
1.00015
0.7117
0.433092
-0.902562
1.28546
1.09036
0.466015
1.31672
1.68113
-0.0250617
0.564996
1.84445
1.54288
0.314884
0.376424
0.203536
-0.362571
0.437718
1.05998
0.978761
0.695576
-0.131739
0.365141
0.611801
-0.302625
-0.654964
-0.713952
0.696928
0.128636
0.0891571
0.256207
0.106262
1.32466
1.34131
1.68805
1.46426
1.06121
0.772853
1.87071
0.904463
1.31967
1.15641
0.882836
1.36322
0.060207
0.327475
0.515814
-0.152787
0.843994
1.58178
0.570305
0.359396
0.875659
1.16889
0.675205
0.316016
2.09124
2.79023
1.75784
1.18573
2.16939
1.87676
2.97499
2.98712
2.64015
2.22041
1.20336
1.96934
0.948762
0.2514
1.61695
3.18727
1.70596
1.13931
0.685145
0.648181
0.498509
1.3701
0.809759
0.374719
1.13418
1.06391
1.61009
2.75802
1.02995
1.07235
1.01587
0.916496
2.2821
0.804316
0.749377
1.23031
1.97259
0.765802
0.903269
0.0621043
0.102968
1.25974
0.584355
0.604347
0.895164
0.0343208
-0.484124
-0.141997
-0.322997
-0.380435
-1.75689
-0.948659
-0.577038
-2.59468
-1.27511
-1.58026
-0.158972
-0.178494
-1.00824
-0.406151
0.213944
0.744105
0.594404
0.179296
0.516665
1.06239
0.838688
0.430748
0.171876
0.35474
0.830659
0.0626322
-0.353057
0.313291
-0.553637
-0.618659
0.950343
-0.165743
-0.63469
-1.2756
-1.90741
-1.00578
-1.56333
-1.16622
-0.0326106
0.0328878
0.69156
0.326744
-0.746945
0.346088
-0.156201
0.437756
1.34485
0.900132
1.75395
0.881204
-0.299768
1.02902
1.04526
0.408185
0.351973
0.558243
1.35929
2.19482
0.843539
1.16499
-0.231509
0.0501621
0.892149
0.806517
-0.0585432
-0.0707448
-1.30547
0.121567
0.619777
1.30768
0.73777
-0.690343
0.0959911
0.985904
1.22106
0.398835
1.54836
0.608059
0.442564
-0.0638019
-0.813791
-0.0247609
0.121563
0.248584
1.51784
0.873559
-0.941948
0.120176
1.23218
0.780219
-0.303766
-0.412481
0.196238
0.632078
0.797267
-0.0155673
0.841685
1.07531
2.14745
2.08866
1.37899
0.29997
-0.569218
0.59014
0.434512
0.320217
1.00574
0.489416
1.22529
0.283669
-0.243444
1.61355
2.70284
1.97237
0.505457
0.801896
-0.266907
-0.233645
-0.584599
0.105252
0.724212
-0.0507462
0.335207
1.55618
1.11555
2.20919
1.47878
2.28098
1.1248
1.75186
0.104561
0.340223
0.636676
1.87334
0.913683
0.946724
-0.0346181
-0.736402
0.661391
0.0126096
0.431725
1.34221
1.10831
1.16572
0.770565
1.70193
0.776252
-0.28203
-0.699668
0.108147
0.767895
1.47094
0.756301
0.669539
-0.570517
-1.20926
-0.064625
-0.581953
-0.767947
-1.35016
-1.25437
-0.472162
-0.245919
-0.0633293
-0.869631
-0.670409
-1.14468
-0.511904
1.30666
0.572856
