503
397
403
392
374
388
445
482
577
361
390
398
599
464
486
447
418
388
417
463
441
415
463
405
513
451
537
477
484
273
471
419
418
437
538
398
366
378
456
408
420
477
452
405
452
457
381
635
517
451
417
454
427
398
465
425
502
434
497
445
487
267
466
481
573
495
425
418
524
428
618
554
545
454
458
492
448
394
485
458
419
598
663
482
561
528
520
510
523
554
483
431
419
444
405
423
417
490
434
542
448
585
373
470
408
500
485
421
531
493
396
493
430
430
400
433
454
512
480
423
463
610
403
599
538
452
465
544
546
667
426
479
416
401
553
467
459
533
524
549
481
526
414
434
448
491
415
533
504
677
603
557
448
411
384
427
496
496
468
480
460
507
400
434
658
577
660
419
543
437
554
494
391
435
451
482
478
399
408
697
457
797
457
372
492
574
515
426
430
358
510
411
454
490
569
804
549
569
454
518
473
396
466
559
558
717
498
578
411
462
426
492
430
500
519
515
412
466
412
541
603
517
409
517
521
457
605
518
553
584
491
427
568
565
627
607
471
556
550
518
566
462
539
525
443
530
505
571
523
474
564
528
504
490
448
468
604
501
425
568
431
391
418
513
492
535
716
474
434
558
530
405
456
473
564
447
491
504
479
501
437
607
485
432
435
484
469
437
478
484
465
494
451
456
427
546
501
487
585
425
543
574
442
497
419
477
561
498
532
578
628
562
483
429
468
461
463
526
542
494
515
421
419
504
401
539
481
594
465
464
522
491
526
512
406
457
466
524
463
514
437
588
456
513
500
460
537
513
503
484
456
482
503
443
476
539
513
428
560
513
636
558
615
571
478
454
659
442
-4000
627
542
515
538
482
548
674
409
494
410
419
480
489
417
605
598
489
448
527
411
547
557
513
528
455
509
479
426
448
429
435
457
492
477
452
487
413
438
438
496
476
482
483
548
476
612
835
566
523
496
462
453
506
416
512
555
417
318
547
501
542
466
494
472
658
502
421
521
524
526
424
624
508
413
511
576
660
632
591
534
492
473
549
611
458
567
581
528
444
485
562
457
457
551
544
515
511
690
640
522
530
524
541
538
644
548
451
462
543
519
522
678
613
477
579
508
573
481
549
620
639
563
490
547
689
436
568
575
481
530
450
521
545
472
553
504
440
-4000
595
591
479
469
467
588
536
568
569
536
570
666
563
477
487
499
568
464
605
482
658
505
402
504
506
403
434
456
680
433
404
483
464
472
512
668
543
618
571
421
500
417
381
461
429
566
583
521
426
726
633
472
428
399
457
425
429
598
483
559
497
651
684
610
470
735
538
445
426
452
461
525
498
488
426
592
586
419
503
473
492
470
447
569
606
632
611
629
648
436
438
504
591
503
554
487
487
447
484
455
440
514
528
434
469
449
487
550
517
526
422
489
497
566
458
518
452
482
502
582
511
379
429
400
551
564
485
526
458
496
651
536
476
504
543
505
437
473
399
550
487
549
476
441
658
650
481
575
527
499
479
696
567
422
367
563
491
595
509
636
481
716
613
509
634
594
508
525
491
559
507
491
512
-4000
570
434
631
481
400
533
490
924
460
416
452
512
567
485
443
495
549
412
406
583
450
584
562
517
395
569
569
541
545
549
522
585
569
556
622
590
545
569
517
473
484
434
483
412
430
453
469
481
467
574
595
611
463
559
538
460
584
505
503
553
622
501
431
113
612
608
486
428
403
401
470
573
477
488
394
449
491
556
473
452
492
585
466
566
509
496
543
488
502
552
497
563
567
525
661
489
500
567
563
443
450
521
577
491
500
541
498
546
649
432
515
540
528
630
636
522
546
533
559
582
728
565
573
519
492
502
521
559
516
609
774
512
483
538
571
569
571
602
471
527
570
500
464
426
465
483
419
474
570
442
620
410
449
536
501
570
620
644
538
613
589
596
542
593
532
629
617
526
516
661
529
527
450
411
611
3042
623
529
550
586
395
548
668
526
766
455
762
807
511
531
434
611
437
471
435
530
627
637
455
482
615
577
507
567
529
510
658
378
550
535
586
489
419
541
660
780
769
588
452
519
399
713
541
670
533
665
514
492
508
682
711
507
405
389
476
577
567
529
545
547
534
591
472
762
477
654
905
576
502
561
538
513
760
638
465
600
573
638
485
573
542
522
496
452
551
529
518
580
465
490
486
620
544
543
507
527
-4000
594
567
539
867
597
633
556
444
534
541
597
581
420
460
506
442
424
443
489
486
506
523
476
533
408
561
627
549
693
571
477
574
613
815
531
556
481
487
476
542
501
505
400
442
383
406
470
519
461
510
466
562
435
540
469
466
379
488
372
763
552
597
455
492
471
586
659
588
456
616
519
484
436
557
602
677
594
603
618
401
549
560
478
453
536
519
548
552
572
523
503
356
432
448
499
499
440
542
472
537
475
479
481
485
494
438
609
758
819
633
423
497
630
386
637
679
528
666
1088
470
498
524
499
515
440
419
368
430
384
650
472
480
441
471
436
408
530
488
493
507
426
512
