384
528
498
561
487
640
465
509
503
529
598
541
565
450
589
594
574
506
536
493
531
544
610
474
555
528
583
497
523
515
527
681
504
516
544
497
586
590
524
467
507
499
545
515
564
522
640
582
613
535
639
589
516
431
522
583
491
508
501
606
641
505
587
542
562
584
605
628
533
605
662
543
546
654
650
574
527
569
627
576
523
523
555
524
598
618
600
555
547
492
598
633
599
578
589
697
568
569
548
669
592
590
573
582
567
689
558
584
653
560
550
600
594
848
712
533
574
627
569
658
561
542
589
536
545
585
583
564
540
580
563
665
577
562
632
573
600
526
541
562
614
548
566
554
520
557
528
500
541
530
555
692
600
565
561
506
561
545
535
476
615
572
526
593
516
547
498
535
491
539
537
655
620
536
515
571
699
517
554
587
517
910
516
707
586
598
680
545
632
534
550
843
613
660
544
570
670
534
565
595
543
652
576
617
555
555
675
563
556
607
542
642
545
632
674
736
618
702
540
504
543
543
573
711
634
549
545
553
586
626
553
617
599
548
455
597
790
579
662
549
564
514
592
596
533
654
849
571
542
580
573
505
636
556
581
574
550
675
750
542
541
541
579
583
525
615
636
611
584
522
528
737
525
658
614
648
633
561
561
571
622
558
621
573
555
535
691
545
537
543
584
571
635
566
616
593
534
564
594
616
604
604
599
570
514
495
503
566
663
554
526
592
676
565
546
533
545
680
554
575
727
610
562
616
748
606
552
626
676
596
740
565
501
602
557
547
525
524
615
626
617
621
804
634
606
612
599
536
673
523
571
572
749
679
572
703
621
629
645
546
694
648
614
609
635
558
552
558
681
637
596
579
577
559
582
572
590
571
624
512
566
449
528
528
524
576
577
541
641
531
626
599
663
626
687
658
605
586
545
563
541
524
464
486
547
558
586
674
446
577
625
531
517
471
515
671
709
583
541
547
684
583
558
638
756
744
613
564
648
644
500
605
651
544
569
561
574
612
635
547
490
600
638
605
652
503
560
691
671
570
721
732
722
733
638
795
579
531
577
632
565
624
653
565
667
547
675
589
552
561
639
654
648
714
602
763
613
557
609
678
632
631
580
579
530
699
621
628
700
620
540
671
618
572
744
693
629
642
586
681
574
610
520
524
587
604
624
545
619
597
629
624
656
605
656
600
643
632
574
511
593
602
575
570
589
600
609
605
619
664
721
610
590
557
529
605
813
607
640
646
627
548
646
615
574
582
661
648
601
587
540
572
561
585
580
557
595
557
496
572
567
701
545
199
711
458
436
517
600
527
503
523
533
615
570
566
504
660
609
637
497
699
601
640
601
759
708
679
685
626
674
477
549
657
561
700
672
537
558
605
512
627
690
527
492
600
558
535
574
528
575
557
516
572
507
514
506
601
520
476
541
525
629
493
424
536
590
610
503
558
567
464
494
591
596
605
493
644
595
527
716
627
568
603
471
603
521
582
619
542
552
614
667
487
730
589
542
522
491
583
779
588
723
568
543
503
667
605
576
518
573
527
616
514
559
768
558
603
622
604
601
512
527
517
771
629
615
583
526
561
556
590
572
571
540
621
775
743
719
591
562
683
672
590
526
512
581
524
595
568
553
626
535
644
448
486
474
530
577
658
565
563
505
501
510
604
626
633
646
511
539
532
591
726
698
620
508
469
544
534
495
508
539
541
523
627
590
507
703
591
564
643
707
707
628
489
454
524
530
570
517
566
517
566
584
592
523
545
440
516
533
477
527
663
513
547
481
486
633
655
542
611
537
524
548
502
529
851
489
683
484
488
598
906
512
557
416
533
587
539
526
520
576
604
537
530
516
595
490
405
631
557
894
509
617
513
523
462
519
552
551
482
670
572
613
737
575
536
631
530
572
607
572
741
739
670
676
561
507
626
514
718
587
517
549
576
684
655
620
592
587
571
537
615
621
543
613
578
623
554
633
621
756
557
541
707
682
748
469
458
512
683
552
587
632
570
557
630
545
622
504
507
569
556
646
561
607
567
676
516
503
588
557
540
555
566
606
539
672
529
496
543
598
520
495
523
502
472
530
604
603
542
596
547
565
619
680
634
600
498
547
505
569
515
640
534
640
565
621
546
606
521
577
546
560
422
503
532
548
584
558
617
514
574
534
505
537
559
508
520
581
635
580
607
689
633
566
529
547
464
571
596
516
593
584
548
607
668
502
607
531
577
558
535
412
574
477
451
600
507
509
496
800
934
814
617
569
585
563
466
554
549
477
517
552
469
613
586
550
711
563
530
613
524
676
519
559
600
183
662
715
670
704
741
710
564
477
570
436
666
549
806
790
607
527
685
477
517
699
564
560
547
551
496
588
528
576
619
542
541
691
628
509
562
702
503
599
527
543
562
508
584
715
595
626
565
593
495
633
543
549
495
599
619
598
621
669
491
646
500
458
508
572
632
580
519
656
559
520
748
638
599
529
683
606
505
514
542
531
493
565
727
596
586
595
559
630
562
529
507
