 -1.7600000e-001	
 -2.7000000e-002	
  1.2400000e-001	
  5.8400000e-001	
  2.4900000e-001	
  2.6700000e-001	
  3.1500000e-001	
  5.3700000e-001	
  6.8100000e-001	
  9.7400000e-001	
  1.3270000e+000	
  1.1920000e+000	
  1.3670000e+000	
  1.6760000e+000	
  1.9870000e+000	
  1.7280000e+000	
  1.7930000e+000	
  1.9140000e+000	
  2.2960000e+000	
  2.5890000e+000	
  2.3320000e+000	
  2.8150000e+000	
  2.8150000e+000	
  2.8480000e+000	
  3.2770000e+000	
  3.6810000e+000	
  3.8880000e+000	
  4.1080000e+000	
  4.3460000e+000	
  4.2910000e+000	
  4.7860000e+000	
  4.5240000e+000	
  4.6650000e+000	
  5.1420000e+000	
  5.5170000e+000	
  5.9940000e+000	
  5.5510000e+000	
  5.7660000e+000	
  5.8950000e+000	
  6.2160000e+000	
  5.7240000e+000	
  5.6500000e+000	
  5.9380000e+000	
  5.7590000e+000	
  5.6980000e+000	
  6.0290000e+000	
  5.5420000e+000	
  5.5860000e+000	
  5.1060000e+000	
  4.8090000e+000	
  4.7660000e+000	
  4.6730000e+000	
  4.9690000e+000	
  5.0860000e+000	
  5.4990000e+000	
  5.5190000e+000	
  5.4610000e+000	
  5.3910000e+000	
  5.1660000e+000	
  4.7540000e+000	
  4.3310000e+000	
  3.9500000e+000	
  4.3740000e+000	
  4.5180000e+000	
  4.0670000e+000	
  4.1130000e+000	
  4.1150000e+000	
  3.6570000e+000	
  3.2570000e+000	
  2.8220000e+000	
  3.0060000e+000	
  3.3440000e+000	
  3.3600000e+000	
  3.0950000e+000	
  2.7500000e+000	
  2.2850000e+000	
  2.4960000e+000	
  2.9520000e+000	
  3.3510000e+000	
  3.2540000e+000	
  3.4610000e+000	
  3.1840000e+000	
  3.4420000e+000	
  3.2150000e+000	
  2.8410000e+000	
  3.2940000e+000	
  3.5460000e+000	
  3.9720000e+000	
  3.7610000e+000	
  3.5010000e+000	
  3.3520000e+000	
  3.3330000e+000	
  3.1930000e+000	
  2.8500000e+000	
  2.4670000e+000	
  2.6270000e+000	
  2.6440000e+000	
  2.6230000e+000	
  2.7910000e+000	
  2.8860000e+000	
  2.9110000e+000	
  3.1710000e+000	
  3.0640000e+000	
  2.5780000e+000	
  2.1200000e+000	
  2.2880000e+000	
  1.9590000e+000	
  1.8770000e+000	
  1.5240000e+000	
  1.6320000e+000	
  2.1130000e+000	
  2.0490000e+000	
  2.0620000e+000	
  2.1310000e+000	
  1.9850000e+000	
  1.7640000e+000	
  1.9950000e+000	
  1.7170000e+000	
  1.3860000e+000	
  1.2040000e+000	
  8.8400000e-001	
  7.8300000e-001	
  9.4800000e-001	
  8.6000000e-001	
  5.5500000e-001	
  4.6100000e-001	
  3.6700000e-001	
 -5.8000000e-002	
 -4.0300000e-001	
 -3.1400000e-001	
 -4.4200000e-001	
 -6.6700000e-001	
 -8.4300000e-001	
 -5.7400000e-001	
 -6.9500000e-001	
 -7.1800000e-001	
 -3.1300000e-001	
  5.7000000e-002	
  4.0000000e-001	
  4.8300000e-001	
  5.2200000e-001	
  3.1400000e-001	
  4.5600000e-001	
  3.3300000e-001	
  6.7900000e-001	
  3.9600000e-001	
 -3.6000000e-002	
 -1.8400000e-001	
  2.2000000e-002	
  1.8600000e-001	
 -1.2800000e-001	
 -2.4200000e-001	
 -1.6200000e-001	
 -6.8000000e-002	
  1.6600000e-001	
  5.6400000e-001	
  8.6000000e-002	
  7.6000000e-002	
 -3.9400000e-001	
 -3.2200000e-001	
 -5.3000000e-001	
 -9.4400000e-001	
 -8.7800000e-001	
 -6.1400000e-001	
 -9.5300000e-001	
 -5.4600000e-001	
 -6.7600000e-001	
 -2.3700000e-001	
 -5.6000000e-001	
 -9.1600000e-001	
 -7.4700000e-001	
 -5.6500000e-001	
 -5.5300000e-001	
 -7.0000000e-002	
  4.0900000e-001	
  7.6000000e-001	
  9.8200000e-001	
  6.2600000e-001	
  4.1100000e-001	
  6.8000000e-002	
  1.1000000e-002	
 -1.2100000e-001	
  1.5300000e-001	
  2.8500000e-001	
  4.1900000e-001	
  6.6400000e-001	
  7.3300000e-001	
  9.2100000e-001	
  1.0710000e+000	
  1.1490000e+000	
  7.5000000e-001	
  4.3200000e-001	
  4.0500000e-001	
  5.4600000e-001	
  8.1000000e-001	
  1.0180000e+000	
  1.5140000e+000	
  1.7800000e+000	
  2.0160000e+000	
  2.5150000e+000	
  2.6250000e+000	
  2.6160000e+000	
  2.8180000e+000	
  2.3850000e+000	
  2.8690000e+000	
  3.1780000e+000	
  3.3330000e+000	
  2.8990000e+000	
  2.6120000e+000	
  2.8290000e+000	
  2.9740000e+000	
  2.5680000e+000	
  2.5380000e+000	
  2.7710000e+000	
  2.2740000e+000	
  2.7590000e+000	
  2.7270000e+000	
  2.3910000e+000	
  2.8590000e+000	
  2.8640000e+000	
  2.7770000e+000	
  2.4260000e+000	
  2.8340000e+000	
  2.3900000e+000	
  2.8820000e+000	
  3.2360000e+000	
  3.2350000e+000	
  2.7630000e+000	
  2.3480000e+000	
  2.0990000e+000	
  2.3860000e+000	
  2.2650000e+000	
  2.1690000e+000	
  1.9700000e+000	
  1.9580000e+000	
  1.8200000e+000	
  1.3320000e+000	
  9.7100000e-001	
  1.2860000e+000	
  1.1360000e+000	
  1.1710000e+000	
  6.7200000e-001	
  9.8300000e-001	
  1.0140000e+000	
  1.1260000e+000	
  1.0250000e+000	
  8.7900000e-001	
  1.3360000e+000	
  1.7280000e+000	
  1.8560000e+000	
  1.6470000e+000	
  1.4870000e+000	
  1.5390000e+000	
  1.8020000e+000	
  1.4490000e+000	
  1.1840000e+000	
  9.7500000e-001	
  7.2900000e-001	
  1.0270000e+000	
  6.0200000e-001	
  4.5800000e-001	
  5.3400000e-001	
  7.4100000e-001	
  1.1580000e+000	
  9.3700000e-001	
  6.3700000e-001	
  1.0360000e+000	
  6.9400000e-001	
  6.7900000e-001	
  8.3100000e-001	
  1.0380000e+000	
  1.4570000e+000	
  1.6130000e+000	
  2.1000000e+000	
  2.3030000e+000	
  2.6790000e+000	
  2.7020000e+000	
  2.8240000e+000	
  3.0380000e+000	
  3.2530000e+000	
  3.2180000e+000	
  2.7900000e+000	
  3.1410000e+000	
  3.5610000e+000	
  3.1290000e+000	
  3.6180000e+000	
  3.5030000e+000	
  3.5780000e+000	
  3.4070000e+000	
  3.4340000e+000	
  3.7130000e+000	
  3.4560000e+000	
  3.4540000e+000	
  3.2260000e+000	
  2.8150000e+000	
  2.3530000e+000	
  2.1840000e+000	
  2.6550000e+000	
  2.9130000e+000	
  2.7330000e+000	
  3.0500000e+000	
  2.6580000e+000	
  2.3760000e+000	
  1.9840000e+000	
  2.4760000e+000	
  2.8030000e+000	
  3.1060000e+000	
  3.1100000e+000	
  3.3740000e+000	
  3.3090000e+000	
  3.1880000e+000	
  3.1640000e+000	
  3.0900000e+000	
  2.7190000e+000	
  2.5070000e+000	
  2.4850000e+000	
  2.8490000e+000	
  2.5910000e+000	
  2.6900000e+000	
  2.5460000e+000	
  3.0230000e+000	
  3.3510000e+000	
  3.5970000e+000	
  3.9870000e+000	
  4.0520000e+000	
  3.6560000e+000	
  3.7840000e+000	
  3.8740000e+000	
  4.0870000e+000	
  4.3780000e+000	
  4.8640000e+000	
  5.2770000e+000	
  4.8750000e+000	
  5.1870000e+000	
  5.3320000e+000	
  4.9030000e+000	
  4.8110000e+000	
  4.6800000e+000	
  5.0240000e+000	
  5.0530000e+000	
  5.4400000e+000	
  5.8890000e+000	
  5.6760000e+000	
  5.8250000e+000	
  5.7900000e+000	
  5.3430000e+000	
  5.3400000e+000	
  5.2860000e+000	
  4.9250000e+000	
  5.1390000e+000	
  4.8120000e+000	
  4.7540000e+000	
  4.3470000e+000	
  4.7770000e+000	
  4.6090000e+000	
  4.5270000e+000	
  4.2410000e+000	
  4.5030000e+000	
  4.5040000e+000	
  4.2400000e+000	
  4.6910000e+000	
  4.2580000e+000	
  4.2130000e+000	
  3.7510000e+000	
  4.1930000e+000	
  4.3040000e+000	
  4.0310000e+000	
  3.9130000e+000	
  4.1630000e+000	
  3.8210000e+000	
  4.1420000e+000	
  4.2070000e+000	
  4.0560000e+000	
  4.3770000e+000	
  4.3520000e+000	
  4.3080000e+000	
  3.8290000e+000	
  4.1990000e+000	
  4.0980000e+000	
  3.8940000e+000	
  4.0890000e+000	
  4.2660000e+000	
  4.1280000e+000	
  4.2120000e+000	
  4.2280000e+000	
  4.3390000e+000	
  4.0320000e+000	
  4.1890000e+000	
  3.8550000e+000	
  4.2240000e+000	
  4.1760000e+000	
  4.2060000e+000	
  3.8000000e+000	
  3.6670000e+000	
  3.5310000e+000	
  3.8010000e+000	
  4.1000000e+000	
  4.0330000e+000	
  3.5380000e+000	
  3.7750000e+000	
  3.8220000e+000	
  4.2190000e+000	
  4.0030000e+000	
  3.7000000e+000	
  4.1000000e+000	
  4.0820000e+000	
  3.8160000e+000	
  3.3260000e+000	
  3.8080000e+000	
  3.7680000e+000	
  4.2050000e+000	
  4.1730000e+000	
  3.8360000e+000	
  3.5160000e+000	
  3.3820000e+000	
  3.7700000e+000	
  4.2680000e+000	
  3.8060000e+000	
  3.7780000e+000	
  4.2210000e+000	
  4.6920000e+000	
  4.6250000e+000	
  5.0610000e+000	
  4.7030000e+000	
  5.0740000e+000	
  4.7620000e+000	
  5.1990000e+000	
  5.6150000e+000	
  5.5990000e+000	
  5.3130000e+000	
  4.8470000e+000	
  5.2290000e+000	
  4.8090000e+000	
  4.7590000e+000	
  4.7640000e+000	
  4.5440000e+000	
  4.7060000e+000	
  4.6500000e+000	
  5.0320000e+000	
  5.0740000e+000	
  5.4900000e+000	
  5.3870000e+000	
  5.1990000e+000	
  4.8360000e+000	
  4.3420000e+000	
  3.9600000e+000	
  3.9500000e+000	
  4.2580000e+000	
  3.8010000e+000	
  3.8410000e+000	
  3.9830000e+000	
  4.3690000e+000	
  4.6520000e+000	
  4.3910000e+000	
  4.1730000e+000	
  3.7700000e+000	
  3.4940000e+000	
  3.9460000e+000	
  3.5650000e+000	
  3.0840000e+000	
  3.4610000e+000	
  3.7000000e+000	
  3.6030000e+000	
  3.6230000e+000	
  3.6620000e+000	
  3.3080000e+000	
  2.8930000e+000	
  2.8010000e+000	
  3.1180000e+000	
  2.9170000e+000	
  3.4040000e+000	
  3.5420000e+000	
  3.1850000e+000	
  3.1760000e+000	
  2.9590000e+000	
  3.4430000e+000	
  3.0010000e+000	
  3.1290000e+000	
  3.0750000e+000	
  3.2640000e+000	
  3.3670000e+000	
  3.5430000e+000	
  3.9370000e+000	
  4.2660000e+000	
  4.3500000e+000	
  4.0000000e+000	
  4.4210000e+000	
  3.9960000e+000	
  3.8110000e+000	
  3.3250000e+000	
  3.2390000e+000	
  3.6350000e+000	
  3.5930000e+000	
  3.4280000e+000	
  3.3750000e+000	
  3.2770000e+000	
  3.4150000e+000	
  3.1550000e+000	
  3.5350000e+000	
  3.1740000e+000	
  2.8250000e+000	
  3.2050000e+000	
  2.9270000e+000	
  2.9630000e+000	
  2.8940000e+000	
  2.8000000e+000	
  2.3990000e+000	
  2.0920000e+000	
  2.2700000e+000	
  2.4630000e+000	
  2.3160000e+000	
  2.5780000e+000	
  2.3880000e+000	
  2.5180000e+000	
  2.9990000e+000	
  2.8140000e+000	
  2.5060000e+000	
  2.2770000e+000	
  2.3110000e+000	
  2.6150000e+000	
  2.6340000e+000	
  2.5530000e+000	
  2.1700000e+000	
  2.0010000e+000	
  1.8080000e+000	
  2.1830000e+000	
  2.2900000e+000	
  1.9590000e+000	
  2.4580000e+000	
  2.1060000e+000	
  1.8390000e+000	
  1.4130000e+000	
  1.4240000e+000	
  1.5580000e+000	
  1.1890000e+000	
  1.2140000e+000	
  9.4200000e-001	
  4.7800000e-001	
  7.7800000e-001	
  9.6200000e-001	
  5.9200000e-001	
  7.0100000e-001	
  9.4100000e-001	
  1.2860000e+000	
  1.1020000e+000	
  6.5200000e-001	
  1.0620000e+000	
  1.4910000e+000	
  1.7810000e+000	
  1.6010000e+000	
  1.7010000e+000	
  2.1720000e+000	
  2.5630000e+000	
  2.4400000e+000	
  1.9530000e+000	
  1.8330000e+000	
  1.3650000e+000	
  1.1740000e+000	
  8.6900000e-001	
  9.5000000e-001	
  9.1400000e-001	
  6.2900000e-001	
  7.1300000e-001	
  2.2600000e-001	
 -1.6100000e-001	
  1.2400000e-001	
 -1.7500000e-001	
 -3.5800000e-001	
 -3.5600000e-001	
 -1.8500000e-001	
 -4.6800000e-001	
 -3.9100000e-001	
 -4.5300000e-001	
 -7.3700000e-001	
 -4.6300000e-001	
 -9.1000000e-002	
 -1.3700000e-001	
 -1.2400000e-001	
  9.0000000e-002	
  5.8100000e-001	
  4.0300000e-001	
  4.6600000e-001	
  2.7800000e-001	
  5.5500000e-001	
  6.4000000e-002	
  1.2300000e-001	
  6.8000000e-002	
 -1.3400000e-001	
 -2.5700000e-001	
 -1.5800000e-001	
 -1.9200000e-001	
 -4.0600000e-001	
 -2.8200000e-001	
 -5.3400000e-001	
 -7.0700000e-001	
 -9.4700000e-001	
 -9.7900000e-001	
 -6.0900000e-001	
 -5.4800000e-001	
 -7.2000000e-002	
 -4.3800000e-001	
 -8.7600000e-001	
 -4.7400000e-001	
 -1.7500000e-001	
  8.7000000e-002	
  4.8600000e-001	
  4.8200000e-001	
  8.8200000e-001	
  3.8400000e-001	
  4.0600000e-001	
  5.8700000e-001	
  8.7500000e-001	
  1.0110000e+000	
  1.3180000e+000	
  1.5520000e+000	
  1.4340000e+000	
  1.2940000e+000	
  1.2870000e+000	
  1.2650000e+000	
  1.6120000e+000	
  2.0300000e+000	
  1.8510000e+000	
  1.6670000e+000	
  1.9140000e+000	
  2.3970000e+000	
  2.5760000e+000	
  2.2550000e+000	
  2.6100000e+000	
  2.3360000e+000	
  2.5720000e+000	
  2.2820000e+000	
  2.4670000e+000	
  2.9530000e+000	
  2.8070000e+000	
  3.0430000e+000	
  3.0230000e+000	
  3.3850000e+000	
  3.4700000e+000	
  3.8600000e+000	
  4.2330000e+000	
  4.1900000e+000	
  4.4310000e+000	
  4.3570000e+000	
  3.9710000e+000	
  3.8820000e+000	
  3.5550000e+000	
  3.3920000e+000	
  3.8860000e+000	
  4.0340000e+000	
  4.0100000e+000	
  4.2460000e+000	
  4.0350000e+000	
  3.5980000e+000	
  3.3870000e+000	
  3.4020000e+000	
  3.7560000e+000	
  3.5170000e+000	
  3.9570000e+000	
  4.0400000e+000	
  3.8810000e+000	
  3.9430000e+000	
  3.6820000e+000	
  3.5070000e+000	
  3.9880000e+000	
  3.8600000e+000	
  3.5140000e+000	
  3.3330000e+000	
  3.0830000e+000	
  2.6100000e+000	
  2.1600000e+000	
  2.4710000e+000	
  2.0580000e+000	
  1.8580000e+000	
  1.8890000e+000	
  1.6740000e+000	
  1.4370000e+000	
  1.5620000e+000	
  1.6180000e+000	
  1.3520000e+000	
  1.0970000e+000	
  1.1580000e+000	
  1.3170000e+000	
  1.4510000e+000	
  1.1120000e+000	
  8.9600000e-001	
  5.6500000e-001	
  7.0000000e-002	
 -1.2100000e-001	
  7.7000000e-002	
 -3.3500000e-001	
 -2.9800000e-001	
 -3.1000000e-002	
  2.5700000e-001	
  3.7600000e-001	
  5.9800000e-001	
  3.8600000e-001	
  7.0400000e-001	
  1.2020000e+000	
  1.0490000e+000	
  7.9500000e-001	
  9.7400000e-001	
  5.5300000e-001	
  8.0800000e-001	
  7.3000000e-001	
  9.1900000e-001	
  1.3660000e+000	
  1.2540000e+000	
  1.0220000e+000	
  1.1440000e+000	
  1.1120000e+000	
  7.8800000e-001	
  6.3900000e-001	
  6.0600000e-001	
  5.3200000e-001	
  3.4000000e-001	
  5.0300000e-001	
  4.2500000e-001	
  8.6200000e-001	
  7.3200000e-001	
  7.0500000e-001	
  3.4700000e-001	
 -4.7000000e-002	
 -4.8200000e-001	
 -6.0100000e-001	
 -8.2100000e-001	
 -9.6400000e-001	
 -8.4000000e-001	
 -9.5800000e-001	
 -1.3880000e+000	
 -1.3050000e+000	
 -1.3390000e+000	
 -1.2670000e+000	
 -1.6920000e+000	
 -1.8890000e+000	
 -1.7620000e+000	
 -1.3130000e+000	
 -1.2750000e+000	
 -1.3380000e+000	
 -1.1860000e+000	
 -1.5570000e+000	
 -1.4810000e+000	
 -1.3190000e+000	
 -1.7270000e+000	
 -1.5800000e+000	
 -1.3620000e+000	
 -1.7720000e+000	
 -2.0480000e+000	
 -1.7450000e+000	
 -1.8660000e+000	
 -1.7910000e+000	
 -1.4560000e+000	
 -1.8980000e+000	
 -2.1330000e+000	
 -2.4220000e+000	
 -2.4740000e+000	
 -2.5030000e+000	
 -2.5250000e+000	
 -3.0120000e+000	
 -3.3850000e+000	
 -3.7260000e+000	
 -3.9080000e+000	
 -3.8770000e+000	
 -3.4900000e+000	
 -3.9230000e+000	
 -3.6550000e+000	
 -3.7930000e+000	
 -3.7860000e+000	
 -3.4970000e+000	
 -3.3280000e+000	
 -2.9140000e+000	
 -2.6940000e+000	
 -3.0760000e+000	
 -3.0800000e+000	
 -2.8430000e+000	
 -2.7940000e+000	
 -2.4720000e+000	
 -2.0900000e+000	
 -2.0040000e+000	
 -1.9410000e+000	
 -2.1170000e+000	
 -1.9570000e+000	
 -1.5400000e+000	
 -2.0090000e+000	
 -2.3820000e+000	
 -2.7670000e+000	
 -3.2570000e+000	
 -2.9990000e+000	
 -3.2060000e+000	
 -2.9790000e+000	
 -3.0220000e+000	
 -2.7860000e+000	
 -2.6510000e+000	
 -2.6430000e+000	
 -2.9790000e+000	
 -2.6390000e+000	
 -2.7590000e+000	
 -2.8150000e+000	
 -2.5700000e+000	
 -2.4920000e+000	
 -2.0420000e+000	
 -1.8820000e+000	
 -1.7010000e+000	
 -1.8750000e+000	
 -2.1320000e+000	
 -2.1780000e+000	
 -2.3770000e+000	
 -1.8890000e+000	
 -1.4010000e+000	
 -9.2600000e-001	
 -1.3440000e+000	
 -1.2360000e+000	
 -1.5650000e+000	
 -1.2310000e+000	
 -1.1600000e+000	
 -1.4290000e+000	
 -1.5270000e+000	
 -1.3030000e+000	
 -1.5320000e+000	
 -1.7100000e+000	
 -1.3720000e+000	
 -1.7430000e+000	
 -1.6720000e+000	
 -2.0410000e+000	
 -1.5960000e+000	
 -1.3700000e+000	
 -1.1400000e+000	
 -8.2600000e-001	
 -1.2700000e+000	
 -1.6810000e+000	
 -1.4670000e+000	
 -1.7660000e+000	
 -1.9380000e+000	
 -1.9040000e+000	
 -2.3620000e+000	
 -1.9360000e+000	
 -2.1890000e+000	
 -2.0310000e+000	
 -2.1850000e+000	
 -2.4290000e+000	
 -2.6240000e+000	
 -2.6630000e+000	
 -2.4880000e+000	
 -2.1670000e+000	
 -2.1070000e+000	
 -1.7720000e+000	
 -1.2810000e+000	
 -8.9800000e-001	
 -1.2130000e+000	
 -8.3700000e-001	
 -1.1110000e+000	
 -1.1180000e+000	
 -7.8200000e-001	
 -1.1250000e+000	
 -1.2390000e+000	
 -8.7600000e-001	
 -7.9800000e-001	
 -4.8400000e-001	
 -5.8000000e-001	
 -9.9200000e-001	
 -1.2790000e+000	
 -1.7260000e+000	
 -1.6100000e+000	
 -1.7340000e+000	
 -2.0630000e+000	
 -1.5680000e+000	
 -1.6780000e+000	
 -1.4090000e+000	
 -1.2980000e+000	
 -9.5300000e-001	
 -1.1160000e+000	
 -1.4690000e+000	
 -1.6120000e+000	
 -2.0910000e+000	
 -1.9710000e+000	
 -1.7090000e+000	
 -1.9980000e+000	
 -1.6010000e+000	
 -1.2260000e+000	
 -1.1880000e+000	
 -1.0190000e+000	
 -1.0190000e+000	
 -1.4830000e+000	
 -1.5690000e+000	
 -1.2480000e+000	
 -1.0960000e+000	
 -7.2600000e-001	
 -1.1010000e+000	
 -9.2300000e-001	
 -8.2800000e-001	
 -8.0600000e-001	
 -8.7600000e-001	
 -9.7300000e-001	
 -4.8700000e-001	
 -1.8700000e-001	
  5.5000000e-002	
  4.0100000e-001	
  3.9900000e-001	
  2.4700000e-001	
  1.0600000e-001	
 -3.0700000e-001	
  7.8000000e-002	
  1.6300000e-001	
  2.1700000e-001	
  2.6000000e-001	
  6.1300000e-001	
  2.1400000e-001	
  4.2600000e-001	
  5.0600000e-001	
  3.9300000e-001	
  4.2700000e-001	
  8.5200000e-001	
  9.8200000e-001	
  7.5600000e-001	
  2.7600000e-001	
  3.0000000e-002	
 -1.2000000e-002	
 -3.0000000e-001	
 -6.5600000e-001	
 -8.7100000e-001	
 -1.1660000e+000	
 -1.6290000e+000	
 -1.2450000e+000	
 -1.0390000e+000	
 -1.0870000e+000	
 -9.1600000e-001	
 -1.1800000e+000	
 -1.5650000e+000	
 -1.9900000e+000	
 -1.5410000e+000	
 -1.8050000e+000	
 -1.5460000e+000	
 -1.6510000e+000	
 -1.2030000e+000	
 -7.5600000e-001	
 -1.2410000e+000	
 -8.2100000e-001	
 -5.5500000e-001	
 -5.7000000e-002	
 -5.1000000e-001	
 -6.8800000e-001	
 -2.1900000e-001	
 -4.3000000e-001	
 -7.5100000e-001	
 -7.5100000e-001	
 -1.1560000e+000	
 -6.9400000e-001	
 -2.9300000e-001	
 -2.7100000e-001	
 -4.2800000e-001	
 -3.6100000e-001	
 -2.8000000e-001	
 -5.0000000e-003	
  3.5500000e-001	
  5.3800000e-001	
  9.9900000e-001	
  1.1850000e+000	
  1.6400000e+000	
  2.0390000e+000	
  1.9550000e+000	
  1.9190000e+000	
  2.1180000e+000	
  2.6160000e+000	
  2.4060000e+000	
  2.8970000e+000	
  2.9650000e+000	
  3.0540000e+000	
  2.7960000e+000	
  3.1920000e+000	
  3.5490000e+000	
  3.1690000e+000	
  3.2270000e+000	
  3.6300000e+000	
  4.0360000e+000	
  4.0740000e+000	
  3.8830000e+000	
  3.4450000e+000	
  3.2530000e+000	
  3.0240000e+000	
  2.6300000e+000	
  2.8170000e+000	
  3.1600000e+000	
  3.2400000e+000	
  3.1720000e+000	
  3.2590000e+000	
  3.5270000e+000	
  3.3690000e+000	
  3.2110000e+000	
  3.1140000e+000	
  3.3660000e+000	
  3.7120000e+000	
  3.7210000e+000	
  4.1950000e+000	
  3.7790000e+000	
  4.0900000e+000	
  4.3490000e+000	
  4.6830000e+000	
  4.2980000e+000	
  4.0230000e+000	
  4.3410000e+000	
  4.8400000e+000	
