1039
290
219
266
218
179
194
163
578
259
291
201
203
203
83
163
115
139
115
147
35
163
115
123
186
98
154
170
74
186
146
186
104
114
130
170
122
130
34
152
410
146
84
402
138
264
202
186
170
146
178
202
122
146
105
82
186
66
138
139
123
161
137
146
123
130
147
74
171
67
116
170
195
203
171
139
115
57
74
123
138
66
138
90
66
98
58
154
130
50
138
138
82
186
154
122
186
98
106
123
90
202
42
138
234
162
138
138
122
122
162
74
170
81
122
154
81
146
154
186
162
90
99
153
49
187
97
59
66
203
121
171
139
139
186
161
227
146
194
170
144
202
178
130
210
186
242
191
178
194
202
178
202
170
146
154
98
106
130
194
177
186
218
84
192
66
162
194
202
154
194
218
170
186
178
186
202
66
186
234
203
147
186
75
211
123
139
163
131
243
171
211
81
203
226
194
114
122
146
186
226
234
242
178
250
169
130
194
162
186
210
210
189
194
178
146
178
122
136
170
90
234
194
178
146
194
138
210
202
130
210
194
193
194
226
170
195
98
177
187
115
199
163
99
179
219
169
131
211
162
169
162
122
106
114
170
162
106
194
136
122
162
178
90
170
146
154
106
170
162
242
162
154
146
186
226
74
218
154
210
218
162
138
200
226
185
202
193
184
146
96
242
195
203
162
219
177
179
219
227
179
219
203
306
227
171
234
170
202
162
226
224
241
226
194
218
194
210
202
250
226
218
186
232
178
264
177
138
162
178
66
186
233
154
194
218
138
210
130
265
170
226
218
210
98
202
154
178
195
147
179
99
163
163
115
145
130
226
90
122
34
170
218
162
80
170
170
138
170
168
160
194
202
234
178
194
146
226
170
258
162
154
122
162
154
66
138
122
90
210
90
114
194
154
210
170
82
192
178
330
146
186
234
10
210
155
251
155
99
211
90
107
131
179
195
251
91
139
114
282
122
58
42
162
210
162
210
258
226
162
186
178
241
178
192
178
234
178
258
218
256
194
218
258
122
186
162
202
242
146
130
338
178
266
130
242
226
194
163
250
146
307
219
115
163
146
195
138
139
107
146
123
147
115
98
114
82
106
138
90
114
90
34
162
170
538
202
192
178
186
234
186
179
162
42
202
154
154
362
178
130
154
202
162
202
186
106
154
202
177
178
128
218
138
138
154
219
179
164
123
227
147
216
179
163
99
171
74
251
243
194
258
106
210
106
202
192
162
282
202
378
267
209
226
178
217
242
210
162
200
242
282
145
227
234
218
122
138
194
234
298
154
234
202
290
370
259
260
336
122
290
35
339
235
265
307
347
251
259
203
59
315
107
259
122
184
218
114
226
184
170
226
154
114
122
210
178
144
129
146
170
194
146
82
146
130
82
74
114
130
186
88
298
74
99
210
194
234
202
226
162
250
162
250
104
242
250
170
115
219
147
211
220
146
203
219
211
203
184
122
210
210
186
234
154
202
290
218
210
98
234
193
218
162
226
114
266
57
207
82
218
178
178
66
186
106
122
122
178
66
338
202
290
402
138
226
186
250
122
210
273
250
233
179
187
211
235
251
179
91
211
275
265
211
379
219
162
122
210
64
346
58
90
242
92
386
122
290
266
216
192
466
242
242
168
168
104
386
130
314
304
66
210
234
194
362
202
202
314
18
266
242
290
154
202
195
122
195
234
99
307
59
227
243
203
179
203
51
266
162
202
50
298
52
259
289
258
281
474
130
210
234
314
41
82
274
202
82
428
210
224
130
720
1186
266
145
1554
386
274
114
114
218
130
224
218
370
331
283
427
891
35
211
211
217
267
323
251
210
138
121
340
266
242
346
66
410
122
290
74
146
10
274
224
290
210
306
250
218
338
226
66
322
226
466
560
466
554
322
362
282
186
82
306
18
250
769
411
474
523
419
207
399
643
251
282
299
291
331
234
234
210
26
426
146
304
226
298
370
226
402
298
266
410
127
299
146
186
250
186
217
328
394
436
290
234
216
106
296
82
274
332
322
250
159
144
160
305
179
207
185
211
115
195
227
203
227
67
283
219
178
178
154
218
210
210
80
146
178
186
170
154
282
202
210
200
234
209
186
194
113
218
250
194
186
202
218
192
162
170
194
170
266
186
226
162
194
178
98
194
154
178
189
250
259
307
130
139
243
211
99
171
195
235
259
298
226
186
185
274
226
210
200
202
162
298
266
259
193
322
298
202
274
362
372
226
370
202
458
450
914
434
261
287
298
58
266
250
354
258
330
426
322
403
323
347
139
521
283
283
243
291
75
203
227
226
329
299
242
282
274
250
418
378
442
298
338
338
706
362
362
434
346
258
346
394
218
242
106
322
144
138
348
194
178
262
202
450
194
330
34
250
170
322
259
219
27
203
307
179
465
307
235
643
227
155
195
146
170
194
147
170
146
74
218
121
154
106
106
192
48
210
146
130
250
122
138
122
154
138
107
90
90
266
98
90
106
106
74
64
106
154
82
74
82
122
66
114
58
138
24
147
90
99
75
75
123
67
98
91
99
107
59
83
114
51
154
74
50
80
130
130
194
186
58
138
138
2
314
146
58
162
122
138
90
82
81
66
34
146
58
154
162
170
74
146
106
98
146
130
146
138
146
218
192
194
194
154
210
162
195
139
161
205
203
139
115
187
123
123
83
115
89
145
58
90
58
130
161
112
170
154
90
185
242
26
106
154
138
114
146
137
98
74
106
130
97
146
154
82
130
178
113
164
82
178
154
106
146
106
170
178
200
122
90
178
80
98
83
139
59
123
107
45
91
81
83
160
90
195
146
178
57
114
114
106
226
96
106
119
170
178
122
152
154
178
98
82
64
58
138
209
162
128
186
74
106
122
90
122
186
169
98
82
104
114
58
138
106
242
162
145
186
250
10
3
377
35
179
89
187
147
104
123
141
139
275
267
194
225
242
98
266
154
170
98
33
162
258
250
122
234
186
298
338
218
194
170
194
224
234
98
352
274
185
210
106
163
179
218
242
194
218
226
306
226
242
178
217
122
75
155
171
235
234
219
271
252
152
259
187
212
171
131
210
186
192
178
130
170
96
194
162
210
162
58
146
130
194
122
114
162
178
162
130
74
210
154
146
162
218
250
162
316
226
170
162
107
202
170
170
178
178
178
154
235
211
219
219
211
203
154
187
203
163
171
155
235
173
202
194
178
154
250
210
178
170
227
217
210
98
162
226
193
162
186
154
218
162
250
194
240
226
202
234
210
242
193
57
176
232
194
282
202
178
162
162
178
58
162
210
250
99
259
267
184
202
195
131
155
307
251
155
194
330
298
210
162
74
194
162
82
82
58
66
66
170
130
82
106
147
65
170
138
72
122
34
130
106
64
170
162
105
90
122
80
82
66
168
96
121
18
154
82
138
114
58
147
106
90
51
99
131
99
219
147
203
121
155
139
188
139
144
90
136
82
114
122
154
98
114
50
186
154
66
130
129
50
130
98
138
82
194
274
194
154
282
68
144
106
138
42
170
90
74
114
114
74
74
145
58
186
90
234
198
195
292
259
2
211
603
147
203
179
521
115
427
18
66
82
162
154
66
161
74
50
52
202
178
194
226
66
170
121
114
146
67
114
74
154
90
130
98
42
146
162
170
42
88
42
138
218
154
129
90
146
42
242
194
114
218
59
179
163
115
67
83
83
27
107
249
197
139
136
402
274
202
282
200
226
138
138
82
178
170
170
162
186
154
114
82
74
50
90
146
123
81
2
170
106
65
74
114
160
130
106
114
122
106
194
90
185
58
106
122
50
138
83
75
163
83
123
171
147
219
131
51
83
163
75
139
146
74
74
202
66
10
98
66
126
78
66
106
74
130
90
10
378
193
106
129
18
50
106
146
34
68
105
50
82
10
354
226
98
114
99
42
154
34
106
98
122
138
184
218
170
2
435
251
235
211
227
201
139
186
195
178
146
170
291
194
276
154
138
162
210
170
104
178
178
106
146
115
129
130
114
98
176
114
106
80
201
58
154
178
194
202
106
234
186
266
144
178
194
154
178
98
138
146
98
154
58
131
195
91
197
98
139
59
193
67
160
107
40
162
171
122
130
170
162
146
114
194
226
202
162
154
194
106
186
57
194
106
194
146
209
154
90
58
130
170
282
90
90
138
98
122
42
178
178
90
146
218
122
226
170
66
226
138
106
211
179
179
83
75
259
219
195
162
99
161
171
131
123
99
106
82
146
104
66
82
90
154
42
88
106
202
218
122
106
109
130
146
66
98
98
106
130
66
104
66
98
138
58
26
106
82
114
106
122
114
162
90
98
250
106
65
52
90
59
91
107
162
91
43
65
83
75
90
59
42
75
99
107
146
154
58
112
130
80
98
58
50
68
80
58
66
66
82
98
120
74
106
98
66
122
356
111
99
74
66
49
82
74
18
98
74
10
201
146
308
218
70
134
154
90
121
146
43
91
123
43
115
155
113
83
210
19
43
35
83
50
80
106
106
90
113
106
145
466
250
210
200
170
202
162
186
194
154
106
178
162
194
114
129
98
130
98
138
66
170
138
234
242
261
202
210
202
162
274
210
226
162
233
210
202
171
403
235
155
211
171
171
155
131
139
171
131
138
178
210
226
98
122
147
154
186
201
130
258
192
114
154
90
128
153
146
106
130
106
106
186
130
238
208
235
178
154
138
114
122
90
178
146
234
82
90
56
68
51
107
163
179
99
139
83
147
99
387
178
59
155
218
147
178
130
204
154
186
146
154
122
98
114
210
114
162
65
274
176
66
234
146
97
90
106
218
162
322
186
274
130
106
154
90
162
146
274
362
210
152
91
258
218
162
210
194
299
83
139
99
299
379
162
395
211
203
187
338
346
282
266
258
58
273
210
1354
130
786
370
234
186
234
210
186
138
154
34
146
194
194
186
162
154
202
130
178
186
98
139
98
122
178
145
89
131
81
82
138
131
138
86
107
123
91
147
99
147
107
75
75
147
75
83
90
98
146
98
130
114
186
106
130
88
106
122
138
178
66
98
168
33
66
74
26
130
114
50
168
33
140
90
106
74
90
106
162
106
90
40
154
42
185
50
216
34
104
106
147
53
152
43
107
21
130
99
163
35
67
67
59
75
67
107
146
170
130
122
120
34
122
50
122
186
88
90
106
218
58
84
56
50
97
98
82
106
88
82
266
41
74
42
54
90
90
66
98
66
154
138
178
34
130
122
106
98
162
74
91
139
107
203
51
91
194
87
110
75
332
67
27
74
145
114
96
42
50
18
226
122
104
90
82
114
67
106
122
106
186
98
138
138
106
74
114
130
138
42
202
90
98
122
138
18
130
114
154
82
122
90
42
98
74
113
107
107
75
43
99
98
91
27
27
83
131
195
227
107
123
163
139
106
193
186
129
162
130
242
208
106
129
138
178
112
210
122
106
103
170
130
122
114
202
114
98
90
74
130
114
82
106
138
42
138
130
112
83
146
138
146
90
202
57
66
184
159
99
139
107
131
75
131
90
144
59
91
59
114
82
144
146
97
136
130
186
90
194
42
170
74
196
258
10
82
196
154
170
170
306
178
162
145
178
266
218
178
123
186
186
663
106
586
290
112
202
466
234
1409
2
403
194
171
115
163
155
425
811
155
267
250
209
218
232
162
170
98
216
146
137
234
250
170
234
34
298
178
122
194
240
58
162
138
170
250
218
170
306
138
186
162
66
178
170
122
146
194
210
113
178
138
138
154
178
122
227
123
91
91
121
91
146
187
138
443
219
139
274
200
194
186
178
122
130
174
119
194
218
217
130
130
226
289
258
163
217
202
18
281
160
296
306
290
226
162
170
130
210
154
194
154
178
154
178
138
258
146
114
154
170
155
187
123
181
107
283
115
219
283
243
179
203
203
243
266
226
178
274
146
226
90
224
146
194
106
241
176
234
242
170
194
234
234
169
98
170
186
115
186
74
202
170
196
154
122
186
128
178
154
162
194
152
191
98
209
139
171
139
171
155
179
227
251
163
332
211
11
259
202
138
130
145
130
178
194
178
225
202
162
146
354
305
370
242
90
193
98
218
162
194
226
42
130
218
194
258
226
186
258
338
266
305
242
288
321
224
170
178
146
171
162
187
115
131
219
306
89
147
155
147
27
105
155
107
82
186
170
122
202
210
146
226
194
138
154
74
194
153
202
250
178
186
194
146
226
218
219
202
186
218
114
210
194
177
138
98
146
154
194
178
114
184
162
106
170
162
163
258
203
91
179
171
90
203
219
187
203
202
130
218
210
306
178
250
154
202
202
170
162
298
122
186
154
170
162
82
194
250
34
143
186
170
154
218
65
122
226
160
170
202
194
258
66
194
250
176
178
194
90
162
170
170
106
80
107
75
66
83
147
107
75
115
83
123
131
59
121
34
170
139
137
186
162
194
218
146
154
138
170
146
178
114
154
282
282
210
178
186
122
225
194
104
218
216
66
162
106
162
146
106
200
162
202
258
154
402
282
202
218
275
219
195
138
130
146
179
171
219
179
147
219
115
194
146
202
234
250
232
226
153
112
65
234
138
170
162
234
242
154
177
264
170
170
234
186
98
274
138
266
145
178
170
218
162
161
162
146
138
114
114
58
242
219
147
130
179
171
107
35
67
19
139
170
91
155
91
27
210
234
58
154
234
26
146
178
124
114
121
146
2
394
202
139
212
162
82
170
248
9
218
218
138
176
146
106
154
130
74
202
72
98
138
66
110
98
186
66
812
178
106
203
75
281
19
27
139
115
123
42
27
59
106
139
91
186
58
98
106
145
162
82
217
90
194
61
170
186
226
130
59
242
82
176
178
186
170
98
146
74
154
202
540
10
377
370
234
362
370
210
169
66
65
82
74
120
154
67
91
299
297
131
61
107
146
273
250
117
67
155
130
40
154
154
130
26
66
82
58
34
105
114
170
114
227
66
106
90
388
210
112
122
364
256
105
114
266
218
408
442
186
274
186
130
178
58
202
210
42
178
154
74
35
83
179
74
91
147
115
123
147
75
162
75
179
123
209
90
226
484
362
146
74
218
82
314
170
346
258
282
186
74
234
234
26
322
586
90
248
378
106
330
530
154
106
66
194
90
122
130
226
338
298
234
714
331
299
195
361
66
434
259
351
443
154
307
211
194
130
130
241
178
202
154
202
278
178
146
258
202
248
18
146
202
74
354
162
74
234
42
272
170
258
210
10
258
58
338
314
538
266
274
354
218
180
314
394
218
283
275
219
216
267
107
221
275
51
347
3
195
99
107
187
162
162
274
80
306
170
82
186
179
81
114
74
9
82
42
426
122
170
50
178
106
130
282
106
402
146
266
354
362
402
266
274
130
210
209
306
187
98
154
185
418
1003
171
403
355
371
531
707
963
579
210
26
98
58
210
226
266
218
378
762
26
426
114
8
226
138
178
104
82
58
34
42
34
50
90
159
66
98
58
57
90
66
122
130
316
266
234
146
226
356
194
242
219
115
179
436
291
179
235
363
1323
323
1154
122
12
426
58
258
138
396
290
162
114
216
138
106
106
74
34
178
188
90
194
170
34
66
146
211
282
202
10
154
98
146
82
154
66
98
138
130
178
98
81
82
98
115
83
75
227
59
59
107
91
107
91
147
99
50
83
58
112
74
50
122
218
67
154
16
98
154
130
122
122
98
98
90
90
58
160
162
56
114
98
82
74
106
72
162
114
154
322
90
250
138
130
98
130
2
403
234
218
194
266
88
283
107
211
347
523
547
210
179
91
133
179
162
130
145
82
210
106
202
50
217
162
90
218
154
170
42
154
98
90
170
34
242
210
162
114
106
202
98
518
290
296
130
354
378
482
432
178
776
122
378
498
227
235
227
465
339
155
283
210
403
267
218
10
450
146
416
50
602
210
162
74
141
90
154
58
82
130
80
58
210
122
83
106
138
122
72
122
82
74
90
90
129
74
90
42
170
98
122
90
98
74
114
50
218
106
154
122
147
27
195
155
75
267
75
147
145
131
67
243
115
388
258
444
242
163
201
106
130
242
34
266
362
650
114
58
57
66
138
444
274
145
186
194
186
202
146
114
98
114
354
218
282
104
170
355
242
88
490
299
434
35
211
107
227
219
172
106
147
219
27
203
187
568
106
298
322
250
257
362
241
250
306
82
106
218
162
178
570
186
82
412
186
154
274
10
426
274
1900
42
64
50
66
58
74
26
26
42
122
508
1052
131
11
235
131
51
281
202
75
371
395
225
203
194
202
194
138
394
720
216
490
274
346
18
354
508
418
274
562
306
496
274
218
248
232
187
209
114
194
258
170
242
242
170
242
170
258
138
209
99
252
152
218
234
171
249
477
203
187
227
195
235
241
291
210
210
170
250
178
210
305
592
466
194
322
485
594
210
298
362
202
413
202
402
266
380
98
394
306
178
136
354
218
252
266
114
26
200
122
194
273
306
130
219
259
235
251
147
163
187
205
163
179
219
219
178
170
114
178
194
170
218
138
160
400
282
274
274
354
186
147
106
226
242
234
154
242
626
170
18
359
74
426
874
114
250
1090
314
394
226
74
1282
610
2010
219
347
355
139
1099
291
154
217
195
195
202
203
186
194
234
186
10
354
267
122
812
58
184
346
88
250
274
202
274
202
106
170
218
210
106
154
130
58
146
186
202
280
314
194
194
178
226
250
202
185
194
115
139
154
203
67
155
99
187
115
147
187
99
259
194
210
170
130
154
282
130
138
234
192
66
138
210
178
202
226
322
202
145
202
202
282
250
66
194
210
218
218
258
210
290
162
210
234
178
153
258
202
322
250
202
66
267
329
211
684
263
131
27
755
347
323
251
602
666
1186
330
562
282
170
233
218
154
186
186
162
122
226
162
202
192
170
114
194
122
258
130
138
170
170
226
130
295
123
178
146
154
114
122
58
138
66
98
67
74
74
51
107
69
129
83
89
55
234
51
67
59
91
98
98
90
146
90
41
82
82
18
58
66
186
106
154
42
82
98
10
122
234
230
607
105
66
385
818
242
82
170
202
26
10
76
232
394
538
346
194
130
216
162
26
195
355
131
395
491
1195
371
219
195
539
443
401
509
1323
145
298
122
146
362
666
620
146
668
146
258
271
82
778
298
322
122
306
178
194
186
170
34
258
138
146
114
66
194
178
396
404
42
130
708
115
219
443
515
475
444
387
169
507
251
282
1258
812
538
186
162
242
202
210
258
346
178
362
170
242
234
282
146
82
386
258
626
74
858
106
210
154
1362
328
426
50
163
282
50
1264
642
355
379
163
147
195
403
339
275
2
381
345
354
90
546
562
482
434
1490
122
408
34
394
322
178
842
137
1106
475
490
1210
1762
290
489
722
434
250
242
497
610
290
1058
490
218
377
275
371
619
283
234
363
227
307
233
323
469
234
195
682
1074
194
266
314
138
50
226
274
106
218
114
242
386
202
154
50
34
202
210
122
194
282
410
234
138
210
130
274
98
186
4
874
346
233
250
194
426
163
422
843
259
179
291
163
91
275
219
242
243
251
274
314
658
306
338
466
426
514
226
384
266
274
410
226
114
250
