  6.2599000e+001	
  6.2654000e+001	
  6.2625000e+001	
  6.2686000e+001	
  6.2781000e+001	
  6.2776000e+001	
  6.2739000e+001	
  6.2712000e+001	
  6.2821000e+001	
  6.2810000e+001	
  6.2794000e+001	
  6.2828000e+001	
  6.2763000e+001	
  6.2785000e+001	
  6.2758000e+001	
  6.2779000e+001	
  6.2731000e+001	
  6.2724000e+001	
  6.2687000e+001	
  6.2726000e+001	
  6.2728000e+001	
  6.2749000e+001	
  6.2725000e+001	
  6.2696000e+001	
  6.2633000e+001	
  6.2609000e+001	
  6.2510000e+001	
  6.2436000e+001	
  6.2324000e+001	
  6.2246000e+001	
  6.2175000e+001	
  6.2115000e+001	
  6.2000000e+001	
  6.1917000e+001	
  6.1913000e+001	
  6.1911000e+001	
  6.1910000e+001	
  6.1938000e+001	
  6.1947000e+001	
  6.1995000e+001	
  6.2035000e+001	
  6.2091000e+001	
  6.2159000e+001	
  6.2193000e+001	
  6.2228000e+001	
  6.2276000e+001	
  6.2334000e+001	
  6.2380000e+001	
  6.2482000e+001	
  6.2579000e+001	
  6.2603000e+001	
  6.2736000e+001	
  6.2796000e+001	
  6.2942000e+001	
  6.2955000e+001	
  6.3046000e+001	
  6.3114000e+001	
  6.3074000e+001	
  6.3084000e+001	
  6.3131000e+001	
  6.3140000e+001	
  6.3164000e+001	
  6.3187000e+001	
  6.3147000e+001	
  6.3098000e+001	
  6.3136000e+001	
  6.3126000e+001	
  6.3065000e+001	
  6.3005000e+001	
  6.3016000e+001	
  6.3003000e+001	
  6.3009000e+001	
  6.3001000e+001	
  6.3031000e+001	
  6.2976000e+001	
  6.2892000e+001	
  6.2903000e+001	
  6.2821000e+001	
  6.2663000e+001	
  6.2579000e+001	
  6.2556000e+001	
  6.2342000e+001	
  6.2174000e+001	
  6.2195000e+001	
  6.2050000e+001	
  6.1929000e+001	
  6.1906000e+001	
  6.1798000e+001	
  6.1733000e+001	
  6.1727000e+001	
  6.1667000e+001	
  6.1698000e+001	
  6.1710000e+001	
  6.1752000e+001	
  6.1766000e+001	
  6.1812000e+001	
  6.1865000e+001	
  6.1938000e+001	
  6.2002000e+001	
  6.2049000e+001	
  6.2162000e+001	
  6.2262000e+001	
  6.2392000e+001	
  6.2548000e+001	
  6.2653000e+001	
  6.2752000e+001	
  6.2889000e+001	
  6.2958000e+001	
  6.2988000e+001	
  6.3030000e+001	
  6.3169000e+001	
  6.3267000e+001	
  6.3186000e+001	
  6.3277000e+001	
  6.3343000e+001	
  6.3278000e+001	
  6.3217000e+001	
  6.3278000e+001	
  6.3219000e+001	
  6.3212000e+001	
  6.3207000e+001	
  6.3215000e+001	
  6.3191000e+001	
  6.3156000e+001	
  6.3191000e+001	
  6.3191000e+001	
  6.3129000e+001	
  6.3069000e+001	
  6.3100000e+001	
  6.3005000e+001	
  6.2908000e+001	
  6.2855000e+001	
  6.2851000e+001	
  6.2687000e+001	
  6.2670000e+001	
  6.2627000e+001	
  6.2579000e+001	
  6.2493000e+001	
  6.2398000e+001	
  6.2293000e+001	
  6.2285000e+001	
  6.2270000e+001	
  6.2299000e+001	
  6.2211000e+001	
  6.2227000e+001	
  6.2276000e+001	
  6.2310000e+001	
  6.2387000e+001	
  6.2401000e+001	
  6.2389000e+001	
  6.2450000e+001	
  6.2531000e+001	
  6.2591000e+001	
  6.2624000e+001	
  6.2678000e+001	
  6.2792000e+001	
  6.2854000e+001	
  6.2877000e+001	
  6.2899000e+001	
  6.2959000e+001	
  6.2960000e+001	
  6.2959000e+001	
  6.3039000e+001	
  6.3046000e+001	
  6.3045000e+001	
  6.3113000e+001	
  6.3149000e+001	
  6.3207000e+001	
  6.3248000e+001	
  6.3226000e+001	
  6.3219000e+001	
  6.3198000e+001	
  6.3230000e+001	
  6.3241000e+001	
  6.3215000e+001	
  6.3220000e+001	
  6.3204000e+001	
  6.3187000e+001	
  6.3207000e+001	
  6.3209000e+001	
  6.3160000e+001	
  6.3156000e+001	
  6.3149000e+001	
  6.3146000e+001	
  6.3146000e+001	
  6.3107000e+001	
  6.3111000e+001	
  6.3142000e+001	
  6.3097000e+001	
  6.3107000e+001	
  6.3072000e+001	
  6.3077000e+001	
  6.3025000e+001	
  6.3034000e+001	
  6.2935000e+001	
  6.2895000e+001	
  6.2776000e+001	
  6.2766000e+001	
  6.2693000e+001	
  6.2647000e+001	
  6.2526000e+001	
  6.2515000e+001	
  6.2435000e+001	
  6.2425000e+001	
  6.2434000e+001	
  6.2407000e+001	
  6.2381000e+001	
  6.2403000e+001	
  6.2427000e+001	
  6.2444000e+001	
  6.2468000e+001	
  6.2515000e+001	
  6.2545000e+001	
  6.2566000e+001	
  6.2613000e+001	
  6.2666000e+001	
  6.2722000e+001	
  6.2789000e+001	
  6.2874000e+001	
  6.2895000e+001	
  6.2871000e+001	
  6.2905000e+001	
  6.2930000e+001	
  6.2946000e+001	
  6.2982000e+001	
  6.2998000e+001	
  6.3119000e+001	
  6.3073000e+001	
  6.3101000e+001	
  6.3075000e+001	
  6.3059000e+001	
  6.2988000e+001	
  6.2954000e+001	
  6.2993000e+001	
  6.2915000e+001	
  6.2922000e+001	
  6.2917000e+001	
  6.2941000e+001	
  6.2879000e+001	
  6.2892000e+001	
  6.2858000e+001	
  6.2843000e+001	
  6.2831000e+001	
  6.2815000e+001	
  6.2810000e+001	
  6.2748000e+001	
  6.2692000e+001	
  6.2650000e+001	
  6.2609000e+001	
  6.2554000e+001	
  6.2461000e+001	
  6.2407000e+001	
  6.2326000e+001	
  6.2275000e+001	
  6.2194000e+001	
  6.2129000e+001	
  6.2161000e+001	
  6.2113000e+001	
  6.2101000e+001	
  6.2073000e+001	
  6.2069000e+001	
  6.2067000e+001	
  6.2113000e+001	
  6.2175000e+001	
  6.2213000e+001	
  6.2276000e+001	
  6.2323000e+001	
  6.2392000e+001	
  6.2479000e+001	
  6.2568000e+001	
  6.2629000e+001	
  6.2742000e+001	
  6.2785000e+001	
  6.2874000e+001	
  6.2945000e+001	
  6.2963000e+001	
  6.2987000e+001	
  6.3076000e+001	
  6.3123000e+001	
  6.3078000e+001	
  6.3085000e+001	
  6.3119000e+001	
  6.3199000e+001	
  6.3142000e+001	
  6.3150000e+001	
  6.3142000e+001	
  6.3086000e+001	
  6.3087000e+001	
  6.3123000e+001	
  6.3135000e+001	
  6.3095000e+001	
  6.3105000e+001	
  6.3075000e+001	
  6.3064000e+001	
  6.3026000e+001	
  6.2974000e+001	
  6.2897000e+001	
  6.2815000e+001	
  6.2725000e+001	
  6.2714000e+001	
  6.2633000e+001	
  6.2496000e+001	
  6.2410000e+001	
  6.2298000e+001	
  6.2195000e+001	
  6.2133000e+001	
  6.2058000e+001	
  6.2062000e+001	
  6.1986000e+001	
  6.1969000e+001	
  6.2020000e+001	
  6.1949000e+001	
  6.2004000e+001	
  6.2072000e+001	
  6.2106000e+001	
  6.2130000e+001	
  6.2155000e+001	
  6.2212000e+001	
  6.2267000e+001	
  6.2330000e+001	
  6.2466000e+001	
  6.2594000e+001	
  6.2688000e+001	
  6.2853000e+001	
  6.2891000e+001	
  6.2969000e+001	
  6.2954000e+001	
  6.2976000e+001	
  6.3017000e+001	
  6.3056000e+001	
  6.3049000e+001	
  6.3105000e+001	
  6.3101000e+001	
  6.3101000e+001	
  6.3058000e+001	
  6.3098000e+001	
  6.3081000e+001	
  6.3074000e+001	
  6.3043000e+001	
  6.2982000e+001	
  6.2995000e+001	
  6.3014000e+001	
  6.3009000e+001	
  6.2991000e+001	
  6.3024000e+001	
  6.3047000e+001	
  6.3014000e+001	
  6.3013000e+001	
  6.3005000e+001	
  6.2981000e+001	
  6.2910000e+001	
  6.2954000e+001	
  6.2905000e+001	
  6.2846000e+001	
  6.2726000e+001	
  6.2671000e+001	
  6.2629000e+001	
  6.2480000e+001	
  6.2380000e+001	
  6.2407000e+001	
  6.2321000e+001	
  6.2246000e+001	
  6.2223000e+001	
  6.2131000e+001	
  6.2086000e+001	
  6.2111000e+001	
  6.2163000e+001	
  6.2220000e+001	
  6.2194000e+001	
  6.2217000e+001	
  6.2279000e+001	
  6.2286000e+001	
  6.2311000e+001	
  6.2393000e+001	
  6.2464000e+001	
  6.2536000e+001	
  6.2648000e+001	
  6.2727000e+001	
  6.2812000e+001	
  6.2972000e+001	
  6.2996000e+001	
  6.3086000e+001	
  6.3136000e+001	
  6.3125000e+001	
  6.3163000e+001	
  6.3242000e+001	
  6.3259000e+001	
  6.3219000e+001	
  6.3133000e+001	
  6.3136000e+001	
  6.3187000e+001	
  6.3186000e+001	
  6.3171000e+001	
  6.3165000e+001	
  6.3091000e+001	
  6.3076000e+001	
  6.3151000e+001	
  6.3130000e+001	
  6.3111000e+001	
  6.3118000e+001	
  6.3089000e+001	
  6.3094000e+001	
  6.3072000e+001	
  6.3043000e+001	
  6.3008000e+001	
  6.3003000e+001	
  6.2881000e+001	
  6.2817000e+001	
  6.2790000e+001	
  6.2790000e+001	
  6.2568000e+001	
  6.2468000e+001	
  6.2428000e+001	
  6.2284000e+001	
  6.2166000e+001	
  6.2104000e+001	
  6.2002000e+001	
  6.1910000e+001	
  6.1848000e+001	
  6.1876000e+001	
  6.1857000e+001	
  6.1798000e+001	
  6.1804000e+001	
  6.1869000e+001	
  6.1886000e+001	
  6.1921000e+001	
  6.2006000e+001	
  6.2094000e+001	
  6.2159000e+001	
  6.2235000e+001	
  6.2365000e+001	
  6.2495000e+001	
  6.2568000e+001	
  6.2725000e+001	
  6.2811000e+001	
  6.2880000e+001	
  6.2990000e+001	
  6.3036000e+001	
  6.3152000e+001	
  6.3174000e+001	
  6.3212000e+001	
  6.3219000e+001	
  6.3186000e+001	
  6.3260000e+001	
  6.3305000e+001	
  6.3225000e+001	
  6.3191000e+001	
  6.3206000e+001	
  6.3223000e+001	
  6.3181000e+001	
  6.3157000e+001	
  6.3111000e+001	
  6.3116000e+001	
  6.3116000e+001	
  6.3109000e+001	
  6.3088000e+001	
  6.3113000e+001	
  6.3060000e+001	
  6.3068000e+001	
  6.2998000e+001	
  6.2997000e+001	
  6.2897000e+001	
  6.2825000e+001	
  6.2738000e+001	
  6.2683000e+001	
  6.2621000e+001	
  6.2534000e+001	
  6.2473000e+001	
  6.2404000e+001	
  6.2360000e+001	
  6.2239000e+001	
  6.2216000e+001	
  6.2173000e+001	
  6.2185000e+001	
  6.2108000e+001	
  6.2154000e+001	
  6.2210000e+001	
  6.2249000e+001	
  6.2226000e+001	
  6.2284000e+001	
  6.2331000e+001	
  6.2406000e+001	
  6.2442000e+001	
  6.2532000e+001	
  6.2594000e+001	
  6.2683000e+001	
  6.2804000e+001	
  6.2919000e+001	
  6.2990000e+001	
  6.3046000e+001	
  6.3092000e+001	
  6.3120000e+001	
  6.3160000e+001	
  6.3173000e+001	
  6.3144000e+001	
  6.3201000e+001	
  6.3122000e+001	
  6.3212000e+001	
  6.3150000e+001	
  6.3100000e+001	
  6.3090000e+001	
  6.3116000e+001	
  6.3098000e+001	
  6.3091000e+001	
  6.3122000e+001	
  6.3055000e+001	
  6.3046000e+001	
  6.3077000e+001	
  6.3090000e+001	
  6.3083000e+001	
  6.3082000e+001	
  6.3080000e+001	
  6.3034000e+001	
  6.3029000e+001	
  6.2985000e+001	
  6.2934000e+001	
  6.2877000e+001	
  6.2854000e+001	
  6.2760000e+001	
  6.2728000e+001	
  6.2634000e+001	
  6.2645000e+001	
  6.2619000e+001	
  6.2588000e+001	
  6.2480000e+001	
  6.2450000e+001	
  6.2410000e+001	
  6.2384000e+001	
  6.2355000e+001	
  6.2367000e+001	
  6.2396000e+001	
  6.2378000e+001	
  6.2389000e+001	
  6.2396000e+001	
  6.2450000e+001	
  6.2501000e+001	
  6.2560000e+001	
  6.2559000e+001	
  6.2613000e+001	
  6.2691000e+001	
  6.2779000e+001	
  6.2821000e+001	
  6.2874000e+001	
  6.3003000e+001	
  6.3110000e+001	
  6.3160000e+001	
  6.3167000e+001	
  6.3256000e+001	
  6.3294000e+001	
  6.3280000e+001	
  6.3326000e+001	
  6.3321000e+001	
  6.3256000e+001	
  6.3228000e+001	
  6.3231000e+001	
  6.3217000e+001	
  6.3158000e+001	
  6.3152000e+001	
  6.3176000e+001	
  6.3191000e+001	
  6.3146000e+001	
  6.3145000e+001	
  6.3120000e+001	
  6.3121000e+001	
  6.3102000e+001	
  6.3047000e+001	
  6.2990000e+001	
  6.2897000e+001	
  6.2897000e+001	
  6.2834000e+001	
  6.2741000e+001	
  6.2637000e+001	
  6.2567000e+001	
  6.2459000e+001	
  6.2434000e+001	
  6.2378000e+001	
  6.2323000e+001	
  6.2188000e+001	
  6.2159000e+001	
  6.2137000e+001	
  6.2070000e+001	
  6.2112000e+001	
  6.2121000e+001	
  6.2109000e+001	
  6.2088000e+001	
  6.2129000e+001	
  6.2243000e+001	
  6.2258000e+001	
  6.2308000e+001	
  6.2373000e+001	
  6.2430000e+001	
  6.2434000e+001	
  6.2490000e+001	
  6.2571000e+001	
  6.2650000e+001	
  6.2663000e+001	
  6.2789000e+001	
  6.2877000e+001	
  6.2876000e+001	
  6.2913000e+001	
  6.3051000e+001	
  6.3121000e+001	
  6.3089000e+001	
  6.3089000e+001	
  6.3123000e+001	
  6.3221000e+001	
  6.3207000e+001	
  6.3229000e+001	
  6.3228000e+001	
  6.3186000e+001	
  6.3163000e+001	
  6.3201000e+001	
  6.3207000e+001	
  6.3147000e+001	
  6.3147000e+001	
  6.3120000e+001	
  6.3081000e+001	
  6.3127000e+001	
  6.3120000e+001	
  6.3134000e+001	
  6.3079000e+001	
  6.3075000e+001	
  6.3076000e+001	
  6.3033000e+001	
  6.2951000e+001	
  6.2924000e+001	
  6.2820000e+001	
  6.2789000e+001	
  6.2796000e+001	
  6.2662000e+001	
  6.2622000e+001	
  6.2582000e+001	
  6.2507000e+001	
  6.2452000e+001	
  6.2413000e+001	
  6.2380000e+001	
  6.2344000e+001	
  6.2343000e+001	
  6.2324000e+001	
  6.2330000e+001	
  6.2403000e+001	
  6.2395000e+001	
  6.2454000e+001	
  6.2449000e+001	
  6.2482000e+001	
  6.2550000e+001	
  6.2658000e+001	
  6.2727000e+001	
  6.2818000e+001	
  6.2864000e+001	
  6.2981000e+001	
  6.2947000e+001	
  6.2905000e+001	
  6.3011000e+001	
  6.3075000e+001	
  6.2979000e+001	
  6.3034000e+001	
  6.3087000e+001	
  6.3070000e+001	
  6.3052000e+001	
  6.3135000e+001	
  6.3071000e+001	
  6.3035000e+001	
  6.2977000e+001	
  6.3078000e+001	
  6.3047000e+001	
  6.3052000e+001	
  6.3041000e+001	
  6.3082000e+001	
  6.3070000e+001	
  6.3061000e+001	
  6.3045000e+001	
  6.2999000e+001	
  6.2983000e+001	
  6.3000000e+001	
  6.2986000e+001	
  6.2969000e+001	
  6.2912000e+001	
  6.2849000e+001	
  6.2868000e+001	
  6.2842000e+001	
  6.2738000e+001	
  6.2748000e+001	
  6.2647000e+001	
  6.2536000e+001	
  6.2487000e+001	
  6.2475000e+001	
  6.2435000e+001	
  6.2396000e+001	
  6.2297000e+001	
  6.2266000e+001	
  6.2276000e+001	
  6.2270000e+001	
  6.2283000e+001	
  6.2346000e+001	
  6.2368000e+001	
  6.2402000e+001	
  6.2519000e+001	
  6.2549000e+001	
  6.2646000e+001	
  6.2693000e+001	
  6.2741000e+001	
  6.2772000e+001	
  6.2842000e+001	
  6.2908000e+001	
  6.2893000e+001	
  6.2884000e+001	
  6.2878000e+001	
  6.2925000e+001	
  6.2944000e+001	
  6.2923000e+001	
  6.2886000e+001	
  6.2869000e+001	
  6.2929000e+001	
  6.2967000e+001	
  6.2912000e+001	
  6.2851000e+001	
  6.2923000e+001	
  6.2926000e+001	
  6.2956000e+001	
  6.2939000e+001	
  6.2941000e+001	
  6.2951000e+001	
  6.2928000e+001	
  6.2920000e+001	
  6.2933000e+001	
  6.2885000e+001	
  6.2836000e+001	
  6.2775000e+001	
  6.2704000e+001	
  6.2596000e+001	
  6.2513000e+001	
  6.2401000e+001	
  6.2304000e+001	
  6.2173000e+001	
  6.2140000e+001	
  6.2083000e+001	
  6.2017000e+001	
  6.1915000e+001	
  6.1843000e+001	
  6.1861000e+001	
  6.1830000e+001	
  6.1888000e+001	
  6.1835000e+001	
  6.1848000e+001	
  6.1863000e+001	
  6.1958000e+001	
  6.2028000e+001	
  6.2102000e+001	
  6.2200000e+001	
  6.2287000e+001	
  6.2364000e+001	
  6.2513000e+001	
  6.2649000e+001	
  6.2664000e+001	
  6.2750000e+001	
  6.2876000e+001	
  6.2971000e+001	
  6.2954000e+001	
  6.2982000e+001	
  6.3137000e+001	
  6.3121000e+001	
  6.3061000e+001	
  6.3140000e+001	
  6.3182000e+001	
  6.3088000e+001	
  6.3062000e+001	
  6.3121000e+001	
  6.3084000e+001	
  6.2988000e+001	
  6.2994000e+001	
  6.3010000e+001	
  6.2989000e+001	
  6.2998000e+001	
  6.3015000e+001	
  6.3001000e+001	
  6.2965000e+001	
  6.2940000e+001	
  6.2947000e+001	
  6.2927000e+001	
  6.2936000e+001	
  6.2926000e+001	
  6.2878000e+001	
  6.2769000e+001	
  6.2748000e+001	
  6.2761000e+001	
  6.2622000e+001	
  6.2560000e+001	
  6.2565000e+001	
  6.2511000e+001	
  6.2444000e+001	
  6.2425000e+001	
  6.2458000e+001	
  6.2423000e+001	
  6.2337000e+001	
  6.2356000e+001	
  6.2393000e+001	
  6.2294000e+001	
  6.2319000e+001	
  6.2339000e+001	
  6.2281000e+001	
  6.2311000e+001	
  6.2348000e+001	
  6.2384000e+001	
  6.2407000e+001	
  6.2423000e+001	
  6.2539000e+001	
  6.2586000e+001	
  6.2665000e+001	
  6.2766000e+001	
  6.2887000e+001	
  6.2982000e+001	
  6.3044000e+001	
  6.3180000e+001	
  6.3140000e+001	
  6.3133000e+001	
  6.3227000e+001	
  6.3262000e+001	
  6.3193000e+001	
  6.3209000e+001	
  6.3217000e+001	
  6.3185000e+001	
  6.3189000e+001	
  6.3256000e+001	
  6.3261000e+001	
  6.3194000e+001	
  6.3164000e+001	
  6.3153000e+001	
  6.3139000e+001	
  6.3103000e+001	
  6.3093000e+001	
  6.3091000e+001	
  6.3051000e+001	
  6.2967000e+001	
  6.2989000e+001	
  6.2928000e+001	
  6.2777000e+001	
  6.2787000e+001	
  6.2739000e+001	
  6.2636000e+001	
  6.2519000e+001	
  6.2466000e+001	
  6.2449000e+001	
  6.2377000e+001	
  6.2279000e+001	
  6.2271000e+001	
  6.2217000e+001	
  6.2222000e+001	
  6.2234000e+001	
  6.2295000e+001	
  6.2284000e+001	
  6.2287000e+001	
  6.2344000e+001	
  6.2372000e+001	
  6.2385000e+001	
  6.2457000e+001	
  6.2476000e+001	
  6.2522000e+001	
  6.2608000e+001	
  6.2658000e+001	
  6.2719000e+001	
  6.2751000e+001	
  6.2864000e+001	
  6.2910000e+001	
  6.2970000e+001	
  6.3035000e+001	
  6.3103000e+001	
  6.3124000e+001	
  6.3143000e+001	
  6.3158000e+001	
  6.3155000e+001	
  6.3174000e+001	
  6.3192000e+001	
  6.3246000e+001	
  6.3178000e+001	
  6.3163000e+001	
  6.3105000e+001	
  6.3174000e+001	
  6.3131000e+001	
  6.3107000e+001	
  6.3154000e+001	
  6.3131000e+001	
  6.3108000e+001	
  6.3109000e+001	
  6.3129000e+001	
  6.3123000e+001	
  6.3079000e+001	
  6.2992000e+001	
  6.3024000e+001	
  6.2986000e+001	
  6.2919000e+001	
  6.2951000e+001	
  6.2869000e+001	
  6.2778000e+001	
  6.2735000e+001	
  6.2708000e+001	
  6.2619000e+001	
  6.2566000e+001	
  6.2542000e+001	
  6.2602000e+001	
  6.2578000e+001	
  6.2524000e+001	
  6.2498000e+001	
  6.2530000e+001	
  6.2527000e+001	
  6.2553000e+001	
  6.2560000e+001	
  6.2630000e+001	
  6.2625000e+001	
  6.2686000e+001	
  6.2707000e+001	
  6.2686000e+001	
  6.2704000e+001	
  6.2782000e+001	
  6.2828000e+001	
  6.2828000e+001	
  6.2917000e+001	
  6.2960000e+001	
  6.2975000e+001	
  6.2999000e+001	
  6.3027000e+001	
  6.3042000e+001	
  6.3035000e+001	
  6.3093000e+001	
  6.3111000e+001	
  6.3142000e+001	
  6.3201000e+001	
  6.3140000e+001	
  6.3209000e+001	
  6.3252000e+001	
  6.3234000e+001	
  6.3220000e+001	
  6.3202000e+001	
  6.3142000e+001	
  6.3143000e+001	
  6.3176000e+001	
  6.3134000e+001	
  6.3098000e+001	
  6.3150000e+001	
  6.3078000e+001	
  6.3065000e+001	
  6.3023000e+001	
  6.3002000e+001	
  6.2924000e+001	
  6.2851000e+001	
  6.2903000e+001	
  6.2783000e+001	
  6.2685000e+001	
  6.2638000e+001	
  6.2587000e+001	
  6.2447000e+001	
  6.2426000e+001	
  6.2429000e+001	
  6.2455000e+001	
  6.2371000e+001	
  6.2403000e+001	
  6.2408000e+001	
  6.2361000e+001	
  6.2408000e+001	
  6.2431000e+001	
  6.2450000e+001	
  6.2462000e+001	
  6.2506000e+001	
  6.2556000e+001	
  6.2580000e+001	
  6.2660000e+001	
  6.2715000e+001	
  6.2800000e+001	
  6.2918000e+001	
  6.2996000e+001	
  6.3076000e+001	
  6.3100000e+001	
  6.3139000e+001	
  6.3168000e+001	
  6.3204000e+001	
  6.3241000e+001	
  6.3254000e+001	
  6.3226000e+001	
  6.3248000e+001	
  6.3209000e+001	
  6.3217000e+001	
  6.3175000e+001	
  6.3126000e+001	
  6.3144000e+001	
  6.3178000e+001	
  6.3123000e+001	
  6.3153000e+001	
  6.3139000e+001	
  6.3120000e+001	
  6.3151000e+001	
  6.3130000e+001	
  6.3119000e+001	
  6.3096000e+001	
  6.3068000e+001	
  6.3055000e+001	
  6.3085000e+001	
  6.3046000e+001	
  6.2997000e+001	
  6.2975000e+001	
  6.2959000e+001	
