9.956032
9.891599
9.835811
9.718504
9.638214
9.558608
9.48944
9.412245
9.35418
9.271449
9.168459
9.058596
8.954387
8.850427
8.753888
8.647781
8.537364
8.449336
8.343922
8.235376
8.160726
8.086375
7.990304
7.896545
7.812346
7.743697
7.659197
7.593751
7.52218
7.443436
7.377777
7.293286
7.193578
7.126831
7.12246
7.122195
7.132537
7.15931
7.200768
7.203992
7.180173
7.133695
7.078182
7.02419
6.946924
6.871787
6.807071
6.736244
6.697247
6.667703
6.654931
6.6376
6.638614
6.664615
6.681695
6.719509
6.763754
6.817663
6.889522
6.970748
7.062012
7.142457
7.220421
7.305048
7.376276
7.452127
7.530464
7.621511
7.70556
7.769501
7.854459
7.938646
8.026274
8.112249
8.190519
8.27346
8.378399
8.488039
8.586166
8.72063
8.834611
8.962315
9.059627
9.177499
9.305797
9.440709
9.560846
9.706305
9.82725
9.971343
10.116669
10.261459
10.407066
10.554669
10.701834
10.747185
10.708855
10.688704
10.67263
10.666084
10.654914
10.649643
10.647071
10.647025
10.646034
10.647376
10.642204
10.618985
10.593458
10.568047
10.531204
10.477606
10.421062
10.372426
10.319688
10.272223
10.234561
10.206838
10.178349
10.154572
10.135266
10.113879
10.108607
10.095819
10.092691
10.09396
10.098844
10.100022
10.091266
10.070686
10.06829
10.006938
9.963381
9.927
9.890329
9.836708
9.839369
9.823498
9.766452
9.705907
9.63363
9.56686
9.487535
9.417512
9.330587
9.244757
9.174096
9.111753
9.034175
8.961427
8.869111
8.803171
8.74519
8.680815
8.610206
8.564676
8.516994
8.469697
8.412885
8.36464
8.313598
8.269216
8.217401
8.16219
8.103283
8.023391
7.919039
7.847925
7.744552
7.655333
7.571162
7.480449
7.404563
7.350954
7.312037
7.276854
7.242292
7.207528
7.148257
7.076709
6.987813
6.86715
6.725195
6.57576
6.420968
6.27496
6.148265
6.062284
6.007345
5.97559
5.915532
5.913282
5.92802
5.946672
5.98091
6.067532
6.159745
6.2383
6.298688
6.352969
6.402248
6.460736
6.515056
6.580111
6.637523
6.694673
6.754406
6.810072
6.864453
6.903799
6.925073
6.974916
7.035997
7.097877
7.186961
7.309819
7.386727
7.463969
7.542202
7.611667
7.67392
7.750012
7.823608
7.893533
7.965801
8.063927
8.151171
8.271866
8.39517
8.539573
8.708881
8.894166
9.097095
9.328722
9.564137
9.820949
10.073392
10.281165
10.298023
10.24938
10.239658
10.247176
10.272101
10.317956
10.380147
10.450532
10.518377
10.584072
10.643375
10.693421
10.761241
10.821224
10.875426
10.928121
10.959236
11.002814
11.027316
11.048649
11.061786
11.043237
11.043921
11.041643
11.030432
11.01474
11.036301
11.023217
11.003403
10.979781
10.948993
10.922763
10.891477
10.85954
10.827044
10.784364
10.755653
10.718112
10.66886
10.624396
10.561508
10.496787
10.419705
10.36403
10.280192
10.210058
10.129504
10.045661
9.965373
9.88895
9.814356
9.730052
9.647363
9.562509
9.492709
9.404399
9.316269
9.239182
9.147315
9.065931
8.97401
8.891689
8.800928
8.700535
8.606536
8.49851
8.389933
8.271079
8.157794
8.058179
7.974739
7.907585
7.828028
7.741309
7.670578
7.554871
7.474104
7.384586
7.32095
7.267129
7.23817
7.21548
7.208686
7.198318
7.163747
7.093714
7.014402
6.914317
6.806188
6.687345
6.566692
6.457848
6.349531
6.295103
6.22824
6.169748
6.111277
6.077703
6.037142
6.030441
6.015197
6.029489
6.04864
6.06733
6.08557
6.105061
6.121045
6.127894
6.122628
6.124069
6.11677
6.137369
6.130937
6.152399
6.168964
6.188572
6.214285
6.232814
6.24907
6.293536
6.332809
6.374612
6.43681
6.482295
6.56614
6.632204
6.697871
6.786852
6.865143
6.945914
7.055743
7.159658
7.272738
7.397732
7.525525
7.672933
7.823247
7.984027
8.172156
8.383929
8.615524
8.865416
9.140042
9.431739
9.748196
10.041804
10.199306
10.290566
10.365475
10.443139
10.527251
10.610091
10.707502
10.81523
10.885026
10.986272
11.090449
11.188684
11.276378
11.36175
11.430047
11.489994
11.527447
11.552933
11.571878
11.582412
11.593352
11.614261
11.637429
11.681673
11.725355
11.764862
11.803736
11.838586
11.878778
11.903351
11.917048
11.929171
11.941379
11.951787
11.955791
11.964334
11.97297
11.977344
11.977039
11.976804
11.974077
11.96049
11.945869
11.937476
11.906573
11.865204
11.826201
11.776529
11.730618
11.699198
11.683686
11.679908
11.664976
11.671374
11.675821
11.684481
11.693451
11.688918
11.683644
11.662284
11.62676
11.570301
11.474948
11.396306
11.321142
11.237481
11.151734
11.110487
11.028666
10.954952
10.870224
10.778507
10.672585
10.571043
10.472548
10.358604
10.248937
10.131358
10.018777
9.887991
9.752902
9.600658
9.450681
9.306853
9.150361
8.980026
8.815311
8.651203
8.485716
8.317265
8.126811
7.927246
7.737403
7.557716
7.35145
7.147032
6.933066
6.71575
6.467797
6.227926
5.955206
5.693771
5.742024
5.810233
5.860035
5.900208
5.942881
5.988283
6.005901
5.989566
5.965994
5.929378
5.857952
5.757138
5.655566
5.566092
5.505785
5.432504
5.374256
5.312645
5.263147
5.240965
5.216509
5.220435
5.229165
5.25402
5.30273
5.38506
5.446638
5.51393
5.604441
5.684651
5.785079
5.883728
6.013829
6.155746
6.303715
6.469376
6.624664
6.789081
6.96772
7.128584
7.308743
7.463783
7.644647
7.806726
7.997909
8.182543
8.370589
8.542042
8.705245
8.845739
8.982894
9.108316
9.228856
9.310437
9.38615
9.433904
9.455988
9.487262
9.527654
9.56356
9.629798
9.724089
9.868521
10.049232
10.293222
10.587403
10.909717
11.277728
11.673183
12.096268
12.513978
12.838878
13.065824
13.157323
13.158478
13.135579
13.104528
13.084002
13.061068
13.035723
13.025995
13.044481
13.086651
13.139889
13.197562
13.249011
13.285892
13.304685
13.311564
13.304171
13.288637
13.269567
13.248159
13.223382
13.206546
13.1891
13.168591
13.144539
13.110209
13.072144
13.036926
12.99586
12.945811
12.900328
12.847433
12.785517
12.719912
12.650345
12.571265
12.473886
12.38555
12.288319
12.162241
12.032551
11.88523
11.750794
11.598193
11.451367
11.317148
11.15259
10.97431
10.806573
10.646957
10.49623
10.330425
10.181157
10.042003
9.890436
9.758283
9.643467
9.521533
9.415599
9.306059
9.219229
9.123067
9.026869
8.940026
8.845201
8.745943
8.638135
8.530927
8.417737
8.322035
8.19148
8.081607
7.986242
7.884601
7.787523
7.719764
7.648412
7.601454
7.544292
7.503691
7.466748
7.405467
7.335195
7.24985
7.166052
7.028567
6.858969
6.734075
6.691757
6.664069
6.667317
6.67439
6.660733
6.628732
6.571025
6.491517
6.408799
6.328484
6.257241
6.17997
6.1115
6.074704
6.034178
5.993741
6.020726
6.018924
6.053241
6.095323
6.135165
6.209132
6.29042
6.365252
6.447459
6.536107
6.624995
6.695284
6.784203
6.900535
7.010627
7.093905
7.201752
7.314768
7.411349
7.547537
7.660228
7.7737
7.905674
8.023857
8.151343
8.296806
8.42505
8.544292
8.674893
8.799635
8.926397
9.051934
9.187888
9.309144
9.435454
9.558763
9.696667
9.823211
9.985167
10.113079
10.278429
10.473248
10.679635
10.904323
11.117661
11.285888
11.322615
11.339784
11.357285
11.376513
11.403421
11.439054
11.483435
11.531327
11.572579
11.616684
11.648174
11.674598
11.693116
11.720301
11.741326
11.753185
11.777877
11.790215
11.79915
11.787946
11.78467
11.761524
11.725208
11.67999
11.626008
11.562053
11.486717
11.418282
11.339518
11.266061
11.186028
11.085514
10.986316
10.88399
10.774287
10.6603
10.556468
10.429713
10.297667
10.146375
9.991211
9.829064
9.650904
9.476595
9.288259
9.087852
8.912208
8.712729
8.489329
8.301766
8.101568
7.918211
7.719589
7.549594
7.374788
7.22302
7.061884
6.929536
6.788803
6.670584
6.551989
6.438407
6.30974
6.175882
6.017421
5.819756
5.545136
5.227417
4.888764
4.528825
4.149588
3.844913
3.865434
3.928123
3.989282
4.055098
4.16386
4.294786
4.3999
4.494538
4.55226
4.622505
4.674395
4.696083
4.718211
4.744426
4.787046
4.846438
4.925592
5.041015
5.171047
5.319343
5.516486
5.667127
5.807047
5.960681
6.111243
6.268143
6.423477
6.576351
6.7028
6.870713
7.006687
7.144156
7.261634
7.408664
7.539474
7.65453
7.788746
7.928924
8.053294
8.182762
8.319028
8.440615
8.597029
8.743694
8.893228
9.048593
9.204967
9.371789
9.532804
9.703587
9.880035
10.053764
10.245229
10.452579
10.67805
10.914145
11.18129
11.371988
11.439361
11.447806
11.427795
11.405443
11.368546
11.318356
11.280877
11.239047
11.199278
11.175335
11.144514
11.129856
11.109523
11.092628
11.077428
11.059514
11.042485
11.014846
10.983059
10.956195
10.916851
10.885073
10.834813
10.797549
10.756427
10.713128
10.686543
10.665281
10.630428
10.606762
10.565932
10.524922
10.479648
10.425667
10.380443
10.328271
10.264077
10.188462
10.117372
10.019117
9.914815
9.818614
9.701857
9.593777
9.47406
9.361217
9.252181
9.132861
9.005703
8.883863
8.785567
8.706199
8.616795
8.547537
8.451447
8.395955
8.329354
8.260297
8.180542
8.107533
8.021568
7.906067
7.791823
7.675942
7.518809
7.342507
7.135576
6.919533
6.659208
6.390096
6.077697
5.726185
5.363746
4.96563
4.658287
4.665597
4.722693
4.801486
4.849709
4.904606
5.014431
5.152424
5.247654
5.31547
5.343714
5.325209
5.332843
5.34615
5.364921
5.405758
5.454453
5.490655
5.556732
5.624888
5.721737
5.818628
5.929493
6.053046
6.174288
6.284889
6.425399
6.539096
6.676383
6.811399
6.941974
7.060657
7.173828
7.290162
7.426344
7.543427
7.684791
7.793327
7.911891
8.007251
8.136091
8.253922
8.358856
8.478745
8.5669
8.663503
8.737752
8.830095
8.920186
9.001642
9.082267
9.184293
9.30396
9.42568
9.581651
9.747062
9.968789
10.203865
10.473433
10.682951
10.716702
10.734179
10.772307
10.833982
10.88158
10.905867
10.918561
10.946189
10.96637
10.975098
10.993027
10.996411
10.99208
10.99181
10.980158
10.973863
10.96835
10.959066
10.92806
10.880097
10.825898
10.773339
10.717942
10.656346
10.593132
10.537445
10.477414
10.404127
10.324252
10.229358
10.138832
10.03984
9.929728
9.798821
9.677428
9.550758
9.411799
9.258548
9.120138
8.96522
8.815258
8.667637
8.522255
8.364446
8.195275
8.023087
7.849627
7.660728
7.45919
7.256979
7.033359
6.824893
6.608908
6.411839
6.229913
6.086223
5.965426
5.832956
5.694909
5.586617
5.456264
5.298361
5.121943
4.90646
4.647635
4.347067
4.028749
3.948155
3.989929
4.028683
4.064996
4.108982
4.173576
4.232267
4.269231
4.304607
4.341383
4.354576
4.362497
4.359996
4.36939
4.37301
4.387165
4.393898
4.424975
4.462313
4.523669
4.624507
4.738592
4.85899
4.997156
5.135291
5.261721
5.393292
5.548538
5.67953
5.807683
5.959224
6.069516
6.202791
6.33294
6.449405
6.584741
6.714363
6.835083
6.949476
7.081562
7.202734
7.329602
7.454125
7.57795
7.691882
7.791688
7.851607
7.962179
8.058333
8.165359
8.264481
8.430077
8.562658
8.677425
8.79004
8.921555
9.0467
9.193693
9.339616
9.512341
9.683943
9.884411
10.108585
10.342739
10.573392
10.634497
10.628268
10.673087
10.719992
10.735169
10.750346
10.743412
10.739864
10.732406
10.72102
10.711975
10.701434
10.685077
10.663397
10.635684
10.602423
10.564621
10.525319
10.487548
10.439946
10.391696
10.342779
10.289429
10.221128
10.168533
10.109066
10.038074
9.968322
9.89129
9.820263
9.733013
9.653225
9.578343
9.50362
9.433904
9.367965
9.291881
9.217391
9.132526
9.039713
8.957224
8.861276
8.750491
8.64672
8.529593
8.435984
8.325089
8.219939
8.100056
7.970784
7.858079
7.735154
7.622859
7.490317
7.383893
7.264706
7.127136
6.993615
6.866057
6.679781
6.48299
6.278353
6.04751
5.779439
5.490258
5.16243
4.835938
4.861326
4.960981
5.041493
5.100151
5.196825
5.338635
5.43245
5.469387
5.50336
5.539777
5.581386
5.667834
5.768433
5.898145
6.004439
6.140213
6.301477
6.460753
6.625477
6.814155
7.003026
7.18376
7.348325
7.479902
7.641037
7.80093
7.945406
8.093
8.245391
8.373055
8.485363
8.591544
8.686042
8.765099
8.857386
8.943279
9.013774
9.083538
9.139806
9.198466
9.256467
9.29856
9.336707
9.371735
9.401409
9.436562
9.466041
9.488401
9.528818
9.565244
9.607357
9.661746
9.719005
9.797474
9.880294
9.964687
10.082896
10.215149
10.351099
10.513857
10.607666
10.5868
10.587533
10.616966
10.657407
10.726303
10.768923
10.794333
10.816171
10.84129
10.860083
10.873245
10.874107
10.883519
10.882943
10.873151
10.864069
10.844127
10.819318
10.790066
10.761444
10.742686
10.729838
10.727415
10.729294
10.719912
10.709651
10.694218
10.645827
10.584949
10.50375
10.417486
10.310773
10.197464
10.067213
9.940563
9.805317
9.661963
9.527374
9.378283
9.229637
9.069052
8.927373
8.779623
8.652458
8.50459
8.376968
8.248493
8.134306
8.00814
7.885531
7.733201
7.620653
7.513348
7.409009
7.321019
7.222555
7.127429
7.044383
6.938399
6.843676
6.734458
6.632411
6.530066
6.405084
6.290439
6.128351
5.962294
5.759095
5.597072
5.642885
5.716536
5.763002
5.811737
5.892652
5.967056
5.983237
5.975623
5.962461
5.948352
5.923339
5.864939
5.787107
5.723087
5.701824
5.698978
5.710015
5.730645
5.75439
5.795278
5.849953
5.923807
6.007391
6.120892
6.226695
6.365779
6.503924
6.648629
6.812232
6.981148
7.151389
7.329343
7.51182
7.690049
7.867115
8.030518
8.181703
8.311404
8.4162
8.512416
8.574613
8.629078
8.672549
8.707179
8.741129
8.77184
8.801241
8.829082
8.848908
8.892546
8.934023
8.992709
9.071048
9.179389
9.311246
9.469808
9.647501
9.848102
10.084486
10.349894
10.522184
10.511206
10.520342
10.549211
10.577581
10.59688
10.611642
10.627114
10.642523
10.658599
10.661293
10.676161
10.703047
10.718212
10.746228
10.77604
10.796693
10.803103
10.80927
10.802011
10.785082
10.735362
10.686088
10.624598
10.539189
10.438503
10.327678
10.229619
10.122424
10.01195
9.898982
9.804892
9.70341
9.590356
9.505116
9.389798
9.268126
9.133702
8.993273
8.811485
8.636294
8.466005
8.274457
8.090542
7.94698
7.788428
7.622708
7.448403
7.311394
7.161014
7.033294
6.928447
6.823226
6.745064
6.642988
6.565162
6.50506
6.433483
6.381614
6.320168
6.256666
6.216094
6.178994
6.143783
6.117475
6.082536
6.036381
5.966881
5.859797
5.869197
5.914656
5.94727
5.971461
6.016258
6.082282
6.107618
6.106383
6.083996
6.03706
5.972322
5.899161
5.815293
5.743707
5.709707
5.679606
5.663378
5.661701
5.670686
5.677646
5.718384
5.778493
5.851645
5.932783
5.992267
6.063683
6.144466
6.243302
6.306339
6.411293
6.518005
6.595069
6.684663
6.761927
6.837226
6.924168
6.983636
7.06352
7.132308
7.198037
7.244158
7.325857
7.401114
7.449997
7.500701
7.582832
7.640584
7.680459
7.730658
7.788081
7.834625
7.868149
7.90505
7.926698
7.965549
8.002723
8.05184
8.148721
8.281428
8.443505
8.628762
8.83534
9.054955
9.289319
9.519746
9.616211
9.592084
9.574345
9.558714
9.54234
9.527287
9.508629
9.471581
9.432222
9.379633
9.321281
9.235502
9.12683
8.997564
8.856683
8.715789
8.561105
8.416316
8.274104
8.1468
8.018951
7.905015
7.795737
7.704674
7.6154
7.517799
7.430658
7.340817
7.244955
7.142942
7.050031
6.938432
6.811585
6.682696
6.555256
6.419609
6.262574
6.114322
5.960745
5.810721
5.70514
5.608366
5.542306
5.475827
5.439818
5.419801
5.395086
5.403204
5.412092
5.436028
5.454266
5.476181
5.509851
5.555834
5.580214
5.602018
5.638466
5.636951
5.603427
5.556899
5.446408
5.304314
5.11201
4.9156
4.912445
4.961343
5.022147
5.201898
5.395476
5.463412
5.472231
5.467024
5.471044
5.470469
5.457366
5.441682
5.406642
5.352056
5.273837
5.222126
5.184799
5.182809
5.201857
5.237239
5.302674
5.392666
5.495078
5.635671
5.772666
5.931844
6.08755
6.217885
6.355857
6.528945
6.655691
6.804904
6.941257
7.070593
7.209115
7.323833
7.440876
7.550098
7.661509
7.771156
7.869497
7.9436
8.02944
8.120113
8.181382
8.233835
8.303303
8.376129
8.452344
8.523211
8.602306
8.698243
8.79566
8.906443
9.02741
9.152376
9.278375
9.418742
9.574099
9.777498
9.997959
10.185453
10.212711
10.206894
10.214495
10.219226
10.21002
10.207679
10.19625
10.192268
10.184936
10.190969
10.191198
10.202477
10.206206
10.216309
10.225829
10.238422
10.250523
10.255544
10.256504
10.236311
10.212686
10.176231
10.130619
10.082221
10.009049
9.906401
9.793739
9.701838
9.607506
9.502005
9.460388
9.376451
9.261435
9.143682
9.038773
8.937312
8.815777
8.688938
8.561934
8.455659
8.306721
8.176518
8.03962
7.892083
7.732052
7.588269
7.409846
7.2664
7.132359
7.021387
6.909893
6.822803
6.743009
6.647839
6.581129
6.523434
6.444938
6.351546
6.221885
6.102333
5.90191
5.676651
5.396069
5.102816
4.821519
4.531763
4.425501
4.511866
4.563624
4.645856
4.852892
5.072974
5.186032
5.207162
5.203047
5.186397
5.159318
5.134064
5.115788
5.097216
5.074027
5.073364
5.116632
5.163871
5.218447
5.299453
5.403887
5.501541
5.608482
5.73934
5.827061
5.969858
6.073229
6.166913
6.257009
6.354093
6.423102
6.507217
6.5696
6.636336
6.682337
6.757032
6.820659
6.863255
6.910757
6.946859
6.997001
7.052473
7.110222
7.170543
7.23769
7.316016
7.400141
7.493599
7.597233
7.729476
7.896981
8.102626
8.327348
8.598268
8.924305
9.278358
9.517943
9.570207
9.620901
9.679543
9.713956
9.735536
9.762931
9.797953
9.827368
9.860562
9.883065
9.909322
9.920775
9.925985
9.931021
9.925817
9.919214
9.905437
9.884517
9.869771
9.843308
9.815695
9.782113
9.739438
9.702058
9.658213
9.615911
9.561555
9.502301
9.445885
9.378642
9.315325
9.246071
9.188271
9.119267
9.047582
8.974124
8.912221
8.846282
8.771792
8.700589
8.620997
8.548138
8.481448
8.407068
8.336276
8.280569
8.199211
8.115708
8.053957
7.958744
7.846692
7.749605
7.670735
7.552991
7.432936
7.314898
7.192901
7.051604
6.909362
6.736359
6.570854
6.377861
6.192632
5.965753
5.697044
5.42046
5.126597
4.7976
4.517063
4.534897
4.620329
4.68469
4.737293
4.808156
4.931182
5.013221
5.02774
5.012506
4.982985
4.951474
4.915136
4.884144
4.859058
4.832032
4.828339
4.83432
4.861261
4.895065
4.948701
5.037098
5.143981
5.25152
5.375313
5.494764
5.631467
5.769997
5.8978
6.026737
6.177131
6.293173
6.424107
6.528361
6.643638
6.781437
6.866132
6.969774
7.088829
7.195852
7.302211
7.407573
7.496129
7.613141
7.726802
7.832082
7.960109
8.088158
8.202084
8.350158
8.508593
8.68496
8.879889
9.110969
9.359979
9.493098
9.463531
9.427716
9.428896
9.43477
9.435347
9.429043
9.420478
9.412807
9.409846
9.407228
9.405206
9.399212
9.38569
9.373842
9.357278
9.344276
9.326345
9.323705
9.309793
9.293356
9.271595
9.905252
9.928861
9.965411
10.00367
10.040283
10.098424
10.122779
10.146734
10.159116
10.166157
10.179214
10.16983
10.159593
10.158693
10.14062
10.134528
10.108072
10.113708
10.110195
10.09582
10.090959
10.091156
10.078706
10.081342
10.089298
10.092792
10.100398
10.119559
10.132781
10.164659
10.19292
10.196422
10.226179
10.251913
10.276499
10.293386
10.310629
10.35304
10.386257
10.430756
10.46091
10.473826
10.504379
10.546576
10.568294
10.604088
10.638817
10.669538
10.694444
10.730663
10.744467
10.780721
10.796157
10.813539
10.825644
10.826726
10.836966
10.84998
10.860236
10.859793
10.868628
10.863728
10.842254
10.866027
10.895187
10.960402
11.052348
11.155732
11.248487
11.290042
11.162365
11.070263
11.021841
10.986751
10.93298
10.839839
10.729972
10.620119
10.520288
10.42725
10.351234
10.271276
10.200069
10.118549
10.067839
10.036368
10.006433
9.991282
10.006423
10.037208
10.086455
10.126081
10.190942
10.265439
10.329342
10.416975
10.485623
10.537712
10.601856
10.665676
10.674173
10.702503
10.725365
10.736493
10.741847
10.748412
10.745958
10.741843
10.738725
10.743268
10.735691
10.735942
10.744921
10.736988
10.726807
10.715232
10.705685
10.643987
10.607003
10.565882
10.486923
10.40349
10.308271
10.207016
10.093497
9.94375
9.80993
9.663881
9.530102
9.360636
9.17847
9.056726
8.907483
8.774885
8.69597
8.623043
8.568089
8.537717
8.551669
8.521154
8.500877
8.464661
8.448768
8.409199
8.319754
8.222281
8.051091
7.842561
7.566076
7.239373
6.895411
6.484691
6.076289
5.836338
5.786275
5.852403
5.932271
6.012353
6.087297
6.180581
6.262715
6.33243
6.363676
6.386239
6.424756
6.453173
6.472328
6.511079
6.554826
6.653017
6.789054
6.920894
7.051356
7.209886
7.33168
7.492308
7.642941
7.774845
7.900098
8.033854
8.173469
8.280743
8.41103
8.529994
8.65623
8.782641
8.899981
9.021746
9.119219
9.219992
9.333419
9.442704
9.526458
9.634799
9.698994
9.795823
9.87836
9.951404
10.000539
10.04331
10.114823
10.165275
10.189069
10.264855
10.324309
10.396297
10.483912
10.619837
10.779974
10.97111
11.214085
11.502108
11.829457
12.15437
12.182301
12.171124
12.243711
12.315824
12.37042
12.405393
12.432764
12.463668
12.482074
12.472294
12.450273
12.405931
12.349669
12.282404
12.216243
12.144814
12.053933
11.989094
11.904482
11.821936
11.756166
11.665415
11.568703
11.4991
11.384487
11.272217
11.151601
10.995381
10.862027
10.722839
10.541276
10.387149
10.208952
10.02511
9.825451
9.643955
9.446474
9.229179
9.00508
8.779121
8.568081
8.351423
8.152004
7.913767
7.73331
7.535491
7.346096
7.152542
6.975402
6.797489
6.645889
6.487442
6.342067
6.191603
6.035136
5.832355
5.630399
5.371041
5.064008
4.724491
4.350242
3.929318
3.490682
3.325106
3.387415
3.471132
3.561216
3.641231
3.789086
3.993843
4.180301
4.302519
4.393242
4.467808
4.530179
4.614522
4.675572
4.738563
4.804779
4.868714
4.966508
5.105441
5.279607
5.447016
5.598743
5.782471
5.952166
6.094408
6.254616
6.384201
6.512434
6.64376
6.793431
6.94548
7.058756
7.206175
7.32348
7.455214
7.6033
7.712631
7.842743
7.941881
8.056267
8.176142
8.280057
8.383617
8.495965
8.610445
8.723486
8.837946
8.972285
9.11455
9.2575
9.412703
9.559347
9.743623
9.95022
10.179447
10.444023
10.748123
11.096988
11.437946
11.611823
11.577011
11.522844
11.486197
11.450198
11.379423
11.281754
11.186935
11.126043
11.079659
11.046864
11.010658
10.968066
10.914897
10.857201
10.786943
10.718209
10.630238
10.548566
10.480177
10.387918
10.302396
10.212327
10.137176
10.038325
9.939572
9.854485
9.779587
9.668279
9.558414
9.470186
9.371419
9.271795
9.169907
9.065042
8.962925
8.851795
8.734585
8.617025
8.500443
8.405127
8.324062
8.248395
8.183253
8.091091
8.002656
7.908507
7.831742
7.720798
7.625933
7.50814
7.365394
7.242535
7.11222
6.945102
6.788909
6.613193
6.398695
6.192348
5.949242
5.674276
5.361604
5.029528
4.650227
4.263938
3.935326
3.939341
4.03683
4.187109
4.365617
4.518306
4.668962
4.770822
4.872085
4.957886
5.01403
5.047255
5.085404
5.12027
5.154375
5.178042
5.227259
5.324029
5.439941
5.578007
5.737541
5.880959
6.047706
6.214513
6.375773
6.548449
6.690346
6.830899
6.991507
7.118106
7.282365
7.447281
7.603066
7.749145
7.882243
8.002937
8.137337
8.234586
8.332098
8.413337
8.483239
8.554821
8.62993
8.716049
8.795542
8.872781
8.95921
9.085107
9.256052
9.498664
9.800707
10.16822
10.478475
10.449813
10.41675
10.443267
10.460491
10.462419
10.461847
10.4604
10.45636
10.451194
10.438639
10.415871
10.392769
10.358815
10.323788
10.282642
10.246002
10.211222
10.167166
10.120409
10.062531
9.985778
9.902447
9.808579
9.702384
9.603713
9.488797
9.372174
9.268242
9.159414
9.051748
8.922711
8.813209
8.693117
8.56142
8.439527
8.313588
8.192842
8.071728
7.953886
7.833402
7.716104
7.594017
7.449923
7.279054
7.130019
6.92662
6.745104
6.522291
6.258946
6.018558
5.759496
5.479089
5.201532
4.869995
4.510633
4.157135
3.785027
3.405754
3.015423
2.652329
2.276353
1.909348
1.627895
1.620903
1.663521
1.730275
1.795495
1.866304
1.936942
2.030388
2.140773
2.279175
2.40734
2.534542
2.649186
2.728279
2.793635
2.877923
2.988331
3.129723
3.28382
3.445561
3.625502
3.793994
3.968508
4.131877
4.311473
4.49541
4.659314
4.840106
5.036353
5.213047
5.401165
5.582912
5.761603
5.968337
6.153558
6.338356
6.542113
6.739754
6.941865
7.147719
7.370903
7.622514
7.872138
8.151617
8.463973
8.792365
9.151608
9.547796
9.962142
10.374304
10.542267
10.537606
10.518661
10.495628
10.44742
10.385971
10.323742
10.287776
10.264775
10.265001
10.261368
10.252131
10.250527
10.250283
10.236863
10.218573
10.183556
10.139911
10.08151
10.02054
9.959455
9.889881
9.817288
9.731413
9.658088
9.586836
9.511287
9.425034
9.338831
9.26774
9.183722
9.105294
9.01726
8.940435
8.850099
8.760169
8.663738
8.56941
8.479699
8.360717
8.254527
8.156197
8.045875
7.923292
7.812802
7.683734
7.548939
7.423861
7.282098
7.152787
7.008515
6.872701
6.733227
6.6029
6.497584
6.37613
6.253579
6.130273
6.020242
5.898558
5.823541
5.740967
5.671218
5.596687
5.527385
5.440044
5.33674
5.216295
5.066689
4.885383
4.668982
4.406079
4.268759
4.301147
4.355566
4.403768
4.434793
4.464296
4.478171
4.450714
4.399118
4.342789
4.283725
4.214868
4.12609
4.055487
3.984733
3.905421
3.86156
3.817557
3.815409
3.824014
3.863376
3.941632
4.067231
4.198456
4.33018
4.46578
4.627351
4.778026
4.949267
5.108269
5.288481
5.468888
5.62936
5.825363
5.98994
6.156308
6.29451
6.455876
6.581432
6.706921
6.81927
6.925738
7.019405
7.090544
7.173386
7.264138
7.359036
7.45805
7.582295
7.747935
7.925243
8.145596
8.390663
8.663074
8.938334
9.217819
9.38554
9.383509
9.38563
9.401518
9.422938
9.445929
9.470096
9.514317
9.561907
9.610075
9.648673
9.68383
9.723427
9.744175
9.769059
9.786782
9.802115
9.816662
9.817907
9.818277
9.811201
9.798032
9.788912
9.76621
9.7495
9.711152
9.660103
9.60937
9.543683
9.460354
9.354244
9.258223
9.175827
9.084961
8.984552
8.895299
8.797593
8.697985
8.599754
8.486949
8.38843
8.270188
8.168366
8.042827
7.926001
7.766111
7.653476
7.511896
7.356583
7.205363
7.021694
6.831001
6.639476
6.415278
6.157707
5.904778
5.592851
5.267043
4.918265
4.53716
4.12401
3.709973
3.299067
2.943113
2.927395
3.006392
3.075923
3.147905
3.226018
3.298471
3.386173
3.43898
3.4831
3.514931
3.517605
3.527208
3.556066
3.555433
3.584618
3.620383
3.669854
3.766161
3.884131
4.021551
4.164789
4.31648
4.480505
4.62606
4.769866
4.922863
5.087656
5.231226
5.389539
5.511407
5.639888
5.754785
5.846024
5.925252
5.988328
6.017211
6.064767
6.063261
6.055357
6.051096
6.051508
6.049535
6.040847
6.037307
6.045528
6.072879
6.129415
6.217789
6.329204
6.500996
6.670815
6.866159
7.10196
7.359854
7.649703
7.967811
8.294862
8.662865
9.043485
9.381637
9.482298
9.457118
9.433936
9.416159
9.393829
9.335831
9.214042
9.062073
8.947038
8.841232
8.739945
8.649313
8.542095
8.454345
8.370966
8.286544
8.208791
8.132346
8.059648
7.998907
7.944303
7.870441
7.807736
7.74264
7.667282
7.617394
7.550823
7.491994
7.431736
7.36521
7.291472
7.241328
7.178891
7.109573
7.035311
6.956898
6.884287
6.797552
6.71272
6.638822
6.564354
6.486168
6.402537
6.311828
6.233048
6.130522
6.037186
5.899469
5.756567
5.593165
5.391716
5.17256
4.925803
4.657174
4.357644
4.01834
3.671288
3.314747
2.984285
2.972582
3.033765
3.106456
3.16039
3.226223
3.334101
3.464251
3.565367
3.622143
3.652636
3.668918
3.692865
3.696749
3.698863
3.710778
3.741952
3.77841
3.816634
3.878444
3.974479
4.066202
4.171985
4.255583
4.359993
4.468173
4.601604
4.720386
4.842058
4.954099
5.091955
5.207452
5.322689
5.431289
5.551533
5.674759
5.77356
5.893548
6.013077
6.119662
6.229683
6.352803
6.47157
6.610055
6.750756
6.902673
7.047151
7.222098
7.401906
7.606462
7.797729
8.006043
8.236176
8.468167
8.727548
9.016074
9.32082
9.626559
9.865574
9.958853
10.026048
10.105503
10.192438
10.258897
10.332944
10.397359
10.469347
10.518909
10.566262
10.616343
10.643537
10.675845
10.695943
10.710225
10.723844
10.720255
10.713129
10.704591
10.685303
10.651816
10.616149
10.560425
10.502317
10.436652
10.364961
10.278962
10.200077
10.106333
10.003296
9.898863
9.783524
9.667941
9.535409
9.397017
9.268024
9.119722
8.965726
8.822895
8.674626
8.522718
8.367798
8.207992
8.040832
7.867199
7.701093
7.533597
7.353381
7.182795
7.013543
6.846004
6.660872
6.511933
6.364383
6.199173
6.049066
5.897302
5.717761
5.546855
5.392895
5.209622
5.024343
4.807003
4.578024
4.326716
4.071707
4.014108
4.110325
4.169005
4.209651
4.250424
4.291404
4.327688
4.341925
4.336913
4.325758
4.301481
4.266726
4.221272
4.165361
4.108361
4.066341
4.044392
4.040561
4.049994
4.063537
4.103808
4.173295
4.258992
4.370045
4.4831
4.606491
4.717529
4.844734
4.944411
5.029565
5.129776
5.20943
5.294329
5.391708
5.483675
5.571739
5.667713
5.721897
5.790513
5.895307
6.00365
6.097603
6.280486
6.428046
6.573643
6.725369
6.898488
7.085555
7.30607
7.537275
7.811031
8.109779
8.362135
8.398736
8.41734
8.465221
8.488111
8.508951
8.537519
8.558087
8.594057
8.623558
8.645214
8.676206
8.705003
8.724979
8.750369
8.764486
8.787064
8.807645
8.811838
8.815324
8.811699
8.806271
8.790552
8.766696
8.731388
8.68424
8.626405
8.574233
8.506537
8.46161
8.401175
8.328924
8.256953
8.180217
8.099955
8.011782
7.922602
7.847278
7.754001
7.663051
7.570539
7.460855
7.366077
7.261412
7.156717
7.043603
6.953055
6.84596
6.749032
6.653486
6.533635
6.437661
6.319078
6.213083
6.079888
5.955258
5.826932
5.688446
5.542282
5.383697
5.207565
5.006018
4.815459
4.599139
4.385028
4.187443
3.974639
3.774296
3.568543
3.53046
3.674262
3.765548
3.858778
4.056603
4.275996
4.389324
4.420255
4.427639
4.411372
4.390829
4.363309
4.32061
4.298873
4.278314
4.265653
4.258289
4.256905
4.285573
4.331069
4.364085
4.434338
4.536911
4.626778
4.72432
4.849271
4.947799
5.038754
5.137962
5.256411
5.357635
5.430388
5.527762
5.611463
5.691968
5.772735
5.848912
5.921978
6.003128
6.072124
6.162744
6.249756
6.349741
6.427746
6.51542
6.604083
6.725701
6.842049
6.964288
7.106308
7.227732
7.387341
7.556924
7.720282
7.923795
8.127779
8.349782
8.591052
8.845468
8.945161
8.909549
8.912075
8.951457
8.983088
8.994212
9.000189
9.002975
9.01024
9.027545
9.037566
9.051272
9.060916
9.07225
9.091165
9.108865
9.117654
9.12471
9.132285
9.138246
9.139636
9.12548
9.100079
9.075267
9.052446
9.003647
8.949282
8.897582
8.835944
8.769388
8.691128
8.615341
8.527004
8.427854
8.340257
8.240656
8.146961
8.048108
7.955841
7.863194
7.762807
7.673958
7.570703
7.487823
7.38247
7.283982
7.166944
7.074965
6.976738
6.886292
6.784785
6.677584
6.589464
6.486517
6.405395
6.319421
6.231443
6.159181
6.088592
6.000427
5.952203
5.876801
5.807688
5.702903
5.614028
5.508694
5.434686
5.449642
5.475163
5.486903
5.482918
5.466388
5.434503
5.395191
5.371659
5.360828
5.349784
5.307072
5.257162
5.202296
5.160517
5.149246
5.142681
5.165411
5.233195
5.319292
5.434725
5.569388
5.704266
5.820716
5.9389
6.071087
6.185098
6.293676
6.405407
6.510183
6.632808
6.734719
6.837996
6.921347
7.012417
7.079972
7.159381
7.21758
7.276869
7.352689
7.405789
7.473639
7.523311
7.610515
7.692483
7.748026
7.826999
7.91605
8.006677
8.135755
8.232439
8.349839
8.509072
8.689844
8.872175
9.058669
9.271129
9.46729
9.602735
9.612595
9.586026
9.593922
9.595725
9.585216
9.561642
9.529107
9.492328
9.45056
9.413224
9.370707
9.322106
9.278772
9.222999
9.186947
9.137207
9.088892
9.030307
8.986481
8.934086
8.905586
8.863296
8.827039
8.792191
8.746161
8.725333
8.697339
8.637906
8.610721
8.572848
8.526041
8.485332
8.426003
8.390656
8.330002
8.276713
8.204157
8.120626
8.043829
7.9644
7.867146
7.78918
7.692628
7.619164
7.527119
7.411751
7.317163
7.193862
7.071074
6.974462
6.853001
6.72699
6.61904
6.481976
6.370567
6.235922
6.093772
5.938772
5.794844
5.624098
5.418783
5.210456
4.984169
4.764638
4.522838
4.292603
4.159073
4.228566
4.276354
4.324154
4.426657
4.571465
4.655245
4.639789
4.587635
4.525521
4.467471
4.39959
4.312864
4.204712
4.082774
3.957505
3.832287
3.707953
3.577656
3.438329
3.32252
3.214977
3.117448
3.054363
3.039517
3.020133
3.013334
2.99159
3.0033
3.010808
3.037963
3.078329
3.123544
3.174437
3.2249
3.274571
3.335629
3.396104
3.447154
3.532485
3.614763
3.728528
3.837602
3.976414
4.140419
4.307354
4.504665
4.717276
4.957108
5.210365
5.480287
5.776212
6.078198
6.405235
6.741491
6.99423
7.09251
7.188798
7.271996
7.341357
7.40198
7.460334
7.525199
7.584043
7.652762
7.728084
7.794555
7.869269
7.944091
8.017598
8.086041
8.150659
8.227483
8.285225
8.351172
8.411588
8.46135
8.514855
8.559279
8.613644
8.642094
8.68336
8.70924
8.725519
8.734756
8.731215
8.726616
8.70778
8.688157
8.662525
8.614291
8.581025
8.527054
8.48486
8.439983
8.393479
8.338107
8.266829
8.223018
8.13893
8.069734
7.989712
7.905578
7.823142
7.728461
7.635431
7.544583
7.444874
7.32896
7.207419
7.092978
6.9905
6.877643
6.766656
6.617861
6.508873
6.388083
6.248715
6.11975
5.959289
5.826965
5.681733
5.537696
5.377625
5.219357
5.053315
4.844856
4.610577
4.359793
4.351733
4.431688
4.472387
4.516388
4.594051
4.660361
4.666784
4.644828
4.619025
4.602093
4.582011
4.551127
4.49043
4.435276
4.400055
4.373904
4.360794
4.390675
4.430971
4.48718
4.542515
4.62244
4.727724
4.855328
4.994925
5.133089
5.273213
5.389157
5.514475
5.601109
5.699646
5.764562
5.862714
5.925407
5.982277
6.059643
6.147644
6.200618
6.295578
6.370653
6.436224
6.514751
6.604583
6.688025
6.803124
6.91582
7.023925
7.1428
7.261615
7.405189
7.526924
7.675715
7.828747
8.003126
8.191127
8.380662
8.606145
8.845048
9.095254
9.335655
9.329212
9.29737
9.332343
9.376625
9.400945
9.407417
9.41851
9.419427
9.415502
9.406996
9.395551
9.384549
9.374693
9.360271
9.353434
9.33663
9.314242
9.290876
9.265569
9.235669
9.206362
9.184355
9.160609
9.138039
9.10442
9.080055
9.042305
9.002405
8.943901
8.896381
8.85491
8.789033
8.731551
8.672929
8.619364
8.533904
8.470335
8.396297
8.293886
8.197748
8.093884
7.971951
7.86143
7.742593
7.621477
7.485209
7.339237
7.183959
7.038435
6.881709
6.70757
6.535515
6.357441
6.137118
5.921007
5.696685
5.44291
5.176782
4.920857
4.650728
4.384881
4.103364
3.831365
3.565537
3.329424
3.090057
2.891495
2.921074
3.013703
3.090626
3.184702
3.353963
3.546536
3.686204
3.768413
3.829639
3.866678
3.916038
3.957016
3.983413
4.049813
4.150239
4.261383
4.355657
4.486537
4.654802
4.833004
5.02284
5.226336
5.428068
5.62893
5.82385
6.011781
6.186494
6.366481
6.531678
6.683115
6.821924
6.948228
7.090772
7.228107
7.352758
7.466343
7.617832
7.760804
7.919663
8.099126
8.30498
8.507566
8.75034
9.000659
9.249271
9.487924
9.758943
10.030774
10.314889
10.549952
10.600517
10.622968
10.647139
10.672663
10.6951
10.6988
10.713116
10.720944
10.734694
10.749188
10.759789
10.791354
10.792928
10.801094
10.801043
10.805707
10.804784
10.786292
10.767923
10.744455
10.702272
10.648999
10.589148
10.519314
10.428183
10.339038
10.23071
10.112655
9.990799
9.866712
9.724159
9.578492
9.430082
9.269757
9.099056
8.95552
8.796906
8.64362
8.483389
8.317672
8.159001
8.028049
7.89893
7.77136
7.6452
7.512466
7.395928
7.287119
7.18892
7.085942
6.992413
6.882283
6.78112
6.661384
6.55053
6.44221
6.338762
6.225325
6.101841
5.981361
5.84915
5.696334
5.518058
5.347432
5.174361
4.961672
4.736177
4.494551
4.235783
3.994133
4.034899
4.145498
4.226566
4.281234
4.352407
4.437093
4.502296
4.531332
4.531771
4.520828
4.490261
4.445505
4.37372
4.279663
4.181005
4.076826
3.976439
3.881418
3.799447
3.74919
3.719527
3.70972
3.723584
3.773259
3.886147
4.04782
4.225085
4.378934
4.551072
4.7183
4.84617
4.985263
5.114136
5.226459
5.330184
5.435283
5.545476
5.634854
5.730608
5.83225
5.948059
6.0582
6.193595
6.33826
6.467476
6.611712
6.77555
6.934615
7.116104
7.297131
7.51809
7.752975
8.018118
8.309929
8.607008
8.890829
9.052452
9.107863
9.147867
9.171395
9.185269
9.186887
9.185507
9.19202
9.198953
9.214498
9.232346
9.262735
9.283458
9.312386
9.347788
9.371747
9.392096
9.422782
9.443168
9.460417
9.467761
9.469592
9.464118
9.46096
9.450096
9.443092
9.439283
9.441871
9.427584
9.42572
9.41309
9.411094
9.409087
9.391853
9.384309
9.375294
9.349842
9.328335
9.304228
9.264633
9.240173
9.186249
9.129065
9.079403
9.00437
8.936026
8.86573
8.789527
8.716378
8.610282
8.510798
8.400621
8.308643
8.214079
8.130099
8.054961
7.965483
7.878674
7.782672
7.695031
7.585061
7.467397
7.335047
7.202408
7.059348
6.890111
6.692338
6.496321
6.287099
6.089643
5.866408
5.678134
5.539946
5.584754
5.663206
5.720258
5.750015
5.776102
5.796468
5.810903
5.813144
5.808702
5.799061
5.779335
5.755533
5.715194
5.648954
5.566394
5.480979
5.40569
5.3442
5.299049
5.265884
5.246228
5.238222
5.240978
5.250147
5.263999
5.306066
5.394953
5.482949
5.562233
5.657272
5.733682
5.81535
5.901017