0.0033138
0.0034638
0.0035873
0.0036905
0.0037671
0.0038144
0.0039915
0.0040971
0.0041325
0.0041084
0.0040452
0.0039613
0.0038723
0.003793
0.0037299
0.0036787
0.00364
0.0036259
0.0036477
0.0037056
0.0037889
0.0038777
0.0039475
0.003984
0.0039931
0.0039894
0.0039767
0.0039517
0.0039129
0.0038547
0.0037699
0.0036728
0.0035981
0.0035687
0.0035771
0.0036
0.0036181
0.0036211
0.0036116
0.0036078
0.0036298
0.0036735
0.0037105
0.0037134
0.0036717
0.0035962
0.0035147
0.0034556
0.0034295
0.0034308
0.0034515
0.0034862
0.0035293
0.0035812
0.0036567
0.0037735
0.0039329
0.004118
0.0043047
0.0044686
0.0045982
0.0047077
0.004826
0.0049661
0.0051117
0.0052325
0.0053027
0.0053123
0.0052726
0.0052089
0.0051325
0.0050225
0.0048534
0.0046396
0.0044342
0.0042933
0.0042544
0.0043336
0.0045237
0.0048027
0.0051503
0.0055517
0.0059838
0.006409
0.0067901
0.0071064
0.0073495
0.0075159
0.0076063
0.0076218
0.0075649
0.0074493
0.0073013
0.0071438
0.006982
0.0068021
0.0065747
0.0062727
0.0058999
0.0055035
0.00515
0.0048888
0.0047367
0.0046814
0.004689
0.0047295
0.0048029
0.0049257
0.0050913
0.0052606
0.0053927
0.0054658
0.0054719
0.0054149
0.0053233
0.0052534
0.0052805
0.005485
0.005924
0.0065947
0.0074354
0.0083756
0.0093784
0.010429
0.011497
0.012529
0.013449
0.01418
0.014689
0.015007
0.015189
0.015238
0.015103
0.014743
0.014198
0.013558
0.012914
0.012303
0.011681
0.010955
0.010077
0.0091049
0.008161
0.0073391
0.0066531
0.0060576
0.005497
0.0049512
0.0044485
0.0040333
0.003722
0.0034994
0.0033454
0.0032491
0.0032016
0.0031866
0.0031774
0.0031448
0.003077
0.0029919
0.0029211
0.0028793
0.0028577
0.0028404
0.0028115
0.0027563
0.0026716
0.0025703
0.0024707
0.0023863
0.002323
0.0022791
0.0022472
0.0022215
0.0022097
0.0022306
0.0022976
0.0024112
0.0025648
0.002744
0.0029264
0.0030912
0.0032242
0.0033174
0.0033752
0.0034107
0.0034278
0.0034143
0.0033561
0.003255
0.0031301
0.0030052
0.0029045
0.0028459
0.0028209
0.0027963
0.0027486
0.002683
0.0026165
0.0025622
0.0025264
0.002506
0.0024855
0.002447
0.0023929
0.0023497
0.0023421
0.0023707
0.0024164
0.0024548
0.0024667
0.0024513
0.0024267
0.0024108
0.002406
0.0024007
0.0023799
0.0023377
0.0022818
0.0022304
0.0022012
0.0021985
0.0022134
0.0022351
0.0022521
0.002253
0.002238
0.0022201
0.0022093
0.002205
0.0022026
0.0021977
0.0021856
0.0021651
0.0021468
0.0021486
0.0021778
0.002228
0.0022889
0.0023464
0.0023836
0.0023953
0.0023914
0.002382
0.002369
0.0023493
0.0023191
0.0022741
0.0022136
0.0021498
0.0021034
0.0020845
0.0020894
0.0021096
0.0021301
0.0021324
0.002113
0.0020874
0.0020713
0.0020674
0.0020692
0.0020684
0.0020569
0.0020322
0.0020068
0.0020011
0.0020215
0.0020589
0.0021019
0.0021382
0.0021543
0.0021491
0.0021346
0.0021207
0.0021073
0.0020904
0.0020674
0.0020349
0.001992
0.0019506
0.00193
0.0019391
0.0019729
0.0020243
0.0020834
0.0021372
0.0021838
0.0022336
0.0022919
0.0023523
0.0024047
0.0024419
0.002459
0.0024562
0.0024479
0.002455
0.0024779
0.0024975
0.0025014
0.0024875
0.0024533
0.0024029
0.0023503
0.0023066
0.002269
0.0022269
0.0021768
0.0021242
0.0020754
0.0020386
0.0020254
0.0020384
0.0020685
0.0021046
0.0021342
0.0021456
0.0021393
0.0021269
0.0021164
0.002109
0.002104
0.0021009
0.0020962
0.0020857
0.0020751
0.0020769
0.0020967
0.0021319
0.0021794
0.0022299
0.0022665
0.0022812
0.0022809
0.0022763
0.0022745
0.0022807
0.0022966
0.0023149
0.0023248
0.0023275
0.0023365
0.0023619
0.0024078
0.0024782
0.0025677
0.0026557
0.0027235
0.0027681
0.0027942
0.0028048
0.0028011
0.0027817
0.0027388
0.0026639
0.0025632
0.0024587
0.0023695
0.0023037
0.0022634
0.0022423
0.0022261
0.0022089
0.0021971
0.0021958
0.0022019
0.0022096
0.0022126
0.0022026
0.0021755
0.0021433
0.0021279
0.0021385
0.002167
0.0022036
0.0022373
0.0022549
0.0022542
0.0022485
0.0022513
0.0022679
0.0022999
0.0023471
0.002404
0.0024622
0.0025191
0.0025762
0.0026298
0.0026775
0.0027209
0.0027522
0.002751
0.0027075
0.0026323
0.0025418
0.0024494
0.0023686
0.0023092
0.0022662
0.0022265
0.0021896
0.0021686
0.0021728
0.0022015
0.002252
0.0023163
0.0023808
0.0024402
0.0025015
0.0025704
0.0026458
0.0027234
0.0027963
0.0028539
0.002889
0.0029087
0.0029275
0.0029532
0.0029878
0.0030343
0.0030886
0.0031362
0.0031706
0.0031977
0.0032216
0.0032414
0.0032621
0.00329
0.0033189
0.0033344
0.0033325
0.0033241
0.0033201
0.0033277
0.0033538
0.0033936
0.003424
0.0034268
0.0034068
0.003382
0.0033659
0.003361
0.0033549
0.0033232
0.0032471
0.0031347
0.003016
0.0029149
0.0028372
0.0027794
0.0027294
0.0026718
0.0026076
0.0025634
0.0025716
0.0026489
0.0027907
0.0029745
0.0031722
0.0033718
0.0035926
0.0038676
0.0042067
0.0045832
0.0049503
0.005258
0.005467
0.0055687
0.0055857
0.0055451
0.0054569
0.0053201
0.0051398
0.0049359
0.0047383
0.0045737
0.0044575
0.0043908
0.0043609
0.0043413
0.0042958
0.0041972
0.0040515
0.0038892
0.0037354
0.0036021
0.0034976
0.0034251
0.0033803
0.0033633
0.0033899
0.0034774
0.0036194
0.0037872
0.0039517
0.0040901
0.0041866
0.0042437
0.0042807
0.004313
0.0043414
0.0043619
0.0043716
0.004364
0.0043343
0.0042943
0.0042688
0.0042717
0.0042996
0.0043447
0.0043942
0.0044263
0.0044262
0.0043997
0.0043619
0.0043226
0.0042846
0.0042436
0.004189
0.0041162
0.004041
0.003985
0.003945
0.003897
0.0038277
0.0037422
0.0036504
0.0035651
0.0034983
0.0034453
0.0033832
0.0032962
0.0031926
0.0030897
0.0029932
0.0029002
0.0028073
0.0027094
0.0026031
0.002494
0.0023876
0.0022828
0.0021839
0.0021056
0.0020566
0.0020306
0.002015
0.0019984
0.001971
0.0019294
0.0018878
0.0018689
0.0018798
0.0019124
0.0019569
0.001999
0.0020211
0.0020195
0.0020093
0.0020059
0.0020124
0.0020267
0.0020481
0.0020728
0.0020896
0.0020955
0.0021056
0.0021342
0.0021836
0.0022489
0.002317
0.0023665
0.0023839
0.0023738
0.0023537
0.0023408
0.0023405
0.0023458
0.0023428
0.0023209
0.0022871
0.0022615
0.0022564
0.0022719
0.0023039
0.0023406
0.002363
0.0023651
0.0023587
0.0023558
0.0023565
0.0023546
0.0023425
0.0023097
0.0022496
0.0021757
0.0021141
0.0020778
0.0020627
0.0020614
0.0020626
0.0020513
0.0020274
0.0020099
0.0020164
0.002049
0.0020983
0.0021507
0.0021917
0.0022165
0.0022478
0.0023268
0.0024784
0.0026942
0.0029484
0.0032102
0.0034517
0.003669
0.0038884
0.0041411
0.0044343
0.0047503
0.0050616
0.0053439
0.0055818
0.0057739
0.0059288
0.0060516
0.0061403
0.006189
0.0061794
0.0060851
0.0058962
0.0056335
0.0053359
0.0050429
0.0047837
0.0045671
0.0043827
0.00422
0.0040853
0.003991
0.0039374
0.0039105
0.0038906
0.0038631
0.0038287
0.0038049
0.0038041
0.0038146
0.0038157
0.0038012
0.003775
0.0037366
0.0036868
0.0036401
0.0036147
0.0036129
0.0036224
0.0036332
0.0036428
0.0036579
0.0037024
0.0038123
0.0039989
0.0042205
0.004414
0.0045546
0.0046714
0.0048068
0.0049789
0.0051733
0.0053498
0.0054605
0.0054783
0.0054095
0.0052746
0.0050839
0.0048382
0.0045503
0.0042544
0.0039875
0.0037668
0.0035945
0.0034784
0.0034435
0.0035135
0.0036832
0.0039157
0.0041603
0.004368
0.004505
0.0045654
0.004562
0.0045049
0.0043986
0.0042571
0.004102
0.0039458
0.0037891
0.0036362
0.0035035
0.0034113
0.0033779
0.0034105
0.0034878
0.0035613
0.0035909
0.0035701
0.0035156
0.0034452
0.0033682
0.0032818
0.0031739
0.0030369
0.0028851
0.0027484
0.002646
0.002579
0.0025385
0.0025069
0.0024609
0.0023941
0.0023339
0.0023406
0.0024964
0.002876
0.003516
0.0044168
0.0055619
0.0069193
0.0084269
0.0099944
0.011532
0.012948
0.014106
0.014853
0.015136
0.01504
0.01472
0.014322
0.013951
0.013672
0.013509
0.01347
0.013578
0.013844
0.014208
0.014516
0.014606
0.014414
0.013991
0.013446
0.012871
0.012296
0.011726
0.011202
0.010805
0.010623
0.010688
0.010954
0.011327
0.011708
0.012027
0.012254
0.012396
0.012457
0.012429
0.012296
0.012037
0.011648
0.011151
0.010578
0.009955
0.0093034
0.0086519
0.0080308
0.0074561
0.0069435
0.0065261
0.0062282
0.0060292
0.0058799
0.0057399
0.0055864
0.0054143
0.0052441
0.0051046
0.0049978
0.0048942
0.0047668
0.0046165
0.004466
0.0043465
0.0042833
0.0042735
0.0042854
0.0042913
0.004291
0.0042971
0.0043145
0.0043389
0.0043612
0.0043662
0.0043386
0.004279
0.0042001
0.0041033
0.0039799
0.0038315
0.0036684
0.0034962
0.0033233
0.0031748
0.0030855
0.0030779
0.0031468
0.0032569
0.003358
0.0034151
0.003433
0.0034458
0.0034822
0.0035456
0.0036129
0.0036376
0.0035781
0.0034419
0.0032837
0.0031564
0.0030753
0.0030207
0.0029576
0.0028585
0.002725
0.0025953
0.0025204
0.0025248
0.0025965
0.0027009
0.0027922
0.0028347
0.0028321
0.0028193
0.0028228
0.0028422
0.0028615
0.0028618
0.0028247
0.0027437
0.002642
0.0025633
0.0025369
0.0025623
0.0026223
0.0026907
0.0027403
0.0027644
0.0027792
0.0027988
0.0028203
0.0028323
0.0028252
0.0027928
0.0027406
0.0026938
0.0026823
0.0027121
0.0027656
0.0028255
0.0028824
0.0029281
0.0029605
0.0029848
0.0029999
0.002993
0.0029548
0.0028926
0.0028254
0.0027694
0.0027365
0.0027373
0.0027724
0.0028269
0.0028804
0.0029155
0.0029202
0.0028969
0.0028638
0.0028413
0.0028371
0.0028385
0.0028238
0.0027826
0.0027266
0.002683
0.0026745
0.0027004
0.0027402
0.0027713
0.0027775
0.0027568
0.0027263
0.0027074
0.002706
0.0027154
0.0027276
0.0027324
0.002714
0.0026632
0.0025933
0.0025316
0.0024946
0.0024824
0.0024884
0.0024986
0.0024931
0.0024675
0.0024423
0.0024418
0.0024682
0.0025033
0.0025273
0.0025288
0.0025049
0.0024662
0.0024326
0.0024164
0.002415
0.0024196
0.0024196
0.0024062
0.0023801
0.0023534
0.0023377
0.0023361
0.0023451
0.0023579
0.0023621
0.0023475
0.002322
0.0023079
0.0023164
0.0023401
0.0023669
0.0023829
0.0023741
0.0023402
0.0023001
0.0022738
0.0022674
0.0022749
0.0022851
0.0022858
0.00227
0.0022475
0.0022388
0.002252
0.0022791
0.0023114
0.0023435
0.0023714
0.0023997
0.0024398
0.0024941
0.0025523
0.0026028
0.0026405
0.0026645
0.0026752
0.0026797
0.002688
0.0027034
0.0027277
0.0027721
0.0028488
0.0029629
0.0031218
0.0033395
0.0036289
0.0040046
0.0044908
0.0051121
0.0058726
0.0067533
0.0077262
0.0087587
0.0098042
0.010804
0.011704
0.012449
0.012967
0.01318
0.013046
0.012579
0.011828
0.010879
0.0098436
0.0088483
0.008002
0.0073625
0.0069578
0.0068411
0.0070847
0.0077035
0.0086242
0.009731
0.010899
0.011985
0.012844
0.013392
0.01366
0.013737
0.013709
0.013637
0.013552
0.013433
0.013226
0.012906
0.012517
0.012134
0.011772
0.011363
0.010802
0.01002
0.009039
0.0079616
0.0069241
0.0060438
0.0053739
0.0049043
0.0045988
0.0044234
0.0043594
0.0043997
0.0045256
0.004695
0.0048582
0.0049766
0.005028
0.0050086
0.0049288
0.004796
0.0046028
0.0043416
0.0040308
0.0037116
0.0034209
0.003177
0.0029832
0.002828
0.0026923
0.0025747
0.0024962
0.0024712
0.0024909
0.002535
0.0025864
0.0026324
0.0026681
0.002703
0.002751
0.0028122
0.0028768
0.0029406
0.0029967
0.0030293
0.0030278
0.0029951
0.0029376
0.0028624
0.0027842
0.0027191
0.0026686
0.0026238
0.0025909
0.0025958
0.0026571
0.0027692
0.0029099
0.003049
0.0031554
0.0032144
0.0032357
0.003236
0.0032211
0.0031821
0.0031049
0.0029826
0.002832
0.0027052
0.0026706
0.0027567
0.0029158
0.0030663
0.0031593
0.0031969
0.0032097
0.0032275
0.0032533
0.0032559
0.0031859
0.0030237
0.0028266
0.0026996
0.0026991
0.0027859
0.0028791
0.0029381
0.0029762
0.0030094
0.0030326
0.0030402
0.0030239
0.0029585
0.0028304
0.002674
0.0025463
0.0024684
0.0024226
0.0023977
0.0024031
0.002439
0.0024901
0.0025442
0.0025945
0.0026347
0.0026665
0.0026993
0.0027347
0.0027604
0.0027622
0.0027348
0.0026797
0.0026045
0.0025288
0.0024756
0.00245
0.0024434
0.0024533
0.0024792
0.002511
0.0025394
0.0025675
0.0026015
0.0026388
0.0026686
0.0026801
0.0026654
0.0026225
0.0025652
0.0025206
0.0025083
0.0025285
0.0025681
0.0026078
0.0026299
0.0026299
0.0026189
0.0026126
0.0026214
0.0026439
0.0026625
0.0026528
0.0026076
0.0025489
0.002511
0.0025129
0.0025503
0.0026036
0.0026429
0.0026428
0.0026064
0.0025616
0.0025287
0.0025063
0.0024824
0.0024495
0.0024121
0.0023916
0.0024237
0.0025381
0.0027327
0.0029806
0.0032579
0.003555
0.0038714
0.0042075
0.0045584
0.0049152
0.0052694
0.005609
0.0059066
0.0061154
0.0061943
0.00614
0.0059875
0.0057814
0.0055558
0.0053218
0.0050636
0.0047647
0.0044507
0.0041905
0.0040426
0.0040099
0.0040479
0.0041015
0.0041321
0.0041252
0.0040891
0.0040431
0.0039987
0.0039569
0.0039161
0.0038731
0.0038269
0.0037902
0.0037838
0.0038173
0.0038904
0.0039984
0.0041214
0.0042217
0.0042687
0.0042653
0.0042355
0.0041906
0.0041246
0.0040285
0.0038905
0.0037046
0.0034948
0.0033124
0.0032022
0.0031805
0.0032415
0.0033681
0.0035382
0.0037332
0.0039457
0.0041675
0.0043739
0.0045348
0.0046328
0.0046609
0.0046157
0.004505
0.0043503
0.0041773
0.0040108
0.0038779
0.0038013
0.0037845
0.0038149
0.0038822
0.0039862
0.0041232
0.0042699
0.0043864
0.0044331
0.0043924
0.004279
0.0041265
0.0039612
0.0037895
0.0036039
0.0033974
0.0031764
0.0029651
0.0027939
0.0026773
0.0026062
0.0025652
0.0025483
0.0025479
0.0025452
0.0025288
0.0025126
0.0025198
0.0025579
0.0026136
0.0026639
0.0026884
0.0026778
0.0026426
0.0026103
0.0026018
0.0026119
0.0026199
0.0026072
0.0025696
0.0025216
0.002484
0.0024634
0.0024514
0.0024399
0.0024249
0.0024026
0.0023711
0.0023385
0.0023169
0.0023071
0.0023048
0.0023149
0.0023428
0.0023831
0.0024379
0.0025339
0.0027038
0.0029597
0.0032939
0.0036987
0.004176
0.004734
0.0053832
0.0061265
0.0069409
0.0077721
0.0085663
0.0093132
0.010047
0.010797
0.011535
0.012178
0.012657
0.01299
0.013265
0.01359
0.014022
0.014519
0.014963
0.015251
0.015391
0.015483
0.015588
0.015628
0.015465
0.015027
0.014377
0.013667
0.013049
0.012595
0.012283
0.012058
0.011919
0.011937
0.01219
0.01269
0.013374
0.014152
0.014951
0.015727
0.016442
0.017062
0.017554
0.017888
0.018026
0.017917
0.017504
0.016754
0.015695
0.014423
0.013075
0.011783
0.010627
0.0096409
0.0088553
0.0083157
0.0080687
0.0081411
0.0085264
0.0091825
0.010033
0.010984
0.011964
0.012941
0.013877
0.014701
0.015324
0.01569
0.015818
0.015769
0.015563
0.015166
0.014552
0.013748
0.012812
0.01181
0.010817
0.0098873
0.0090061
0.008125
0.0072576
0.0064802
0.0058391
0.0053139
0.0048769
0.0045307
0.0042812
0.0041163
0.004019
0.0039733
0.0039565
0.0039459
0.0039402
0.0039564
0.0040007
0.0040585
0.0041094
0.0041363
0.004131
0.0041051
0.0040903
0.0041191
0.0042064
0.0043455
0.00451
0.0046639
0.0047949
0.0049468
0.0051904
0.0055533
0.0059969
0.006451
0.0068435
0.0071194
0.0072613
0.0072906
0.0072381
0.0071185
0.0069388
0.0067189
0.0064914
0.006296
0.0061806
0.0061852
0.0063146
0.0065415
0.0068279
0.0071205
0.0073466
0.0074481
0.0074163
0.0072903
0.0071358
0.0070209
0.0069926
0.0070544
0.0071647
0.007278
0.0073908
0.007531
0.0077055
0.0078729
0.0079597
0.0078988
0.0076636
0.0072867
0.0068555
0.0064754
0.0062094
0.0060464
0.0059381
0.0058566
0.0058065
0.0058036
0.0058582
0.0059715
0.0061296
0.0062986
0.0064447
0.00656
0.0066526
0.0067239
0.0067827
0.006861
0.0069811
0.0071219
0.0072424
0.0073205
0.0073405
0.0072707
0.0070949
0.0068505
0.0065922
0.0063332
0.0060644
0.0058087
0.0056102
0.0054912
0.0054503
0.0054901
0.0056124
0.0057886
0.0059606
0.0060841
0.0061578
0.0062048
0.0062372
0.0062422
0.0061972
0.0061011
0.0059832
0.0058727
0.0057703
0.0056546
0.0054996
0.0052932
0.0050509
0.0048123
0.0046127
0.0044518
0.0042961
0.0041181
0.0039217
0.0037333
0.0035846
0.0034874
0.0034167
0.0033325
0.0032188
0.0030907
0.0029704
0.0028684
0.0027895
0.0027389
0.0027141
0.0027051
0.0027018
0.0026877
0.0026439
0.0025738
0.0025035
0.0024524
0.0024197
0.0023948
0.0023671
0.0023284
0.0022812
0.0022464
0.0022518
0.002306
0.0023904
0.0024778
0.0025465
0.0025843
0.002593
0.0025849
0.0025683
0.0025416
0.0024978
0.0024314
0.0023444
0.0022496
0.0021677
0.0021178
0.0021081
0.0021379
0.0022073
0.0023087
0.0024211
0.0025247
0.002614
0.0026911
0.0027585
0.0028196
0.0028785
0.002934
0.002976
0.0029953
0.0029932
0.0029787
0.0029656
0.0029666
0.0029773
0.0029751
0.0029441
0.0028906
0.0028349
0.0027981
0.0027926
0.0028129
0.002837
0.0028449
0.0028403
0.0028442
0.0028671
0.0029012
0.0029337
0.002953
0.0029534
0.0029439
0.0029429
0.002962
0.0030029
0.0030662
0.0031511
0.0032502
0.0033551
0.0034644
0.0035764
0.003678
0.0037593
0.0038294
0.0039042
0.003989
0.0040881
0.004218
0.0044002
0.0046493
0.0049721
0.0053666
0.0058142
0.0062849
0.0067575
0.0072297
0.0077063
0.008185
0.0086493
0.0090738
0.0094397
0.0097543
0.010048
0.01035
0.010666
0.010976
0.01124
0.011421
0.011506
0.011505
0.011421
0.011234
0.010922
0.010493
0.0099742
0.0094072
0.0088515
0.0083614
0.0079434
0.0075623
0.0071985
0.0068752
0.0066198
0.0064221
0.0062434
0.0060469
0.0058063
0.0055091
0.0051713
0.0048352
0.0045403
0.0043017
0.0041161
0.0039796
0.0038965
0.0038646
0.0038607
0.0038532
0.0038259
0.0037868
0.0037541
0.0037342
0.003718
0.0036898
0.0036325
0.0035376
0.0034176
0.0032982
0.0031958
0.0031058
0.0030141
0.0029131
0.0028079
0.0027156
0.0026623
0.0026667
0.0027222
0.0028028
0.0028836
0.0029484
0.0029886
0.0030066
0.0030092
0.0029924
0.0029439
0.00286
0.00275
0.0026276
0.0025056
0.002401
0.0023302
0.0022947
0.0022848
0.0022945
0.0023208
0.0023579
0.0024041
0.0024644
0.0025378
0.0026108
0.0026654
0.0026919
0.0026926
0.0026774
0.0026579
0.002642
0.002628
0.0026102
0.0025877
0.0025603
0.0025244
0.0024808
0.0024362
0.0023943
0.0023553
0.0023205
0.0022914
0.0022663
0.0022474
0.0022455
0.0022678
0.0023049
0.0023434
0.0023794
0.0024093
0.0024235
0.0024193
0.002405
0.0023864
0.0023628
0.0023391
0.0023239
0.0023155
0.0023039
0.0022892
0.0022833
0.0022922
0.002311
0.0023316
0.0023407
0.0023241
0.0022821
0.0022311
0.0021856
0.0021504
0.002124
0.0021015
0.0020744
0.0020392
0.0020084
0.0020015
0.0020256
0.0020726
0.0021301
0.0021819
0.0022113
0.0022167
0.0022127
0.0022116
0.0022144
0.0022168
0.002212
0.0021912
0.0021525
0.002109
0.0020808
0.0020767
0.0020921
0.0021194
0.002146
0.0021561
0.0021473
0.0021333
0.0021261
0.0021263
0.002128
0.002124
0.0021063
0.0020723
0.0020341
0.0020125
0.0020174
0.0020442
0.0020851
0.0021279
0.0021573
0.002168
0.0021696
0.0021724
0.0021792
0.0021869
0.0021882
0.0021739
0.0021403
0.0020991
0.0020709
0.0020668
0.0020847
0.0021179
0.0021537
0.0021759
0.0021818
0.0021831
0.0021888
0.0021974
0.0022038
0.0022065
0.0022068
0.002206
0.0022044
0.0022017
0.0021994
0.0022014
0.002212
0.0022252
0.0022259
0.0022057
0.0021669
0.0021154
0.0020624
0.0020232
0.002001
0.0019815
0.0019508
0.0019145
0.0018923
0.0018954
0.0019206
0.0019596
0.001998
0.0020169
0.0020114
0.0019947
0.0019826
0.0019818
0.0019901
0.0019993
0.0019975
0.0019783
0.0019529
0.0019441
0.0019632
0.0020045
0.0020579
0.0021106
0.0021512
0.0021871
0.0022477
0.0023597
0.0025295
0.0027494
0.0030097
0.0033049
0.0036396
0.004034
0.0045115
0.0050739
0.0056979
0.0063533
0.0070112
0.0076433
0.0082307
0.0087719
0.0092745
0.0097441
0.010178
0.010559
0.010863
0.011071
0.011195
0.011261
0.011288
0.011272
0.011197
0.011038
0.010783
0.010439
0.010029
0.0095781
0.0091059
0.0086549
0.0082915
0.0080752
0.0080211
0.0080934
0.0082392
0.0084465
0.008782
0.0093514
0.010197
0.011235
0.012288
0.013195
0.013907
0.0145
0.015087
0.015691
0.016212
0.016494
0.016434
0.016073
0.015591
0.015227
0.01512
0.015234
0.015413
0.015507
0.015443
0.015274
0.015187
0.015368
0.015792
0.016179
0.016205
0.015737
0.014934
0.014165
0.013747
0.013718
0.013806
0.013668
0.013212
0.012682
0.012437
0.012657
0.013202
0.013699
0.013814
0.013502
0.013019
0.012695
0.012664
0.012797
0.012872
0.012773
0.012564
0.012425
0.012515
0.012837
0.013217
0.013438
0.013414
0.013216
0.012982
0.012793
0.012638
0.012472
0.012289
0.012157
0.01215
0.012263
0.012422
0.012523
0.012489
0.012305
0.012022
0.011696
0.011319
0.010829
0.010203
0.0094935
0.0087983
0.0081929
0.0077106
0.0073489
0.0070846
0.0069012
0.0068044
0.0068064
0.0069012
0.0070594
0.0072353
0.0073837
0.0074865
0.0075658
0.0076652
0.0078163
0.0080206
0.0082448
0.0084359
0.008574
0.0087174
0.0089649
0.0093558
0.0098207
0.01023
0.010469
0.010484
0.010309
0.010037
0.0097365
0.009383
0.0089029
0.0082817
0.0075905
0.0069181
0.006326
0.0058486
0.0054848
0.0051956
0.0049457
0.0047389
0.0045976
0.0045221
0.0044951
0.0045121
0.0045803
0.0046962
0.0048433
0.0049921
0.0050966
0.0051209
0.0050669
0.0049595
0.0048198
0.0046615
0.0044861
0.0042763
0.0040151
0.0037246
0.0034641
0.0032794
0.0031701
0.003107
0.003056
0.0029867
0.0028933
0.0028052
0.002758
0.0027596
0.0027909
0.0028231
0.0028326
0.0028151
0.0027889
0.0027768
0.0027794
0.0027777
0.0027586
0.0027195
0.0026633
0.0026059
0.002574
0.0025846
0.0026334
0.0027046
0.0027797
0.0028387
0.0028664
0.0028676
0.0028645
0.002872
0.0028847
0.0028858
0.0028551
0.0027799
0.0026708
0.0025587
0.0024707
0.0024146
0.0023814
0.0023542
0.0023176
0.0022699
0.0022267
0.0022074
0.0022155
0.0022426
0.0022818
0.0023255
0.0023604
0.0023805
0.0023926
0.0024071
0.0024328
0.0024758
0.0025283
0.0025678
0.0025766
0.0025616
0.0025451
0.0025423
0.0025517
0.0025619
0.0025523
0.002502
0.002415
0.0023207
0.0022436
0.0021872
0.002144
0.0021046
0.0020595
0.0020053
0.0019535
0.0019241
0.0019258
0.0019517
0.0019897
0.002025
0.0020432
0.0020429
0.0020364
0.0020331
0.0020318
0.0020277
0.002018
0.0020012
0.0019771
0.0019555
0.0019505
0.0019644
0.0019892
0.0020193
0.0020478
0.0020622
0.0020568
0.0020384
0.002017
0.001997
0.0019789
0.0019615
0.0019384
0.0019042
0.0018676
0.0018489
0.0018599
0.0018993
0.0019613
0.002036
0.0021106
0.0021808
0.0022538
0.0023356
0.0024242
0.0025141
0.0025947
0.0026501
0.002671
0.0026672
0.0026594
0.0026589
0.0026655
0.0026769
0.0026833
0.0026686
0.0026336
0.0026003
0.0025861
0.0025879
0.0025922
0.0025879
0.0025677
0.0025304
0.0024889
0.0024608
0.0024489
0.0024424
0.0024318
0.0024097
0.0023699
0.0023197
0.0022804
0.0022687
0.0022858
0.0023206
0.0023554
0.0023749
0.0023737
0.0023627
0.0023601
0.0023709
0.0023857
0.0023921
0.0023777
0.0023355
0.0022768
0.0022236
0.0021872
0.0021646
0.0021498
0.0021416
0.0021444
0.0021732
0.0022601
0.0024439
0.0027441
0.0031533
0.0036521
0.0042195
0.0048405
0.0055182
0.0062642
0.0070626
0.0078533
0.008553
0.0090886
0.0094168
0.0095372
0.0095008
0.0093916
0.0092808
0.0092024
0.0091671
0.0091745
0.0092221
0.0093238
0.0095139
0.0098218
0.010239
0.010705
0.01112
0.011393
0.011498
0.011499
0.01151
0.011607
0.01178
0.011951
0.012002
0.011826
0.011403
0.01086
0.010395
0.010134
0.010041
0.009964
0.0097441
0.0093309
0.0088638
0.0086055
0.0087238
0.0091216
0.0094926
0.0095484
0.009235
0.008796
0.0086177
0.0089284
0.0096016
0.010262
0.010603
0.010634
0.010644
0.010934
0.011555
0.012254
0.012662
0.01257
0.012065
0.011466
0.011083
0.010975
0.010906
0.010584
0.0099537
0.0092512
0.0087809
0.0086804
0.0088535
0.009045
0.0090052
0.0086906
0.0083234
0.0081908
0.0083597
0.0086103
0.0086466
0.008353
0.0078823
0.0075328
0.007513
0.0077787
0.0080747
0.0081438
0.0079185
0.0075429
0.0072454
0.0071756
0.0073042
0.0074819
0.0076093
0.0077241
0.0079332
0.0083152
0.0088711
0.0095154
0.010103
0.010494
0.010618
0.010482
0.010141
0.0096534
0.0090613
0.0083855
0.0076425
0.006878
0.0061739
0.0056169
0.0052615
0.0051031
0.005072
0.0050626
0.0049936
0.004852
0.0046754
0.0045014
0.0043398
0.0041796
0.003999
0.003779
0.0035301
0.0032958
0.0031186
0.0030109
0.0029582
0.0029364
0.0029229
0.0029044
0.0028855
0.0028818
0.0028995
0.0029311
0.0029667
0.0029944
0.0029992
0.0029752
0.0029305
0.002879
0.0028319
0.0027982
0.0027842
0.0027902
0.002813
0.0028576
0.0029404
0.0030725
0.0032443
0.0034242
0.0035709
0.0036573
0.0036929
0.0037121
0.0037369
0.0037616
0.0037715
0.0037602
0.0037342
0.0037159
0.0037384
0.0038219
0.0039534
0.0040977
0.0042296
0.0043415
0.0044311
0.0045004
0.0045545
0.0045862
0.0045777
0.0045243
0.0044464
0.0043734
0.0043256
0.0043169
0.0043583
0.0044486
0.00457
0.0046988
0.0048126
0.004886
0.004894
0.0048246
0.004685
0.004496
0.0042791
0.0040479
0.0038181
0.0036259
0.0035268
0.0035647
0.0037392
0.0040058
0.0043045
0.0045801
0.0047943
0.0049359
0.0050137
0.0050247
0.0049425
0.0047466
0.0044553
0.0041259
0.0038266
0.0036101
0.0034999
0.0034862
0.003538
0.0036282
0.0037419
0.0038644
0.0039764
0.0040598
0.0041023
0.0041025
0.0040675
0.004003
0.0039101
0.0037954
0.0036785
0.0035818
0.003512
0.0034592
0.0034092
0.0033464
0.0032588
0.0031529
0.0030547
0.0029877
0.0029604
0.0029765
0.0030426
0.0031622
0.0033303
0.0035404
0.0037874
0.0040597
0.0043412
0.0046225
0.0049014
0.0051813
0.0054737
0.0057927
0.0061453
0.0065333
0.0069555
0.0074034
0.00786
0.0083095
0.0087468
0.0091702
0.0095632
0.0098936
0.010122
0.010208
0.010133
0.0099372
0.0097032
0.0094852
0.0092805
0.0090723
0.008881
0.0087547
0.0087177
0.0087418
0.0087748
0.0088088
0.008915
0.0091793
0.0095948
0.010043
0.010388
0.010592
0.01074
0.010976
0.01139
0.01194
0.012463
0.012826
0.013054
0.013276
0.013548
0.013795
0.013897
0.013807
0.013564
0.013238
0.012855
0.012391
0.011831
0.011244
0.010777
0.010543
0.010537
0.010661
0.010827
0.011028
0.011323
0.011774
0.012377
0.013056
0.01372
0.014319
0.014853
0.015336
0.015761
0.016081
0.016233
0.016188
0.015956
0.015566
0.015038
0.014402
0.013709
0.013015
0.012353
0.011741
0.011201
0.010752
0.010385
0.010075
0.0097916
0.0095198
0.0092671
0.0090487
0.0088697
0.0087246
0.0086094
0.0085259
0.0084728
0.0084389
0.0084148
0.0084051
0.0084313
0.0085311
0.0087465
0.0090952
0.0095557
0.010088
0.010662
0.011268
0.011889
0.012485
0.012988
0.01333
0.013469
0.013408
0.013189
0.012864
0.012474
0.012048
0.011591
0.011094
0.010555
0.009991
0.0094222
0.0088587
0.0082951
0.0077117
0.0070802
0.0063904
0.0056775
0.0050068
0.0044313
0.0039704
0.0036145
0.0033319
0.0030863
0.0028667
0.0026943
0.0025913
0.0025508
0.0025479
0.0025608
0.0025695
0.0025554
0.0025177
0.0024742
0.0024393
0.0024123
0.0023854
0.0023529
0.0023108
0.0022597
0.002212
0.0021854
0.0021859
0.0022059
0.0022328
0.0022487
0.0022355
0.0021941
0.002145
0.0021065
0.0020828
0.0020706
0.0020647
0.0020585
0.0020488
0.0020449
0.0020627
0.002106
0.002165
0.0022288
0.0022844
0.0023145
0.0023126
0.002289
0.0022571
0.0022225
0.002186
0.0021476
0.0021045
0.0020533
0.0020019
0.0019681
0.0019606
0.0019766
0.0020147
0.002069
0.0021182
0.0021421
0.0021448
0.0021454
0.0021556
0.0021745
0.0021952
0.0022055
0.0021911
0.0021531
0.0021169
0.0021093
0.0021341
0.0021758
0.0022115
0.0022226
0.0022068
0.002178
0.00215
0.002128
0.0021101
0.0020902
0.0020601
0.0020173
0.0019766
0.0019628
0.0019859
0.0020377
0.0021042
0.0021675
0.0022085
0.0022239
0.0022295
0.0022407
0.002257
0.0022663
0.0022581
0.0022284
0.0021814
0.0021336
0.0021063
0.0021066
0.0021256
0.0021498
0.0021653
0.0021608
0.0021392
0.0021159
0.0021014
0.002095
0.002092
0.0020875
0.0020754
0.0020515
0.0020256
0.0020172
0.0020355
0.0020728
0.0021157
0.0021493
0.0021596
0.0021468
0.0021253
0.0021092
0.0021023
0.0021
0.0020936
0.0020744
0.0020404
0.0020041
0.0019848
0.0019899
0.0020134
0.0020473
0.0020795
0.0020935
0.0020854
0.002068
0.0020557
0.0020518
0.0020521
0.0020498
0.0020364
0.0020067
0.0019705
0.0019485
0.0019529
0.0019833
0.0020342
0.0020875
0.0021166
0.002113
0.0020925
0.0020733
0.0020614
0.0020533
0.0020423
0.0020186
0.0019764
0.0019297
0.0019065
0.0019198
0.0019623
0.0020214
0.0020813
0.0021243
0.0021448
0.0021525
0.0021589
0.0021673
0.0021756
0.002178
0.0021654
0.0021337
0.0020949
0.0020712
0.0020731
0.0020948
0.0021257
0.0021526
0.0021617
0.0021514
0.0021333
0.0021164
0.0021003
0.0020808
0.0020551
0.0020197
0.001974
0.0019294
0.0019039
0.0019039
0.0019241
0.0019574
0.0019913
0.002009
0.0020052
0.0019914
0.00198
0.0019747
0.0019736
0.001972
0.0019615
0.0019374
0.0019101
0.0018995
0.0019138
0.0019464
0.0019876
0.0020234
0.0020381
0.0020293
0.0020102
0.0019933
0.0019818
0.0019735
0.0019639
0.0019468
0.0019184
0.0018891
0.0018784
0.001896
0.0019375
0.0019942
0.0020506
0.0020877
0.0021002
0.0020994
0.0020975
0.0020968
0.0020936
0.0020818
0.0020539
0.0020082
0.0019607
0.0019374
0.0019534
0.0020059
0.0020793
0.0021459
0.0021804
0.0021824
0.0021723
0.0021658
0.0021626
0.0021536
0.0021286
0.0020796
0.0020116
0.0019515
0.0019281
0.0019463
0.0019911
0.0020469
0.0020978
0.0021267
0.0021291
0.0021169
0.0021027
0.00209
0.0020767
0.0020587
0.00203
0.0019878
0.001943
0.0019158
0.0019164
0.0019416
0.0019839
0.0020291
0.0020575
0.0020632
0.002058
0.0020555
0.0020594
0.0020676
0.0020753
0.0020749
0.0020614
0.0020445
0.0020438
0.0020683
0.0021129
0.0021691
0.0022248
0.0022637
0.0022805
0.0022841
0.0022837
0.0022803
0.0022707
0.0022508
0.0022149
0.0021617
0.0021035
0.0020609
0.0020435
0.0020472
0.0020644
0.0020841
0.0020917
0.0020825
0.0020666
0.002055
0.00205
0.0020486
0.002046
0.0020358
0.0020138
0.0019888
0.0019792
0.0019959
0.0020382
0.0021
0.0021665
0.0022192
0.0022551
0.0022893
0.0023344
0.0023895
0.0024477
0.0025029
0.0025464
0.0025735
0.0025969
0.0026402
0.0027097
0.0027875
0.002851
0.0028869
0.0028893
0.0028618
0.0028178
0.002767
0.0027073
0.0026322
0.0025392
0.0024325
0.0023231
0.0022272
0.0021604
0.0021267
0.0021203
0.0021355
0.0021627
0.0021874
0.0022053
0.0022265
0.0022596
0.0023007
0.0023412
0.0023741
0.002392
0.0023907
0.0023809
0.0023833
0.0024097
0.0024596
0.0025279
0.0025997
0.0026512
0.0026692
0.0026617
0.0026424
0.002617
0.002584
0.0025379
0.0024705
0.0023785
0.0022781
0.0021975
0.0021537
0.0021458
0.0021649
0.0021953
0.0022163
0.002219
0.0022118
0.002207
0.0022095
0.0022196
0.0022346
0.0022456
0.0022431
0.0022312
0.0022271
0.0022419
0.0022741
0.0023172
0.0023584
0.0023785
0.0023693
0.0023405
0.0023075
0.002278
0.0022525
0.0022267
0.0021931
0.0021476
0.0021004
0.0020729
0.0020766
0.0021065
0.0021506
0.0021933
0.0022188
0.002225
0.0022263
0.0022369
0.0022594
0.0022883
0.0023156
0.0023335
0.0023402
0.0023504
0.0023873
0.0024556
0.0025361
0.0026091
0.0026608
0.0026809
0.0026731
0.0026553
0.002641
0.0026264
0.0026
0.0025574
0.0025022
0.002441
0.0023893
0.0023681
0.0023857
0.0024332
0.002498
0.0025663
0.0026215
0.0026562
0.0026787
0.0026987
0.0027163
0.0027236
0.002708
0.0026579
0.0025724
0.0024712
0.0023846
0.0023313
0.0023096
0.0023067
0.0023028
0.0022802
0.0022417
0.0022096
0.0022017
0.0022181
0.0022479
0.0022765
0.002292
0.0022928
0.0022946
0.0023172
0.0023633
0.002419
0.0024707
0.0025082
0.0025244
0.0025287
0.0025466
0.0025982
0.0026868
0.0028075
0.0029533
0.0031129
0.003273
0.0034267
0.0035742
0.0037144
0.0038467
0.0039779
0.0041143
0.0042522
0.0043877
0.0045255
0.0046754
0.0048489
0.0050533
0.005276
0.0054787
0.0056193
0.0056811
0.0056772
0.0056321
0.0055659
0.0054865
0.0053824
0.0052335
0.0050422
0.0048394
0.0046564
0.0045028
0.0043714
0.0042486
0.0041203
0.0039834
0.0038587
0.0037781
0.0037535
0.0037654
0.0037757
0.0037475
0.0036673
0.0035542
0.003441
0.0033453
0.003265
0.0031882
0.0030998
0.0029892
0.0028657
0.0027601
0.0027015
0.0026966
0.0027385
0.0028146
0.0028965
0.0029498
0.0029745
0.0030141
0.0031106
0.0032647
0.0034426
0.0036017
0.0037066
0.0037446
0.0037392
0.0037331
0.003744
0.0037537
0.0037433
0.0037152
0.0036824
0.0036548
0.0036352
0.0036158
0.0035821
0.0035237
0.0034402
0.0033354
0.0032136
0.0030821
0.0029512
0.0028279
0.0027193
0.0026369
0.0025871
0.0025678
0.0025865
0.0026609
0.0027894
0.0029402
0.0030826
0.0032167
0.0033582
0.0035103
0.003664
0.0038075
0.0039186
0.0039685
0.0039475
0.0038726
0.0037629
0.0036198
0.0034385
0.0032277
0.0030116
0.0028178
0.0026688
0.0025756
0.0025368
0.0025458
0.0025977
0.0026887
0.0028169
0.0029797
0.0031603
0.0033257
0.0034481
0.0035242
0.0035711
0.0036143
0.0036784
0.0037767
0.003903
0.0040321
0.004132
0.0041857
0.0042023
0.0042045
0.0042027
0.0041798
0.0041053
0.0039638
0.003764
0.0035346
0.0033231
0.0031754
0.0030991
0.0030608
0.0030257
0.0029903
0.0029729
0.0029873
0.0030348
0.0031104
0.0032
0.0032829
0.0033539
0.0034295
0.0035255
0.0036369
0.0037416
0.0038117
0.0038257
0.0037807
0.0037
0.003618
0.0035507
0.0034883
0.0034142
0.0033206
0.0032126
0.00311
0.0030351
0.0029941
0.0029757
0.0029666
0.0029588
0.0029462
0.0029269
0.0029118
0.0029193
0.0029589
0.0030266
0.0031109
0.0031884
0.0032285
0.0032189
0.0031822
0.0031557
0.0031615
0.0031966
0.0032405
0.0032698
0.0032745
0.0032685
0.0032809
0.0033298
0.0034076
0.0034875
0.0035408
0.0035536
0.0035372
0.0035161
0.0035093
0.0035312
0.0035992
0.0037196
0.0038662
0.0039929
0.0040779
0.0041386
0.0042028
0.0042857
0.004378
0.0044358
0.0043993
0.0042457
0.0040187
0.0037959
0.0036323
0.0035386
0.0034977
0.0034827
0.003469
0.0034498
0.0034388
0.00345
0.0034883
0.0035518
0.003619
0.0036459
0.0035971
0.0034804
0.0033469
0.0032518
0.0032096
0.003197
0.0031897
0.0031868
0.0032092
0.0032757
0.0033757
0.0034797
0.0035695
0.003648
0.0037342
0.0038512
0.0040012
0.0041521
0.0042573
0.0042919
0.0042696
0.0042156
0.0041383
0.0040369
0.0039139
0.0037673
0.0035924
0.0033982
0.0032083
0.0030473
0.0029319
0.0028668
0.0028423
0.0028402
0.0028446
0.0028472
0.0028447
0.0028384
0.002838
0.0028591
0.002909
0.0029838
0.0030733
0.0031591
0.0032212
0.0032554
0.0032727
0.0032804
0.0032762
0.0032541
0.0032072
0.0031295
0.0030258
0.0029196
0.0028403
0.0027988
0.0027863
0.0027896
0.0027934
0.0027813
0.0027511
0.002717
0.0026908
0.0026713
0.0026497
0.0026169
0.0025666
0.0024995
0.0024301
0.0023811
0.0023638
0.0023739
0.002402
0.0024351
0.002458
0.0024666
0.0024705
0.0024797
0.0024995
0.0025313
0.0025677
0.0025892
0.002579
0.0025461
0.0025197
0.0025171
0.0025355
0.0025663
0.0025956
0.0026057
0.0025931
0.0025758
0.0025718
0.0025789
0.0025829
0.0025732
0.0025456
0.0025004
0.0024476
0.0024047
0.0023805
0.0023727
0.0023772
0.0023852
0.0023819
0.0023629
0.0023392
0.0023225
0.0023151
0.0023113
0.002302
0.002279
0.002241
0.0022004
0.0021758
0.0021741
0.0021903
0.0022172
0.0022428
0.0022498
0.0022325
0.0022025
0.0021733
0.0021518
0.0021394
0.0021324
0.00212
0.0020921
0.0020549
0.002029
0.0020289
0.0020544
0.0020976
0.0021431
0.0021715
0.0021787
0.0021794
0.0021879
0.0022048
0.0022224
0.0022327
0.0022284
0.0022071
0.0021806
0.0021703
0.0021879
0.0022327
0.0023024
0.0023897
0.0024767
0.0025505
0.0026134
0.00267
0.0027177
0.0027514
0.0027697
0.0027685
0.0027404
0.0026876
0.0026282
0.0025804
0.0025558
0.0025663
0.0026139
0.0026778
0.0027291
0.0027558
0.0027692
0.0027964
0.0028643
0.0029751
0.0030974
0.003191
0.0032431
0.0032763
0.0033226
0.0033955
0.0034825
0.0035489
0.0035575
0.0035019
0.0034106
0.0033133
0.0032205
0.00313
0.0030355
0.0029299
0.0028143
0.002705
0.0026245
0.0025844
0.0025844
0.0026197
0.0026758
0.0027304
0.0027736
0.0028185
0.0028896
0.0030107
0.0032019
0.0034759
0.0038351
0.0042801
0.0048159
0.0054391
0.0061163
0.0067877
0.007389
0.0078622
0.0081612
0.0082694
0.0082075
0.0080091
0.0076959
0.0072816
0.0067875
0.0062508
0.0057187
0.0052353
0.0048308
0.004513
0.004268
0.0040754
0.0039176
0.0037805
0.0036615
0.0035694
0.0035141
0.003506
0.0035599
0.0036737
0.0038078
0.0039104
0.0039706
0.0040238
0.0041017
0.0042053
0.0043198
0.0044182
0.0044597
0.0044257
0.0043555
0.0043152
0.0043298
0.0043694
0.0044008
0.004426
0.004467
0.0045451
0.0046749
0.0048445
0.005007
0.0051194
0.0051827
0.0052341
0.005303
0.0053829
0.0054473
0.0054804
0.0054904
0.0055119
0.0055917
0.0057438
0.0059295
0.0060965
0.0062286
0.0063446
0.0064553
0.0065358
0.0065459
0.0064617
0.0062905
0.0060743
0.0058748
0.0057316
0.0056317
0.0055292
0.005396
0.005241
0.0050852
0.0049379
0.0047909
0.0046234
0.0044126
0.004159
0.0039043
0.003708
0.0036093
0.0036213
0.0037465
0.003977
0.0042851
0.0046265
0.0049529
0.0052189
0.0053843
0.0054288
0.0053666
0.0052372
0.0050862
0.0049553
0.0048736
0.004852
0.004895
0.0050134
0.0052168
0.0055
0.0058434
0.0062202
0.0065932
0.0069073
0.0071024
0.0071397
0.0070139
0.0067596
0.0064531
0.0061828
0.0059984
0.0058966
0.0058556
0.0058711
0.0059702
0.0061987
0.006583
0.0070809
0.0075745
0.0079294
0.0080665
0.0079809
0.0077213
0.0073624
0.0069675
0.0065643
0.006166
0.0058078
0.0055453
0.0054239
0.0054622
0.0056542
0.005966
0.006339
0.0067231
0.0070997
0.0074628
0.0077929
0.0080608
0.0082434
0.0083228
0.008279
0.0080986
0.0077876
0.0073683
0.0068792
0.0063832
0.0059571
0.0056599
0.0055167
0.005529
0.0056878
0.0059784
0.0063893
0.0069096
0.0075055
0.0081045
0.0086183
0.0089755
0.0091355
0.0090882
0.0088585
0.0085017
0.0080771
0.0076215
0.0071495
0.006668
0.0061949
0.0057713
0.0054542
0.0052921
0.0053047
0.0054725
0.0057396
0.0060382
0.0063287
0.006617
0.0069303
0.0072791
0.007645
0.0079903
0.0082683
0.0084396
0.0084965
0.0084612
0.0083524
0.0081609
0.0078593
0.007428
0.0068795
0.0062723
0.005699
0.0052437
0.004946
0.0048079
0.0048269
0.0050095
0.0053626
0.0058834
0.0065463
0.0072901
0.0080295
0.0086843
0.0091981
0.0095435
0.0097126
0.0097062
0.0095304
0.0092006
0.0087462
0.0082016
0.0075937
0.0069527
0.006331
0.0057908
0.0053755
0.0051059
0.0049892
0.0050155
0.0051562
0.0053812
0.0056783
0.0060401
0.0064365
0.0068223
0.0071713
0.0074828
0.0077622
0.0080121
0.0082312
0.0084052
0.0085112
0.0085395
0.0084968
0.0083853
0.0081889
0.0078859
0.0074676
0.0069425
0.0063372
0.0057001
0.0050921
0.0045682
0.0041759
0.003952
0.0039124
0.004056
0.0043776
0.00487
0.0055188
0.0063017
0.0071869
0.008109
0.0089442
0.009547
0.0098429
0.0098602
0.0096672
0.0093119
0.0088127
0.0081738
0.0074084
0.0065663
0.0057495
0.0050839
0.0046421
0.0044042
0.0043052
0.0042943
0.0043517
0.00447
0.0046273
0.0047846
0.0049082
0.0049771
0.0049769
0.0049077
0.0047916
0.0046555
0.0045056
0.0043296
0.0041214
0.0038936
0.0036697
0.0034775
0.0033411
0.0032598
0.0032021
0.003135
0.0030522
0.0029704
0.0029109
0.0028869
0.0028982
0.0029256
0.0029391
0.0029209
0.0028774
0.0028248
0.002775
0.0027328
0.0026923
0.002643
0.0025868
0.0025449
0.002542
0.0025921
0.002701
0.0028753
0.0031204
0.003431
0.0037944
0.0041926
0.0045968
0.0049786
0.0053319
0.0056654
0.005976
0.0062407
0.006435
0.0065618
0.0066626
0.006791
0.006972
0.0071879
0.0074035
0.0076036
0.0077993
0.0080052
0.0082195
0.0084171
0.0085565
0.008606
0.0085745
0.0085059
0.0084408
0.0083924
0.0083594
0.0083384
0.0083216
0.0083051
0.0083105
0.0083839
0.0085664
0.0088708
0.0092834
0.0097704
0.010288
0.010807
0.011324
0.011825
0.012245
0.012481
0.012444
0.012114
0.011561
0.010905
0.010256
0.0096694
0.009159
0.0087352
0.0084133
0.0082105
0.0081522
0.0082596
0.0085153
0.0088549
0.0092012
0.0095025
0.0097524
0.0099914
0.010278
0.010628
0.010971
0.011183
0.01117
0.010911
0.010445
0.0098357
0.0091441
0.0083939
0.0075828
0.0067361
0.0059271
0.0052356
0.004695
0.0042911
0.0039957
0.0037791
0.0036075
0.0034545
0.003306
0.0031563
0.0030127
0.0028976
0.0028345
0.0028336
0.0028954
0.003018
0.003196
0.0034173
0.0036638
0.0039149
0.004152
0.0043621
0.0045337
0.0046498
0.0046964
0.0046746
0.0045987
0.0044891
0.0043682
0.0042568
0.0041641
0.0040802
0.0039944
0.0039138
0.0038509
0.0038042
0.0037621
0.0037193
0.0036857
0.003689
0.0037751
0.0039907
0.0043511
0.0048327
0.005405
0.0060626
0.0068226
0.0076906
0.0086232
0.0095117
0.010218
0.010665
0.010889
0.010972
0.010947
0.010773
0.010396
0.0097909
0.0089918
0.008108
0.0072764
0.0065699
0.0059609
0.0053894
0.0048472
0.0043818
0.0040441
0.003855
0.0037949
0.0038077
0.0038332
0.0038426
0.0038409
0.0038464
0.003866
0.0038828
0.0038648
0.0037918
0.0036778
0.0035622
0.0034792
0.0034437
0.0034599
0.0035179
0.0035878
0.0036354
0.003646
0.0036289
0.0036063
0.0036002
0.0036201
0.0036502
0.0036563
0.0036172
0.0035506
0.0035011
0.0035056
0.0035653
0.0036391
0.0036691
0.0036246
0.0035209
0.003398
0.0032892
0.0032053
0.0031332
0.0030477
0.0029355
0.0028177
0.0027416
0.0027427
0.002822
0.0029546
0.0031046
0.003236
0.0033323
0.0034064
0.0034842
0.0035818
0.0036984
0.0038186
0.0039237
0.0040064
0.0040763
0.0041485
0.0042256
0.0042965
0.004347
0.0043572
0.0043014
0.0041678
0.0039724
0.0037455
0.0035204
0.0033307
0.0031983
0.0031239
0.0030983
0.0031244
0.003215
0.0033676
0.0035583
0.0037595
0.0039465
0.0040966
0.0042045
0.0042867
0.0043567
0.004407
0.0044181
0.0043786
0.0042927
0.0041817
0.0040852
0.0040442
0.0040716
0.0041472
0.0042426
0.0043397
0.0044331
0.0045289
0.0046326
0.0047333
0.0048106
0.0048559
0.0048759
0.0048832
0.0048958
0.0049444
0.0050681
0.0052993
0.0056588
0.0061618
0.0068159
0.0076303
0.0086355
0.0098661
0.011312
0.012906
0.014559
0.016182
0.017688
0.019037
0.02029
0.02157
0.022924
0.024264
0.025468
0.026487
0.027349
0.028117
0.028844
0.029539
0.030137
0.030519
0.030568
0.030245
0.029613
0.028801
0.027941
0.027089
0.026196
0.025119
0.023678
0.021778
0.019529
0.01719
0.014968
0.012908
0.010954
0.0090749
0.0073325
0.0058547
0.0047644
0.0041005
0.003785
0.003685
0.0036954
0.0037451
0.0037735
0.0037484
0.0036922
0.0036661
0.0037222
0.0038657
0.0040472
0.004192
0.004257
0.0042739
0.0043243
0.0044603
0.0046593
0.0048487
0.0049546
0.0049408
0.0048293
0.0046829
0.0045506
0.0044277
0.0042713
0.0040439
0.0037405
0.0033908
0.003051
0.0027788
0.0025989
0.002495
0.0024346
0.0023883
0.0023344
0.0022666
0.0021962
0.0021378
0.0020952
0.0020633
0.0020344
0.0020011
0.0019604
0.001921
0.0018993
0.0019029
0.0019265
0.0019605
0.0019912
0.0020031
0.0019942
0.0019784
0.001969
0.0019684
0.0019713
0.0019701
0.0019571
0.0019309
0.0019033
0.0018913
0.001901
0.0019267
0.0019614
0.0019948
0.0020134
0.0020142
0.002008
0.002006
0.0020125
0.0020272
0.0020452
0.0020557
0.0020507
0.0020385
0.0020403
0.0020718
0.0021345
0.0022145
0.002283
0.0023133
0.0023055
0.0022809
0.0022572
0.0022369
0.0022141
0.0021787
0.0021202
0.0020419
0.0019684
0.001927
0.0019235
0.001946
0.0019817
0.0020174
0.0020392
0.0020454
0.0020481
0.0020584
0.0020783
0.0021044
0.0021296
0.0021421
0.0021343
0.002115
0.0021068
0.0021268
0.0021734
0.0022302
0.0022721
0.002281
0.0022616
0.0022349
0.0022164
0.0022062
0.0021943
0.0021667
0.0021141
0.0020437
0.0019793
0.0019426
0.0019355
0.0019476
0.0019705
0.0019945
0.0020066
0.0020048
0.0020028
0.0020166
0.0020577
0.0021345
0.0022517
0.002406
0.0025875
0.0027887
0.0030086
0.0032501
0.00352
0.0038185
0.0041166
0.0043661
0.0045447
0.0046722
0.0047843
0.0049124
0.0050726
0.0052496
0.0053999
0.0054921
0.0055421
0.0055926
0.0056579
0.0057096
0.0057071
0.0056264
0.0054785
0.0053171
0.0052076
0.0051785
0.005212
0.0052761
0.0053501
0.005429
0.0055224
0.0056474
0.0058082
0.0059792
0.0061172
0.0061918
0.006197
0.0061424
0.0060481
0.0059388
0.0058277
0.0057084
0.0055654
0.0053881
0.0051823
0.0049706
0.0047804
0.004631
0.0045279
0.0044697
0.0044537
0.0044687
0.0044903
0.0044947
0.0044675
0.0044016
0.0042961
0.0041568
0.0039891
0.0037905
0.0035587
0.0033071
0.0030635
0.0028541
0.0026948
0.0025928
0.0025412
0.0025199
0.0025134
0.0025222
0.0025517
0.0026049
0.0026833
0.0027868
0.0029118
0.0030575
0.0032371
0.0034677
0.0037463
0.0040476
0.0043413
0.0046022
0.0048155
0.0049834
0.0051195
0.0052275
0.0052952
0.0053104
0.0052728
0.0051894
0.0050718
0.0049352
0.0047886
0.0046262
0.0044404
0.0042343
0.0040131
0.0037773
0.0035389
0.0033252
0.0031563
0.0030339
0.0029532
0.00291
0.0028936
0.0028872
0.0028834
0.0028856
0.0028915
0.0028905
0.0028765
0.0028464
0.0027949
0.002726
0.0026558
0.0025987
0.0025581
0.0025297
0.0025075
0.0024858
0.0024656
0.0024621
0.0024949
0.0025609
0.002636
0.0027036
0.0027594
0.0027975
0.0028161
0.0028221
0.0028199
0.0028053
0.0027738
0.0027316
0.0026929
0.0026705
0.0026793
0.0027382
0.0028573
0.0030303
0.0032427
0.0034767
0.0037173
0.0039678
0.0042443
0.0045519
0.0048784
0.0052087
0.0055295
0.0058224
0.006063
0.0062322
0.0063214
0.0063227
0.0062288
0.0060417
0.0057683
0.0054179
0.0050129
0.0045931
0.0042073
0.0039061
0.0037309
0.0036946
0.0037724
0.0039237
0.0041242
0.0043634
0.0046222
0.0048722
0.0050903
0.0052599
0.0053707
0.005438
0.0055041
0.0056041
0.0057314
0.0058519
0.0059459
0.006029
0.0061275
0.0062392
0.0063231
0.0063228
0.0062067
0.0059938
0.0057411
0.0055103
0.0053323
0.0051866
0.0050223
0.0048151
0.0045946
0.0044078
0.0042635
0.0041281
0.0039664
0.0037679
0.00354
0.0033039
0.0030943
0.0029326
0.0028076
0.002701
0.0026187
0.0025796
0.0025852
0.0026165
0.002653
0.0026872
0.0027288
0.0028043
0.0029387
0.0031288
0.0033448
0.0035574
0.0037526
0.0039307
0.0041029
0.0042804
0.004457
0.0046131
0.004739
0.0048463
0.0049571
0.0050923
0.0052736
0.0055212
0.0058461
0.0062538
0.0067492
0.0073291
0.0079769
0.0086736
0.0094059
0.010161
0.010913
0.011616
0.01221
0.012642
0.012892
0.012978
0.01293
0.012766
0.012493
0.012123
0.011667
0.011154
0.01064
0.01018
0.009789
0.0094508
0.0091544
0.0089054
0.0087073
0.0085614
0.0084869
0.0085162
0.0086678
0.0089417
0.0093326
0.0098254
0.010387
0.010984
0.011595
0.012198
0.012755
0.013211
0.013509
0.013603
0.013472
0.013118
0.012561
0.011842
0.011018
0.010163
0.0093354
0.0085632
0.0078458
0.0071762
0.0065597
0.0060268
0.0056148
0.0053291
0.0051284
0.0049538
0.0047733
0.004604
0.0045007
0.0045254
0.0047092
0.0050215
0.0053804
0.0057066
0.0059623
0.0061418
0.006245
0.0062645
0.006186
0.005995
0.0056904
0.005297
0.0048671
0.0044663
0.0041452
0.003919
0.0037658
0.0036494
0.0035492
0.0034631
0.0033889
0.0033217
0.00326
0.003201
0.0031389
0.0030774
0.003036
0.0030338
0.0030681
0.003118
0.0031655
0.0031977
0.0032013
0.0031691
0.0031032
0.0030093
0.0028949
0.0027724
0.0026552
0.0025493
0.0024544
0.0023762
0.0023286
0.0023177
0.0023365
0.0023735
0.0024126
0.0024339
0.0024293
0.0024076
0.0023822
0.0023675
0.0023874
0.0024748
0.0026569
0.0029445
0.0033375
0.0038261
0.0043833
0.0049681
0.0055397
0.0060626
0.0065103
0.0068699
0.0071344
0.0072946
0.0073429
0.0072833
0.0071324
0.0069142
0.0066552
0.0063812
0.0061135
0.0058631
0.0056347
0.0054352
0.0052745
0.0051624
0.0051067
0.0051028
0.0051272
0.0051508
0.0051458
0.0050841
0.0049482
0.0047452
0.0045047
0.0042605
0.0040379
0.0038687
0.0038012
0.0038692
0.0040575
0.0043083
0.0045523
0.0047355
0.0048422
0.0048999
0.0049495
0.0050043
0.0050395
0.0050294
0.0049901
0.0049784
0.0050574
0.0052574
0.0055489
0.0058547
0.006107
0.0062892
0.0064304
0.00657
0.006726
0.0068829
0.0070018
0.0070459
0.0070071
0.0069085
0.0067796
0.0066436
0.0065228
0.0064366
0.0063997
0.006441
0.0066101
0.0069552
0.0075094
0.0082967
0.0093248
0.010564
0.011946
0.0134
0.014868
0.016313
0.017717
0.019056
0.020248
0.021143
0.021631
0.021777
0.021779
0.021781
0.02175
0.021542
0.021113
0.020639
0.020402
0.020537
0.020921
0.02129
0.021436
0.021355
0.021233
0.021278
0.021501
0.021645
0.021415
0.020759
0.01986
0.018897
0.017899
0.01678
0.015458
0.013925
0.012257
0.01058
0.0090061
0.0075947
0.0063869
0.0054242
0.0047256
0.0042668
0.003991
0.0038378
0.0037632
0.0037432
0.003768
0.0038249
0.0038813
0.0038981
0.0038589
0.0037712
0.0036477
0.0035007
0.0033435
0.0031901
0.0030614
0.002999
0.0030736
0.0033625
0.0039063
0.0046895
0.0056691
0.0068272
0.0081846
0.0097357
0.011376
0.01294
0.014311
0.015489
0.016548
0.017549
0.01848
0.019246
0.019728
0.019896
0.019864
0.019793
0.019717
0.019508
0.019031
0.018288
0.017393
0.016446
0.01548
0.014491
0.013501
0.012572
0.011785
0.011176
0.010704
0.01028
0.0098625
0.0095181
0.0093542
0.0093915
0.0095147
0.0095642
0.0094785
0.0093257
0.0092073
0.0091683
0.0091828
0.0091782
0.0090873
0.0089095
0.0087231
0.0086289
0.0086821
0.0088746
0.0091605
0.0094756
0.0097504
0.0099371
0.010032
0.010066
0.010073
0.010052
0.0099508
0.0096996
0.0092682
0.008695
0.0080637
0.0074568
0.0069229
0.0064626
0.0060332
0.0055872
0.0051192
0.0046657
0.0042656
0.0039383
0.0036908
0.0035149
0.0033782
0.0032428
0.0030996
0.0029709
0.0028788
0.0028307
0.0028255
0.0028507
0.0028835
0.0029147
0.0029603
0.0030413
0.003165
0.0033221
0.0034875
0.003629
0.0037294
0.0038004
0.0038681
0.0039462
0.0040301
0.0041062
0.0041539
0.0041555
0.0041203
0.0040827
0.0040675
0.0040737
0.0040862
0.0040861
0.0040551
0.0039838
0.0038824
0.0037733
0.0036695
0.0035703
0.0034693
0.0033549
0.0032151
0.0030546
0.0028953
0.002756
0.0026434
0.0025587
0.0025025
0.0024734
0.0024711
0.0025067
0.0025957
0.0027353
0.0029029
0.003071
0.0032138
0.0033106
0.0033582
0.0033691
0.0033532
0.0033093
0.0032344
0.0031336
0.0030192
0.0029097
0.00283
0.002799
0.0028121
0.0028471
0.0028831
0.0029058
0.0029065
0.0028964
0.0029083
0.0029718
0.0030925
0.0032545
0.0034323
0.0036018
0.0037549
0.0039117
0.0041023
0.0043283
0.0045493
0.0047138
0.0047909
0.0047833
0.0047255
0.0046638
0.0046257
0.004617
0.0046441
0.0047297
0.0049103
0.0052252
0.005704
0.0063511
0.0071347
0.0080005
0.008894
0.0097598
0.010535
0.01117
0.011647
0.011962
0.012112
0.012093
0.011907
0.011569
0.011101
0.010534
0.0099
0.0092205
0.008508
0.0077851
0.0070779
0.006404
0.005784
0.0052468
0.004815
0.0044913
0.0042626
0.0041119
0.0040203
0.0039646
0.0039282
0.0039067
0.0038949
0.0038836
0.0038696
0.0038539
0.0038377
0.0038285
0.00384
0.0038764
0.003927
0.0039746
0.0040036
0.0039975
0.0039451
0.0038562
0.0037618
0.0036877
0.0036363
0.0035927
0.0035379
0.0034638
0.0033864
0.0033394
0.0033508
0.003432
0.0035771
0.0037636
0.0039658
0.0041784
0.0044265
0.0047408
0.0051146
0.0054972
0.0058387
0.0061256
0.0063829
0.0066621
0.0070022
0.007381
0.0077256
0.0079908
0.0082054
0.0084168
0.0086141
0.0087376
0.0087443
0.0086411
0.0084867
0.0083803
0.0083971
0.0085038
0.0085695
0.0084884
0.0082828
0.0080903
0.0080502
0.008188
0.0083924
0.008504
0.0084411
0.0082651
0.0081411
0.008229
0.008563
0.0089929
0.0092668
0.0092212
0.0089066
0.0085385
0.0083381
0.008393
0.0086216
0.0088479
0.008931
0.0088743
0.0088379
0.0090211
0.0094946
0.010124
0.01064
0.010803
0.01056
0.01011
0.0097795
0.0097796
0.01006
0.010371
0.010474
0.010339
0.010181
0.010285
0.010753
0.011386
0.011833
0.011854
0.011463
0.010882
0.010371
0.010074
0.0099861
0.010059
0.01031
0.010831
0.011683
0.012803
0.013994
0.01503
0.015777
0.016219
0.016359
0.016159
0.015571
0.014618
0.013414
0.012152
0.011041
0.010208
0.0096355
0.0092098
0.0088332
0.0084853
0.0081929
0.0079744
0.0078147
0.0076702
0.007497
0.0072822
0.0070483
0.0068253
0.0066244
0.0064353
0.0062368
0.0060066
0.0057372
0.0054492
0.0051802
0.0049591
0.0047917
0.0046661
0.0045624
0.0044637
0.0044174
0.004388
0.0043725
0.0043638
