0.0027043
0.0027011
0.0027111
0.002736
0.0027708
0.0027997
0.0028097
0.0028083
0.0028168
0.0028542
0.0029178
0.0029855
0.0030314
0.0030389
0.0030095
0.0029647
0.0029289
0.0029067
0.002881
0.0028337
0.0027584
0.0026621
0.0025631
0.0024813
0.0024226
0.0023795
0.0023447
0.0023164
0.0022957
0.002287
0.0023004
0.002346
0.0024213
0.0025105
0.0025959
0.0026614
0.0026963
0.0027027
0.0026911
0.0026653
0.0026192
0.0025464
0.0024485
0.0023357
0.0022251
0.0021365
0.0020823
0.0020588
0.0020535
0.0020576
0.0020631
0.0020596
0.0020449
0.0020306
0.0020298
0.0020463
0.0020759
0.0021098
0.0021377
0.0021554
0.0021769
0.0022327
0.0023496
0.002534
0.002768
0.0030122
0.0032192
0.0033598
0.0034326
0.0034516
0.003431
0.0033778
0.0032878
0.0031506
0.0029675
0.0027656
0.002587
0.0024628
0.0024032
0.0024002
0.0024303
0.0024645
0.0024875
0.0025012
0.0025099
0.0025152
0.0025216
0.0025336
0.0025471
0.0025542
0.0025549
0.0025558
0.0025605
0.0025706
0.0025907
0.0026195
0.0026466
0.0026656
0.0026822
0.0027041
0.0027337
0.0027697
0.0028071
0.0028343
0.0028383
0.0028201
0.002794
0.0027694
0.0027429
0.0027087
0.0026602
0.0025911
0.0025053
0.0024202
0.002355
0.002321
0.0023211
0.0023552
0.00242
0.00251
0.0026227
0.0027562
0.0028992
0.0030335
0.0031434
0.0032134
0.0032269
0.0031784
0.0030789
0.0029462
0.0027968
0.0026467
0.0025078
0.0023837
0.0022741
0.002186
0.0021344
0.0021274
0.0021597
0.002219
0.0022879
0.0023464
0.0023828
0.0023967
0.0023901
0.0023627
0.0023159
0.0022552
0.0021882
0.0021243
0.002077
0.0020568
0.0020619
0.0020835
0.0021169
0.0021572
0.0021919
0.0022099
0.0022101
0.002195
0.0021679
0.0021369
0.0021102
0.0020867
0.0020598
0.0020322
0.002019
0.0020308
0.0020648
0.0021121
0.0021594
0.0021912
0.0022051
0.0022165
0.0022418
0.0022843
0.0023357
0.0023841
0.0024187
0.0024338
0.0024346
0.0024338
0.0024375
0.0024427
0.0024476
0.0024544
0.0024668
0.0024941
0.0025459
0.0026176
0.0026912
0.0027501
0.0027881
0.0028051
0.0028021
0.002781
0.0027423
0.0026807
0.0025944
0.0024979
0.0024115
0.0023451
0.0023026
0.0022883
0.0023012
0.0023329
0.0023779
0.002436
0.0025027
0.002566
0.0026198
0.0026702
0.0027212
0.0027643
0.0027873
0.0027804
0.0027366
0.0026578
0.0025602
0.0024655
0.0023865
0.0023212
0.0022605
0.002202
0.0021567
0.0021437
0.0021775
0.0022553
0.0023606
0.0024741
0.0025784
0.0026607
0.0027206
0.0027674
0.0028064
0.0028333
0.002839
0.0028166
0.0027655
0.0026937
0.0026183
0.0025559
0.00251
0.0024728
0.0024375
0.0023996
0.0023545
0.0023058
0.0022647
0.0022374
0.0022201
0.0022046
0.0021846
0.0021559
0.0021179
0.0020799
0.0020583
0.0020614
0.0020809
0.0020997
0.0021032
0.0020874
0.0020663
0.0020621
0.0020851
0.0021286
0.0021801
0.0022296
0.002271
0.0023079
0.0023603
0.0024576
0.0026194
0.0028476
0.0031306
0.0034443
0.0037581
0.0040552
0.0043389
0.0046133
0.0048655
0.00507
0.0052069
0.005272
0.0052778
0.0052495
0.0052118
0.0051741
0.0051371
0.0051079
0.0050933
0.0050873
0.005075
0.0050406
0.0049704
0.0048576
0.0047067
0.0045271
0.0043218
0.0040901
0.0038424
0.0036015
0.0033883
0.0032156
0.0030854
0.0029843
0.0028939
0.0028129
0.0027549
0.0027262
0.002719
0.0027236
0.0027335
0.0027412
0.0027444
0.0027557
0.0027933
0.0028594
0.0029416
0.003029
0.0031151
0.0031936
0.0032599
0.0033115
0.0033459
0.0033657
0.0033832
0.0034084
0.0034373
0.0034577
0.0034632
0.0034497
0.0034073
0.0033349
0.0032524
0.0031772
0.003102
0.0030144
0.0029218
0.0028463
0.0028084
0.0028238
0.0029014
0.0030327
0.0031915
0.0033561
0.0035205
0.0036797
0.0038201
0.0039254
0.0039783
0.0039627
0.0038757
0.0037322
0.003555
0.0033678
0.0031913
0.0030357
0.0028971
0.0027667
0.0026471
0.0025521
0.002491
0.0024601
0.0024453
0.0024226
0.00237
0.0022913
0.0022168
0.0021763
0.0021799
0.0022197
0.0022773
0.0023325
0.0023755
0.0024136
0.0024613
0.0025244
0.002603
0.0026994
0.0028097
0.0029149
0.0029955
0.0030476
0.0030792
0.0030995
0.0031173
0.0031413
0.0031725
0.0031981
0.0032029
0.0031865
0.0031654
0.0031598
0.0031803
0.0032233
0.0032748
0.0033193
0.0033426
0.0033373
0.0033154
0.0033089
0.0033444
0.0034216
0.0035211
0.0036218
0.0037066
0.0037663
0.0038093
0.0038583
0.0039215
0.0039765
0.0039911
0.0039486
0.0038565
0.0037444
0.0036493
0.0035917
0.0035619
0.0035346
0.0034991
0.0034676
0.0034569
0.0034746
0.003514
0.00355
0.0035491
0.0034945
0.0033944
0.003271
0.0031453
0.0030298
0.0029338
0.0028692
0.0028519
0.0029026
0.0030439
0.0032873
0.003626
0.0040379
0.0044882
0.0049406
0.0053789
0.0058118
0.0062514
0.0066969
0.0071378
0.0075548
0.007915
0.0081856
0.0083659
0.0084897
0.0085839
0.0086343
0.0086024
0.0084563
0.0081858
0.0078102
0.0073753
0.0069265
0.0064792
0.006024
0.0055592
0.0051078
0.0047019
0.0043619
0.0040858
0.0038521
0.0036384
0.0034423
0.0032777
0.0031497
0.0030441
0.0029387
0.0028203
0.0026949
0.0025821
0.0025005
0.0024537
0.0024276
0.0024054
0.0023838
0.0023732
0.0023897
0.0024484
0.0025487
0.0026696
0.0027896
0.0029032
0.0030119
0.0031107
0.0031885
0.0032327
0.0032323
0.0031819
0.0030877
0.0029664
0.0028343
0.0027038
0.0025888
0.002499
0.0024332
0.002387
0.0023566
0.0023348
0.0023161
0.0023068
0.0023209
0.0023632
0.0024215
0.0024797
0.0025313
0.0025778
0.0026235
0.0026718
0.0027148
0.0027323
0.002708
0.0026421
0.0025493
0.0024502
0.0023629
0.0022935
0.0022367
0.0021872
0.0021509
0.0021397
0.0021565
0.0021927
0.0022382
0.0022804
0.0023041
0.0023056
0.002301
0.002311
0.0023452
0.0023972
0.0024495
0.002482
0.0024839
0.0024659
0.0024562
0.0024759
0.0025233
0.0025791
0.0026204
0.0026345
0.0026298
0.0026298
0.0026532
0.0027013
0.0027643
0.0028309
0.0028934
0.0029455
0.0029808
0.0029946
0.0029863
0.0029619
0.0029294
0.0028875
0.0028258
0.0027439
0.0026641
0.0026164
0.0026198
0.002674
0.0027565
0.0028303
0.0028674
0.0028704
0.0028623
0.0028526
0.0028247
0.0027572
0.0026424
0.0024893
0.0023254
0.0021874
0.0020986
0.0020578
0.0020481
0.0020511
0.002053
0.0020488
0.0020481
0.0020677
0.0021136
0.0021805
0.002262
0.0023478
0.0024227
0.0024785
0.0025183
0.0025447
0.0025561
0.0025498
0.0025225
0.0024678
0.0023828
0.0022797
0.0021816
0.0021061
0.0020611
0.0020483
0.0020576
0.0020715
0.0020833
0.0021022
0.0021351
0.0021754
0.0022098
0.0022279
0.0022244
0.0022007
0.0021697
0.0021495
0.0021471
0.0021558
0.0021683
0.0021815
0.0021938
0.0022059
0.00222
0.0022346
0.0022457
0.0022493
0.0022427
0.0022238
0.0021943
0.0021618
0.0021352
0.0021172
0.002108
0.0021102
0.0021215
0.0021325
0.0021383
0.0021418
0.0021431
0.0021379
0.002125
0.0021078
0.0020896
0.0020764
0.0020839
0.0021316
0.0022262
0.0023603
0.0025222
0.0026959
0.0028608
0.0030002
0.0031043
0.0031626
0.0031661
0.0031148
0.0030171
0.0028841
0.0027302
0.0025756
0.0024411
0.0023369
0.0022649
0.0022266
0.0022161
0.002218
0.0022228
0.0022318
0.0022458
0.0022589
0.0022636
0.0022535
0.0022234
0.0021751
0.0021252
0.0020981
0.0021046
0.0021383
0.0021893
0.00225
0.0023159
0.002391
0.0024838
0.0025922
0.0026983
0.0027803
0.0028257
0.0028326
0.0028047
0.0027524
0.0026905
0.0026292
0.0025736
0.0025271
0.0024876
0.0024483
0.0024093
0.0023795
0.0023641
0.0023591
0.0023564
0.0023468
0.0023209
0.0022754
0.0022258
0.0021983
0.0022048
0.0022366
0.0022781
0.0023158
0.0023445
0.0023729
0.0024134
0.0024632
0.0025051
0.0025237
0.0025146
0.0024798
0.0024262
0.0023693
0.0023264
0.0023058
0.0023103
0.0023448
0.0024044
0.0024683
0.0025167
0.0025445
0.0025545
0.0025488
0.0025304
0.0025028
0.0024627
0.0024027
0.0023254
0.0022453
0.0021763
0.0021275
0.0021069
0.002111
0.0021195
0.0021122
0.0020872
0.0020582
0.0020413
0.0020467
0.002074
0.00211
0.0021393
0.00216
0.0021848
0.0022215
0.002266
0.0023092
0.0023388
0.0023416
0.0023179
0.002284
0.0022558
0.0022376
0.002227
0.0022194
0.0022075
0.0021868
0.0021654
0.0021565
0.0021608
0.0021697
0.0021794
0.0021883
0.0021888
0.0021763
0.0021547
0.0021286
0.0021019
0.0020876
0.0021035
0.0021559
0.0022365
0.0023379
0.0024584
0.0025957
0.0027504
0.0029296
0.0031338
0.0033471
0.0035541
0.0037576
0.0039743
0.0042205
0.004502
0.0048093
0.005118
0.0054049
0.0056636
0.0059009
0.0061172
0.0062998
0.0064287
0.006481
0.0064429
0.0063258
0.0061581
0.0059592
0.0057312
0.005473
0.0051912
0.0048982
0.0046072
0.004332
0.0040818
0.0038537
0.0036434
0.0034603
0.0033157
0.0032059
0.0031203
0.0030547
0.0030097
0.0029892
0.0030041
0.0030652
0.0031646
0.003271
0.0033576
0.0034253
0.0034892
0.0035575
0.0036273
0.0036839
0.0037064
0.0036839
0.0036252
0.0035506
0.0034809
0.0034326
0.0034147
0.003427
0.0034615
0.0035095
0.0035689
0.0036406
0.003729
0.0038372
0.0039467
0.004014
0.0040089
0.0039412
0.0038467
0.0037599
0.0036964
0.0036535
0.0036258
0.0036187
0.0036513
0.0037413
0.0038806
0.0040389
0.0041944
0.0043445
0.0044991
0.0046712
0.0048602
0.0050481
0.0052239
0.0054076
0.005636
0.0059256
0.0062554
0.0065828
0.0068646
0.0070656
0.0071679
0.0071722
0.0070767
0.0068636
0.006518
0.0060544
0.0055218
0.0049905
0.0045346
0.0042162
0.0040722
0.0041097
0.0043094
0.0046321
0.0050246
0.0054304
0.0057983
0.0060825
0.0062453
0.0062717
0.0061729
0.0059704
0.0056848
0.0053417
0.0049751
0.0046204
0.0043087
0.0040684
0.0039206
0.0038614
0.0038623
0.0038941
0.0039398
0.0039811
0.003997
0.0039799
0.0039338
0.0038591
0.0037494
0.003601
0.0034188
0.0032141
0.0030074
0.0028344
0.0027305
0.002711
0.0027729
0.0029053
0.0030889
0.0032974
0.0035046
0.003693
0.0038585
0.0040049
0.0041261
0.0041987
0.0041944
0.0041007
0.0039311
0.0037159
0.0034882
0.0032726
0.0030753
0.0028912
0.0027289
0.0026145
0.0025656
0.0025767
0.0026291
0.002703
0.0027821
0.0028598
0.0029455
0.0030493
0.0031543
0.0032216
0.0032263
0.0031733
0.0030816
0.0029708
0.0028547
0.002735
0.0026036
0.0024597
0.0023206
0.0022106
0.002141
0.002106
0.0020936
0.0020939
0.0021025
0.0021193
0.0021379
0.0021429
0.0021248
0.0020894
0.0020492
0.0020142
0.0019885
0.0019688
0.001945
0.0019085
0.0018637
0.0018244
0.0017998
0.0017913
0.001798
0.0018134
0.0018256
0.0018306
0.0018366
0.0018525
0.0018794
0.0019117
0.0019398
0.001953
0.0019461
0.0019259
0.0019063
0.0018954
0.0018927
0.0018949
0.0018936
0.0018783
0.001851
0.0018261
0.0018133
0.0018132
0.0018237
0.0018417
0.0018613
0.0018777
0.0018956
0.0019255
0.0019709
0.0020292
0.0020997
0.0021773
0.002247
0.0022965
0.0023243
0.0023326
0.0023232
0.0023025
0.0022809
0.0022641
0.0022514
0.002245
0.0022541
0.0022848
0.0023369
0.0024096
0.0024971
0.0025823
0.0026454
0.0026731
0.0026593
0.0026084
0.0025375
0.0024661
0.0023991
0.002326
0.002241
0.0021552
0.0020849
0.0020417
0.0020302
0.0020408
0.0020495
0.0020393
0.0020152
0.0019955
0.0019952
0.0020158
0.0020482
0.0020794
0.0021025
0.0021239
0.0021577
0.0022102
0.0022767
0.0023484
0.0024111
0.0024489
0.0024604
0.0024607
0.0024675
0.0024899
0.0025254
0.0025588
0.0025689
0.0025467
0.0025084
0.0024804
0.002472
0.0024727
0.0024679
0.0024439
0.0023935
0.0023292
0.0022759
0.0022456
0.0022315
0.002227
0.0022359
0.0022634
0.0023112
0.0023822
0.0024773
0.0025866
0.0026963
0.0028006
0.002891
0.0029486
0.0029614
0.0029343
0.0028763
0.0027936
0.0026948
0.0025927
0.0024963
0.0024108
0.0023471
0.0023176
0.002321
0.0023437
0.0023749
0.0024076
0.0024354
0.0024597
0.00249
0.0025322
0.0025852
0.0026488
0.0027247
0.0028093
0.0028902
0.0029569
0.003006
0.0030346
0.0030391
0.0030214
0.0029833
0.0029202
0.0028302
0.0027213
0.0026075
0.002505
0.0024294
0.0023903
0.0023866
0.0024125
0.0024687
0.0025625
0.002694
0.0028558
0.003043
0.0032504
0.0034639
0.0036617
0.0038196
0.0039177
0.00395
0.0039264
0.0038626
0.0037685
0.0036473
0.003505
0.0033552
0.0032144
0.0031006
0.0030248
0.0029758
0.0029275
0.0028652
0.0027947
0.0027267
0.0026641
0.0026028
0.0025364
0.0024589
0.0023691
0.0022798
0.0022122
0.0021795
0.0021824
0.0022133
0.0022549
0.0022832
0.002286
0.0022735
0.0022647
0.0022671
0.0022743
0.0022729
0.0022494
0.0021993
0.002135
0.0020814
0.0020552
0.0020541
0.0020662
0.0020784
0.0020814
0.002076
0.0020703
0.00207
0.0020738
0.0020777
0.0020768
0.0020653
0.002041
0.0020125
0.001993
0.0019861
0.0019874
0.0019924
0.001994
0.0019832
0.001962
0.0019422
0.0019303
0.0019234
0.001918
0.0019138
0.0019088
0.0018996
0.0018904
0.0018907
0.0019016
0.0019173
0.0019355
0.0019531
0.0019618
0.0019582
0.0019502
0.0019473
0.0019528
0.0019664
0.0019863
0.0020076
0.0020243
0.0020382
0.0020582
0.0020892
0.0021291
0.0021735
0.002212
0.0022297
0.0022203
0.0021925
0.0021603
0.0021337
0.0021171
0.0021098
0.0021053
0.0021006
0.0021081
0.0021497
0.0022369
0.0023609
0.0024983
0.0026187
0.0026966
0.0027271
0.0027245
0.0027039
0.0026695
0.0026181
0.002546
0.0024538
0.00235
0.0022533
0.0021831
0.0021454
0.0021324
0.0021329
0.0021321
0.0021135
0.0020718
0.002017
0.0019632
0.0019184
0.0018848
0.0018588
0.0018322
0.0017991
0.0017662
0.0017486
0.0017527
0.0017731
0.0018004
0.0018222
0.0018251
0.0018079
0.0017854
0.0017733
0.0017774
0.0017939
0.0018123
0.0018191
0.0018082
0.0017903
0.0017848
0.0017986
0.0018227
0.0018453
0.0018559
0.0018471
0.0018244
0.0018039
0.001796
0.0017985
0.0018033
0.0018036
0.001794
0.0017727
0.0017466
0.0017278
0.0017216
0.0017264
0.0017399
0.0017552
0.0017606
0.0017533
0.0017415
0.0017317
0.0017235
0.0017146
0.0017026
0.0016818
0.0016482
0.0016095
0.001581
0.0015703
0.0015756
0.0015935
0.0016154
0.0016277
0.0016269
0.0016227
0.0016241
0.0016312
0.0016403
0.001647
0.0016441
0.0016267
0.0016027
0.0015885
0.0015917
0.0016079
0.0016301
0.0016499
0.0016573
0.0016503
0.0016374
0.0016269
0.0016219
0.0016234
0.0016325
0.0016473
0.0016651
0.0016889
0.0017257
0.0017756
0.0018331
0.0018941
0.0019503
0.0019869
0.0019954
0.0019807
0.0019526
0.0019181
0.0018831
0.0018522
0.0018257
0.0018024
0.001791
0.0018085
0.0018671
0.0019693
0.0021119
0.0022821
0.0024559
0.002613
0.0027461
0.0028538
0.002932
0.0029741
0.0029732
0.0029223
0.0028194
0.002679
0.0025296
0.0023955
0.002287
0.0022038
0.0021381
0.0020781
0.0020197
0.0019688
0.0019308
0.001905
0.0018875
0.0018736
0.0018571
0.0018348
0.0018125
0.001802
0.0018074
0.0018255
0.0018559
0.0019017
0.0019654
0.0020501
0.0021583
0.0022857
0.0024264
0.0025855
0.0027799
0.003024
0.0033183
0.0036511
0.0040043
0.0043567
0.0046941
0.0050182
0.0053366
0.0056454
0.0059241
0.0061397
0.0062603
0.0062824
0.0062475
0.0062199
0.0062435
0.0063251
0.0064536
0.006619
0.006814
0.007031
0.0072577
0.0074654
0.0076081
0.0076484
0.0075819
0.0074237
0.0071833
0.0068582
0.0064483
0.0059703
0.005461
0.0049685
0.0045364
0.0041923
0.0039537
0.0038394
0.0038621
0.0040131
0.0042716
0.0046301
0.0050998
0.0056854
0.0063545
0.0070366
0.007657
0.0081739
0.0085882
0.0089273
0.0092196
0.0094793
0.0097063
0.0098886
0.010015
0.010088
0.010113
0.010074
0.0099535
0.0097594
0.009518
0.0092293
0.0088633
0.0084151
0.0079364
0.0075047
0.0071871
0.0070258
0.0070225
0.0071336
0.0073044
0.0075089
0.0077451
0.0080016
0.0082492
0.0084719
0.0086906
0.0089325
0.0091799
0.0093698
0.009445
0.009391
0.0092275
0.0089776
0.0086591
0.0082907
0.0078798
0.0074266
0.0069644
0.0065774
0.0063602
0.0063695
0.0066103
0.0070486
0.007611
0.008178
0.0086231
0.008897
0.0090636
0.0092387
0.0094912
0.0097996
0.010078
0.010231
0.010223
0.010102
0.0099612
0.0098551
0.0097509
0.0095538
0.0091783
0.0086103
0.0079229
0.0072379
0.0066577
0.0062232
0.0059237
0.0057224
0.0055777
0.0054687
0.005413
0.0054478
0.005586
0.0057918
0.0059996
0.0061576
0.0062626
0.006353
0.0064515
0.0065292
0.0065336
0.0064329
0.0062262
0.0059375
0.0056112
0.0052972
0.0050222
0.0047795
0.0045585
0.0043728
0.0042406
0.004162
0.0041302
0.0041405
0.0041793
0.0042152
0.0042115
0.0041547
0.004072
0.0040085
0.0039865
0.0039932
0.0040038
0.0040137
0.0040431
0.0041109
0.0042113
0.0043115
0.0043626
0.0043244
0.0041946
0.004011
0.0038183
0.0036379
0.003471
0.0033168
0.0031797
0.0030648
0.0029762
0.0029185
0.0028925
0.0028958
0.0029252
0.002967
0.0029952
0.0029894
0.0029466
0.002876
0.0027938
0.0027189
0.0026603
0.0026096
0.0025581
0.0025226
0.002539
0.0026218
0.0027476
0.002877
0.0029754
0.0030222
0.0030194
0.0029862
0.0029369
0.0028706
0.0027768
0.0026483
0.00249
0.0023226
0.0021771
0.0020791
0.0020323
0.0020236
0.0020382
0.0020571
0.0020609
0.0020487
0.0020373
0.0020367
0.0020418
0.0020441
0.0020389
0.0020213
0.0019881
0.0019501
0.0019276
0.0019279
0.0019451
0.0019753
0.0020163
0.0020614
0.0021066
0.0021538
0.002202
0.0022453
0.0022794
0.0023047
0.0023199
0.0023209
0.0023077
0.0022865
0.002261
0.0022337
0.0022103
0.0021905
0.002165
0.0021313
0.0021025
0.002095
0.0021171
0.0021654
0.0022232
0.0022678
0.0022849
0.0022788
0.0022653
0.0022552
0.0022506
0.0022482
0.0022383
0.0022114
0.0021768
0.002157
0.0021621
0.0021869
0.0022245
0.0022701
0.0023153
0.0023509
0.0023753
0.002391
0.0023972
0.0023942
0.0023876
0.002379
0.0023629
0.0023375
0.0023091
0.0022829
0.0022613
0.0022484
0.0022427
0.0022318
0.0022047
0.0021687
0.0021411
0.0021289
0.002127
0.0021283
0.0021224
0.0020941
0.0020405
0.001977
0.0019212
0.0018769
0.0018367
0.0017925
0.0017392
0.0016781
0.0016252
0.0016037
0.0016225
0.0016708
0.0017326
0.0017935
0.0018406
0.001869
0.0018852
0.0018979
0.00191
0.0019195
0.0019218
0.0019087
0.0018764
0.0018359
0.0018074
0.0018011
0.0018163
0.0018518
0.001905
0.001971
0.0020569
0.0021841
0.0023675
0.0026056
0.0028937
0.0032296
0.0036063
0.0040077
0.0044148
0.0048053
0.0051466
0.0054063
0.0055695
0.0056363
0.0056134
0.005518
0.0053745
0.0052019
0.0050151
0.0048356
0.0046903
0.0046005
0.0045824
0.0046518
0.0048113
0.0050287
0.0052465
0.0054162
0.0055171
0.005551
0.0055327
0.0054748
0.0053703
0.005201
0.0049639
0.0046854
0.0044159
0.0042193
0.0041561
0.0042543
0.0044886
0.0047943
0.0051064
0.0053841
0.0056082
0.0057704
0.0058605
0.005854
0.0057226
0.0054693
0.005145
0.0048249
0.0045672
0.0043886
0.0042797
0.0042362
0.0042633
0.0043484
0.0044439
0.0044909
0.0044609
0.0043664
0.0042407
0.0041167
0.0040136
0.0039307
0.0038583
0.0038012
0.0037807
0.0038103
0.0038789
0.0039613
0.0040389
0.0041029
0.0041453
0.0041583
0.0041404
0.0041034
0.0040783
0.0041015
0.0041837
0.0042976
0.0043983
0.004453
0.0044587
0.0044454
0.0044546
0.0045013
0.0045519
0.0045513
0.0044746
0.0043396
0.0041801
0.0040291
0.0039172
0.0038546
0.0038155
0.0037592
0.0036693
0.0035634
0.0034726
0.0034229
0.0034281
0.0034779
0.0035316
0.0035433
0.0034993
0.0034211
0.0033406
0.0032823
0.0032643
0.003289
0.0033231
0.003319
0.0032669
0.0031983
0.0031467
0.0031287
0.0031414
0.003158
0.0031344
0.0030418
0.0029043
0.0027829
0.0027132
0.0026804
0.0026503
0.0026039
0.0025485
0.002506
0.0024883
0.002491
0.0025045
0.0025179
0.0025177
0.0025003
0.0024771
0.0024615
0.0024561
0.0024552
0.0024529
0.0024453
0.0024315
0.0024194
0.0024232
0.0024489
0.0024913
0.0025405
0.0025806
0.0025927
0.0025712
0.0025305
0.0024894
0.0024537
0.0024178
0.002372
0.002307
0.0022213
0.0021313
0.0020615
0.0020227
0.0020078
0.0020095
0.0020263
0.0020586
0.0021091
0.0021827
0.0022766
0.0023777
0.0024697
0.0025398
0.0025768
0.002573
0.0025327
0.0024724
0.0024085
0.0023511
0.0023058
0.0022715
0.0022431
0.002224
0.002227
0.0022594
0.0023147
0.0023775
0.0024313
0.0024626
0.0024671
0.0024561
0.0024493
0.0024591
0.0024886
0.0025411
0.0026212
0.00273
0.0028679
0.003033
0.0032162
0.0034053
0.0035947
0.0037851
0.003974
0.0041533
0.0043201
0.0044796
0.0046357
0.0047876
0.0049313
0.0050521
0.0051251
0.0051348
0.0050882
0.0050035
0.0048942
0.0047641
0.0046142
0.0044489
0.0042829
0.0041455
0.0040685
0.0040628
0.0041121
0.0041853
0.0042481
0.0042814
0.0043003
0.0043416
0.0044279
0.0045546
0.0046976
0.004818
0.0048755
0.0048589
0.0048038
0.0047573
0.0047238
0.0046607
0.0045248
0.0043047
0.0040235
0.0037316
0.0034841
0.0033042
0.0031736
0.0030617
0.002956
0.0028667
0.0028103
0.0027931
0.0028082
0.0028444
0.0028996
0.0029819
0.0030864
0.003185
0.0032493
0.0032708
0.0032578
0.0032248
0.0031838
0.0031378
0.0030774
0.0029883
0.0028711
0.0027473
0.0026469
0.0025918
0.0025832
0.0025977
0.0026065
0.0026027
0.0026032
0.0026258
0.0026783
0.0027632
0.0028778
0.0030103
0.003146
0.0032754
0.0033964
0.0035117
0.0036285
0.0037567
0.0038952
0.0040232
0.004114
0.0041515
0.0041388
0.0041042
0.004086
0.0040933
0.0040845
0.0040026
0.0038402
0.0036594
0.0035335
0.0034738
0.0034273
0.003335
0.0031713
0.0029525
0.0027302
0.0025576
0.0024437
0.0023415
0.0021935
0.0019956
0.0018032
0.0016708
0.0016116
0.0016114
0.0016619
0.0017751
0.0019635
0.0022177
0.0025137
0.0028316
0.0031568
0.0034672
0.0037303
0.0039168
0.0040132
0.0040218
0.003962
0.0038645
0.003752
0.003629
0.0034921
0.003347
0.0032143
0.0031202
0.0030769
0.0030721
0.0030806
0.0030831
0.0030729
0.0030498
0.0030155
0.0029759
0.0029384
0.0029028
0.0028613
0.0028056
0.0027264
0.0026176
0.0024898
0.0023699
0.0022803
0.0022274
0.0022044
0.0021968
0.0021868
0.0021651
0.0021434
0.0021423
0.0021674
0.0022075
0.0022503
0.0022875
0.002318
0.0023535
0.0024067
0.0024722
0.0025293
0.0025597
0.0025583
0.0025297
0.0024838
0.0024346
0.0023929
0.0023576
0.0023244
0.0022947
0.0022673
0.002235
0.0021953
0.0021536
0.0021143
0.0020774
0.0020438
0.0020181
0.0020069
0.0020182
0.0020608
0.0021382
0.0022389
0.0023453
0.0024479
0.0025404
0.0026098
0.0026428
0.0026349
0.0025881
0.0025085
0.0024091
0.0023073
0.0022139
0.0021289
0.0020532
0.0019973
0.0019721
0.0019821
0.0020249
0.0020884
0.0021521
0.0022014
0.0022333
0.0022495
0.0022525
0.0022472
0.0022384
0.0022248
0.0022008
0.0021672
0.0021325
0.0021046
0.0020893
0.0020908
0.0021044
0.0021142
0.0021073
0.0020818
0.0020421
0.0019965
0.0019555
0.0019243
0.0018981
0.0018714
0.0018498
0.0018453
0.0018621
0.0018967
0.0019445
0.001995
0.002032
0.002047
0.0020443
0.0020301
0.0020078
0.0019816
0.0019569
0.0019351
0.0019168
0.0019107
0.0019302
0.0019817
0.002065
0.0021783
0.0023104
0.0024379
0.0025403
0.0026113
0.0026506
0.0026561
0.0026276
0.0025685
0.0024793
0.0023591
0.0022186
0.0020804
0.0019622
0.0018715
0.001811
0.0017761
0.0017541
0.0017355
0.0017216
0.0017159
0.0017165
0.001719
0.0017199
0.0017139
0.0016973
0.0016762
0.0016631
0.001663
0.0016752
0.0016981
0.0017243
0.0017409
0.0017426
0.0017372
0.0017362
0.0017497
0.0017876
0.0018534
0.0019367
0.0020197
0.0020932
0.002158
0.002214
0.0022602
0.0022965
0.0023137
0.0022941
0.0022325
0.002145
0.0020536
0.0019744
0.0019174
0.001885
0.0018676
0.0018501
0.0018306
0.0018215
0.0018311
0.0018582
0.0018985
0.0019438
0.0019792
0.0019947
0.0019935
0.0019869
0.0019831
0.0019849
0.0019885
0.001982
0.0019539
0.0019078
0.0018617
0.0018314
0.0018231
0.0018366
0.0018604
0.0018743
0.0018674
0.0018486
0.0018313
0.0018198
0.0018114
0.001801
0.0017805
0.0017512
0.0017455
0.0018108
0.0019468
0.0020891
0.0021792
0.0022124
0.0022125
0.002202
0.0021944
0.0021851
0.0021432
0.0020333
0.0018638
0.0016948
0.0015793
0.0015234
0.0015064
0.001508
0.0015194
0.0015427
0.0015766
0.0016104
0.0016366
0.0016565
0.0016714
0.0016786
0.0016784
0.0016743
0.0016646
0.0016429
0.0016125
0.001587
0.0015755
0.001579
0.0015983
0.0016285
0.001656
0.0016711
0.0016761
0.001677
0.0016755
0.0016712
0.0016643
0.0016535
0.0016391
0.0016288
0.001632
0.0016495
0.0016759
0.0017086
0.0017434
0.001771
0.0017854
0.0017868
0.0017755
0.0017526
0.0017259
0.0017061
0.0016964
0.0016936
0.0017011
0.0017316
0.0017955
0.0018971
0.0020334
0.002185
0.0023173
0.0024039
0.0024429
0.0024479
0.0024316
0.0023978
0.0023403
0.0022488
0.0021221
0.0019803
0.0018573
0.0017769
0.0017424
0.0017433
0.0017602
0.001775
0.0017845
0.001798
0.0018198
0.0018434
0.0018615
0.0018695
0.0018636
0.0018438
0.0018197
0.0018056
0.0018075
0.001824
0.0018533
0.0018882
0.0019148
0.0019268
0.00193
0.0019316
0.0019333
0.001934
0.0019296
0.0019113
0.0018735
0.0018261
0.00179
0.0017779
0.0017895
0.0018176
0.0018472
0.0018615
0.0018577
0.0018486
0.0018469
0.0018549
0.0018684
0.001882
0.0018887
0.0018856
0.0018854
0.0019098
0.0019699
0.0020594
0.0021624
0.0022565
0.0023205
0.002351
0.0023607
0.0023603
0.0023474
0.0023131
0.0022515
0.0021627
0.0020565
0.0019547
0.00188
0.0018377
0.0018205
0.0018245
0.0018502
0.0018931
0.0019455
0.0019969
0.0020319
0.0020415
0.0020323
0.0020174
0.0020035
0.0019911
0.0019855
0.0019948
0.002018
0.0020518
0.0021
0.0021608
0.0022178
0.0022572
0.0022772
0.0022764
0.0022491
0.0021953
0.0021252
0.002051
0.00198
0.0019185
0.0018733
0.0018449
0.0018301
0.0018302
0.0018417
0.0018512
0.001849
0.0018361
0.0018179
0.0017995
0.0017847
0.0017745
0.001764
0.0017466
0.0017246
0.0017113
0.0017177
0.0017473
0.0017985
0.0018603
0.0019135
0.0019469
0.0019637
0.0019719
0.0019756
0.001974
0.0019636
0.0019401
0.0019021
0.0018577
0.0018209
0.0017983
0.0017884
0.001789
0.0017944
0.0017949
0.0017872
0.0017755
0.0017614
0.0017423
0.0017192
0.0016975
0.001678
0.0016566
0.0016352
0.001621
0.0016156
0.0016169
0.0016275
0.0016477
0.0016686
0.0016833
0.0016928
0.0016996
0.0017039
0.0017066
0.0017082
0.0017044
0.0016915
0.0016758
0.0016713
0.0016833
0.0017088
0.0017437
0.0017796
0.001803
0.0018099
0.0018109
0.0018214
0.0018516
0.0019076
0.0019919
0.002101
0.0022305
0.0023832
0.0025609
0.0027484
0.0029186
0.0030484
0.0031228
0.0031338
0.0030872
0.0029996
0.002885
0.0027501
0.0026036
0.0024607
0.0023333
0.0022251
0.0021383
0.0020795
0.0020588
0.002089
0.0021754
0.0023014
0.0024376
0.0025692
0.0027016
0.0028386
0.002969
0.0030737
0.0031316
0.0031237
0.0030469
0.0029233
0.0027852
0.0026513
0.0025273
0.0024209
0.0023397
0.0022815
0.0022382
0.0022038
0.0021734
0.0021439
0.0021182
0.0021029
0.0020987
0.0020993
0.0020993
0.0021005
0.0021083
0.0021293
0.0021701
0.0022264
0.002279
0.0023093
0.0023121
0.0022933
0.0022626
0.0022306
0.0022024
0.0021715
0.0021272
0.0020715
0.0020204
0.0019859
0.0019698
0.0019749
0.0020032
0.0020464
0.0020913
0.0021358
0.0021988
0.0023057
0.0024487
0.0025792
0.0026553
0.0026711
0.0026464
0.0026098
0.0025843
0.002575
0.0025592
0.0024966
0.0023781
0.0022504
0.0021647
0.0021292
0.0021221
0.0021222
0.002121
0.002119
0.0021201
0.0021343
0.0021731
0.002233
0.0022964
0.0023509
0.0023945
0.0024251
0.0024406
0.0024426
0.0024346
0.0024197
0.0023987
0.0023694
0.0023296
0.0022806
0.0022294
0.0021858
0.0021522
0.002124
0.0020981
0.0020693
0.0020295
0.0019809
0.0019368
0.0019041
0.0018786
0.0018558
0.0018362
0.0018192
0.0018018
0.0017878
0.0017888
0.0018112
0.0018499
0.0018953
0.0019344
0.0019543
0.0019542
0.0019477
0.0019474
0.0019557
0.0019683
0.0019777
0.0019757
0.0019608
0.0019487
0.0019628
0.0020117
0.0020869
0.0021795
0.0022793
0.0023686
0.0024336
0.0024776
0.002515
0.0025603
0.0026229
0.0026977
0.0027575
0.0027687
0.0027246
0.0026528
0.0025881
0.0025482
0.0025313
0.0025222
0.0025004
0.0024581
0.0024107
0.0023803
0.0023774
0.0023994
0.0024364
0.0024721
0.0024922
0.0025032
0.0025307
0.0025952
0.0026977
0.0028242
0.0029496
0.0030486
0.003115
0.0031674
0.0032258
0.0032843
0.003316
0.0032999
0.0032332
0.0031335
0.0030385
0.0029922
0.0030176
0.003098
0.0031864
0.0032409
0.0032552
0.0032624
0.003314
0.0034457
0.0036462
0.0038564
0.0040137
0.0041099
0.0042022
0.0043541
0.004568
0.0047811
0.0049175
0.0049397
0.0048616
0.0047309
0.0045934
0.0044567
0.0042903
0.0040715
0.003821
0.0035875
0.003408
0.0032875
0.0032103
0.0031607
0.0031357
0.0031465
0.0032071
0.0033109
0.0034261
0.0035178
0.003562
0.0035461
0.0034734
0.0033648
0.0032434
0.0031184
0.0029892
0.0028612
0.0027508
0.0026761
0.002652
0.0026836
0.0027536
0.0028285
0.0028849
0.0029203
0.0029379
0.0029362
0.0029117
0.0028592
0.0027737
0.0026671
0.0025729
0.0025238
0.0025262
0.002561
0.0026015
0.0026235
0.0026139
0.0025835
0.0025596
0.002559
0.0025781
0.0025993
0.0025997
0.0025697
0.0025273
0.002511
0.0025469
0.0026269
0.0027205
0.0027994
0.002845
0.0028501
0.002825
0.002791
0.0027617
0.0027396
0.002728
0.0027364
0.0027687
0.002813
0.0028519
0.0028769
0.0028892
0.0028943
0.0028954
0.002881
0.0028266
0.002717
0.0025638
0.0023988
0.0022572
0.0021677
0.0021421
0.0021669
0.0022167
0.0022768
0.0023452
0.002416
0.0024793
0.0025328
0.0025784
0.0026132
0.0026345
0.0026437
0.0026422
0.0026327
0.0026271
0.0026407
0.0026728
0.0027028
0.0027114
0.0027028
0.0027062
0.0027521
0.0028344
0.0028999
0.0028972
0.0028279
0.0027348
0.0026591
0.0026178
0.0026035
0.0025905
0.0025499
0.0024883
0.0024574
0.0024976
0.0025878
0.0026755
0.0027335
0.002764
0.0027686
0.0027438
0.0026956
0.0026382
0.0025819
0.0025322
0.0024968
0.0024825
0.0024862
0.0025023
0.0025302
0.0025652
0.002595
0.0026095
0.0026073
0.0025966
0.0025908
0.0025984
0.0026164
0.0026375
0.0026597
0.0026842
0.0027082
0.0027243
0.0027288
0.0027217
0.0027012
0.0026658
0.0026223
0.0025813
0.0025489
0.0025291
0.0025247
0.0025313
0.0025373
0.0025335
0.0025185
0.0024944
0.0024629
0.0024257
0.0023817
0.0023272
0.0022637
0.002203
0.0021571
0.0021307
0.002126
0.0021443
0.002177
0.0022079
0.0022258
0.002229
0.0022182
0.0021941
0.0021593
0.0021168
0.0020685
0.0020206
0.0019836
0.0019595
0.0019385
0.0019146
0.0018913
0.0018732
0.0018634
0.0018646
0.0018744
0.0018818
0.0018763
0.0018613
0.0018516
0.0018581
0.0018824
0.0019205
0.0019587
0.0019777
0.0019705
0.0019482
0.0019251
0.0019074
0.0018931
0.0018759
0.0018469
0.001801
0.0017465
0.0017009
0.0016754
0.0016704
0.0016811
0.0016972
0.0017061
0.0017046
0.0017
0.0016988
0.0017035
0.0017142
0.0017272
0.0017321
0.0017194
0.0016951
0.0016787
0.0016837
0.0017114
0.0017578
0.0018138
0.0018662
0.0019093
0.0019511
0.002001
0.0020583
0.002111
0.0021429
0.0021464
0.0021287
0.0021097
0.0021085
0.0021306
0.0021724
0.0022301
0.0022961
0.0023583
0.0024077
0.00244
0.0024504
0.0024374
0.0024066
0.0023652
0.0023125
0.0022441
0.0021663
0.0020986
0.0020617
0.0020697
0.0021269
0.002221
0.002325
0.0024123
0.0024712
0.0025064
0.0025307
0.0025556
0.0025859
0.0026192
0.002653
0.0026913
0.0027405
0.0028019
0.0028716
0.0029438
0.003009
0.0030571
0.0030859
0.0030967
0.0030835
0.0030385
0.0029689
0.0028944
0.0028287
0.0027741
0.0027301
0.002693
0.0026529
0.002604
0.0025547
0.0025161
0.0024871
0.0024597
0.0024303
0.0023965
0.0023562
0.0023169
0.0022957
0.0023033
0.0023305
0.0023574
0.0023708
0.0023735
0.0023815
0.0024125
0.0024688
0.0025367
0.0026087
0.0026937
0.002798
0.0029094
0.0030094
0.0030895
0.0031479
0.0031824
0.0032008
0.003223
0.0032612
0.0033088
0.0033582
0.0034138
0.0034783
0.0035407
0.003587
0.003613
0.0036176
0.0035904
0.0035127
0.0033728
0.0031786
0.0029595
0.002755
0.0025905
0.0024663
0.00237
0.00229
0.0022228
0.002179
0.0021745
0.0022111
0.0022699
0.0023236
0.0023559
0.0023775
0.0024239
0.0025311
0.0026982
0.0028737
0.0029975
0.0030549
0.0030808
0.0031192
0.0031868
0.003261
0.0032908
0.003239
0.0031253
0.0030155
0.0029583
0.0029445
0.002932
0.0029019
0.0028729
0.0028696
0.0028936
0.0029214
0.0029189
0.0028653
0.0027706
0.0026688
0.002589
0.0025293
0.0024639
0.0023767
0.0022809
0.0022051
0.0021709
0.0021847
0.0022428
0.0023355
0.002445
0.0025471
0.0026208
0.0026577
0.0026647
0.0026606
0.0026591
0.0026573
0.0026451
0.0026225
0.0026048
0.002614
0.0026681
0.0027749
0.0029284
0.0031025
0.0032598
0.0033779
0.0034575
0.0035023
0.0035098
0.0034799
0.0034233
0.0033536
0.0032739
0.0031828
0.0030963
0.0030437
0.0030426
0.0030892
0.0031639
0.0032429
0.0033078
0.003346
0.0033555
0.0033541
0.0033721
0.0034304
0.0035276
0.0036469
0.0037704
0.0038879
0.0040064
0.0041564
0.0043668
0.0046137
0.0048165
0.0049032
0.0048622
0.0047307
0.0045628
0.0044107
0.0043036
0.0042369
0.0041929
0.004171
0.0041837
0.0042326
0.0043139
0.0044344
0.0045891
0.0047335
0.0048018
0.0047449
0.0045534
0.0042646
0.0039499
0.0036742
0.0034533
0.0032588
0.0030647
0.0028803
0.002739
0.0026692
0.002674
0.0027269
0.0027847
0.0028129
0.0028001
0.0027532
0.002691
0.002638
0.0026097
0.0025991
0.0025854
0.0025563
0.0025191
0.0024885
0.002476
0.0024909
0.0025366
0.0026037
0.002674
0.0027308
0.0027657
0.0027825
0.0027945
0.0028134
0.0028416
0.0028722
0.0028918
0.0028853
0.0028475
0.002795
0.0027588
0.0027517
0.0027556
0.0027446
0.0027072
0.0026458
0.0025744
0.0025155
0.0024852
0.0024794
0.002483
0.0024924
0.0025178
0.0025642
0.0026245
0.0026875
0.0027384
0.0027608
0.0027515
0.0027256
0.0027033
0.0027005
0.0027284
0.0027973
0.0029211
0.003104
0.0033161
0.0034991
0.0036121
0.0036602
0.0036708
0.0036577
0.003621
0.0035625
0.0034764
0.0033554
0.0032342
0.0032026
0.0033335
0.0036104
0.003952
0.0042942
0.004618
0.004912
0.0051564
0.0053481
0.0054922
0.0055665
0.0055384
0.0054124
0.0052266
0.005004
0.00474
0.0044423
0.0041478
0.0038853
0.0036587
0.0034677
0.003316
0.0032097
0.0031573
0.0031582
0.0031915
0.0032274
0.0032444
0.0032348
0.0032
0.0031404
0.0030493
0.0029182
0.0027493
0.0025686
0.0024163
0.0023186
0.002274
0.0022632
0.0022605
0.0022516
0.0022479
0.0022725
0.00233
0.0024032
0.0024773
0.0025544
0.0026425
0.0027425
0.0028523
0.0029693
0.0030874
0.0032094
0.0033624
0.0035783
0.0038588
0.0041763
0.0045087
0.0048602
0.0052432
0.0056445
0.006013
0.0062789
0.0063857
0.0063179
0.0061029
0.0057865
0.0054052
0.0049783
0.0045163
0.0040425
0.0036041
0.0032499
0.0029958
0.0028247
0.0027122
0.0026373
0.0025763
0.0025089
0.0024354
0.0023808
0.0023727
0.0024236
0.0025299
0.0026753
0.0028406
0.0030168
0.0032041
0.0034031
0.0036163
0.0038388
0.0040368
0.0041527
0.0041512
0.0040522
0.0039026
0.0037375
0.0035764
0.0034243
0.0032633
0.0030659
0.002837
0.0026238
0.0024731
0.0023965
0.0023795
0.0024014
0.0024427
0.0024937
0.0025634
0.0026757
0.0028583
0.0031389
0.0035242
0.0039602
0.0043536
0.0046544
0.0048713
0.0050133
0.0050759
0.0050665
0.0049963
0.0048539
0.0046219
0.0043216
0.004006
0.00371
0.0034543
0.0032786
0.0032119
0.0032271
0.0032599
0.0032578
0.0032095
0.0031521
0.0031453
0.0032193
0.0033431
0.0034539
0.0035099
0.0035138
0.0035037
0.0035274
0.0036123
0.0037461
0.0038883
0.003998
0.0040499
0.0040402
0.0039886
0.0039261
0.0038706
0.0038145
0.0037381
0.0036314
0.003499
0.0033572
0.0032324
0.003148
0.0031013
0.0030608
0.0029935
0.0028918
0.0027721
0.0026589
0.002575
0.0025396
0.0025623
0.0026325
0.0027221
0.0028064
0.002883
0.0029752
0.0031119
0.0032949
0.0034918
0.0036661
0.0038153
0.0039882
0.0042632
0.0046911
0.0052428
0.0058027
0.0062387
0.0064922
0.0065909
0.0065964
0.0065557
0.0064638
0.006264
0.0059068
0.0054167
0.0049004
0.0044826
0.0042236
0.0041018
0.0040526
0.0040126
0.0039562
0.0039066
0.0039061
0.0039719
0.0040858
0.004213
0.004323
0.0044042
0.0044651
0.0045147
0.0045443
0.0045337
0.0044689
0.0043522
0.0041973
0.0040213
0.0038414
0.0036721
0.0035194
0.0033862
0.0032843
0.0032289
0.0032271
0.0032791
0.003377
0.0035008
0.0036283
0.0037476
0.0038536
0.0039378
0.0039911
0.0040144
0.00402
0.0040204
0.0040179
0.0040047
0.0039685
0.0039036
0.0038242
0.0037541
0.0036981
0.0036343
0.0035332
0.003379
0.0031832
0.0029803
0.0028074
0.0026812
0.0025902
0.0025144
0.0024475
0.0023928
0.0023532
0.0023321
0.0023311
0.0023437
0.0023617
0.002386
0.0024217
0.0024643
0.0025022
0.0025317
0.0025565
0.0025747
0.0025783
0.002563
0.002529
0.0024768
0.0024119
0.0023466
0.0022923
0.0022524
0.0022227
0.0021942
0.0021579
0.0021143
0.0020771
0.0020611
0.0020659
0.002077
0.0020816
0.0020745
0.0020575
0.0020418
0.0020405
0.0020534
0.0020659
0.002064
0.002044
0.0020097
0.0019679
0.0019302
0.0019098
0.0019083
0.0019166
0.0019279
0.0019378
0.0019391
0.001929
0.0019147
0.0019034
0.001894
0.0018804
0.0018578
0.0018237
0.0017789
0.0017315
0.0016946
0.0016743
0.0016685
0.001674
0.0016838
0.0016868
0.0016798
0.0016701
0.001664
0.0016613
0.0016596
0.0016561
0.0016454
0.0016236
0.0015971
0.001581
0.001584
0.0016058
0.0016422
0.0016833
0.0017156
0.0017342
0.0017441
0.0017501
0.0017519
0.0017491
0.0017419
0.0017288
0.0017084
0.0016865
0.0016736
0.0016753
0.0016914
0.0017207
0.0017562
0.0017827
0.0017904
0.0017819
0.001764
0.0017423
0.0017213
0.001702
0.001679
0.0016468
0.0016112
0.0015864
0.0015803
0.0015912
0.0016147
0.0016418
0.0016593
0.0016623
0.0016589
0.0016585
0.0016645
0.0016756
0.0016875
0.0016923
0.0016849
0.0016713
0.0016651
0.0016723
0.0016908
0.0017173
0.0017449
0.0017653
0.0017812
0.0018079
0.0018577
0.001933
0.0020311
0.0021484
0.0022758
0.0023994
0.0025118
0.0026127
0.0026961
0.0027492
0.0027652
0.0027467
0.0027011
0.0026431
0.002605
0.0026358
0.0027706
0.0029862
0.0032132
0.0033995
0.0035381
0.0036398
0.0037072
0.003733
0.0037
0.0035821
0.0033634
0.0030766
0.0027998
0.0025927
0.0024611
0.002387
0.0023583
0.0023669
0.0023971
0.002429
0.0024525
0.0024706
0.002486
0.0024944
0.0024897
0.0024632
0.002407
0.0023262
0.0022404
0.002169
0.0021192
0.0020868
0.0020631
0.0020415
0.0020239
0.0020222
0.0020474
0.0020937
0.0021433
0.002183
0.0022042
0.0022005
0.0021762
0.0021446
0.0021167
0.0020949
0.0020789
0.0020721
0.0020804
0.0021081
0.002157
0.0022235
0.0022952
0.0023586
0.002406
0.0024302
0.0024225
0.0023848
0.0023295
0.0022667
0.0022027
0.0021494
0.0021228
0.0021286
0.0021586
0.0022061
0.0022765
0.0023767
0.0025063
0.0026584
0.0028202
0.0029768
0.0031242
0.0032719
0.0034269
0.0035797
0.0037032
0.0037634
0.0037382
0.0036408
0.0035241
0.0034473
0.0034317
0.0034588
0.003508
0.0035807
0.0036935
0.0038616
0.0040784
0.0043055
0.0044968
0.0046292
0.0047019
0.0047146
0.0046631
0.0045569
0.0044304
0.0043315
0.0042995
0.0043345
0.0043741
0.0043341
0.004194
0.0040162
0.0038776
0.0038016
0.0037492
0.0036564
0.0034844
0.0032518
0.0030262
0.0028721
0.0027976
0.0027597
0.0027102
0.0026243
0.0025051
0.0023771
0.0022651
0.0021791
0.0021199
0.0020863
0.0020683
0.0020472
0.0020117
0.0019708
0.0019425
0.0019335
0.0019395
0.001957
0.0019781
0.0019895
0.0019851
0.0019704
0.0019521
0.0019339
0.0019197
0.0019099
0.0018964
0.0018693
0.0018297
0.001789
0.001757
0.0017405
0.0017467
0.0017732
0.0018029
0.0018218
0.0018308
0.0018387
0.0018516
0.0018712
0.0018943
0.0019129
0.0019199
0.0019164
0.0019123
0.0019153
0.0019278
0.0019489
0.0019697
0.0019771
0.0019688
0.001955
0.0019457
0.0019465
0.0019628
0.0020003
0.002059
0.0021339
0.0022251
0.0023394
0.0024748
0.0026181
0.002757
0.0028835
0.0029884
0.0030624
0.0031022
0.0031108
0.0030966
0.0030722
0.0030536
0.0030561
0.0030873
0.0031476
0.0032357
0.0033449
0.0034565
0.003545
0.0035897
0.0035817
0.0035232
0.0034189
0.0032707
0.0030875
0.0028898
0.0027026
0.0025545
0.0024847
0.0025356
0.0027227
0.0030086
0.0033179
0.0035768
0.0037384
0.0037919
0.0037628
0.0036873
0.0035741
0.0033993
0.0031413
0.0028176
0.0024858
0.0022144
0.0020471
0.0019824
0.0019791
0.0019921
0.0020009
0.0020016
0.0019913
0.0019713
0.0019487
0.0019278
0.0019066
0.0018839
0.0018624
0.0018414
0.0018157
0.0017858
0.0017612
0.0017486
0.001749
0.0017623
0.0017831
0.0017989
0.0018018
0.0017944
0.0017828
0.0017705
0.001759
0.0017474
0.0017299
0.0017001
0.0016625
0.001632
0.0016193
0.0016264
0.0016527
0.0016945
0.001742
0.0017873
0.0018299
0.0018695
0.0019022
0.0019243
0.0019352
0.0019334
0.0019161
0.0018859
0.0018518
0.0018222
0.0018022
0.0017956
0.0017995
0.0018029
0.0018001
0.0017952
0.0017943
0.0017997
0.0018099
0.0018181
0.0018143
0.0017951
0.0017735
0.0017699
0.0017931
0.0018376
0.0018943
0.0019507
0.0019948
0.0020287
0.0020691
0.002127
0.002197
0.0022641
0.0023142
0.0023384
0.0023367
0.0023199
0.0023036
0.0022919
0.0022786
0.0022623
0.0022446
0.0022234
0.0022016
0.0021922
0.0022087
0.0022567
0.0023335
0.0024313
0.0025383
0.0026421
0.0027427
0.0028524
0.0029794
0.0031169
0.0032498
0.0033605
0.0034355
0.0034733
0.0034786
0.0034504
0.0033862
0.0032917
0.0031781
0.0030527
0.0029186
0.0027826
0.0026549
0.0025407
0.0024441
0.002372
0.0023223
0.0022786
0.0022286
0.0021751
0.0021248
0.0020772
0.002029
0.0019793
0.0019285
0.0018775
0.001832
0.0017998
0.0017815
0.0017725
0.0017704
0.0017721
0.0017721
0.0017712
0.0017802
0.0018109
0.0018682
0.0019481
0.002038
0.0021235
0.0022002
0.002279
0.0023729
0.0024796
0.0025831
0.002666
0.0027144
0.0027191
0.0026831
0.0026176
0.0025302
0.002425
0.0023113
0.0022034
0.0021112
0.0020368
0.0019823
0.0019543
0.0019571
0.0019904
0.0020496
0.0021189
0.0021742
0.0022003
0.0021975
0.0021721
0.0021295
0.0020752
0.002014
0.0019479
0.0018795
0.0018181
0.0017768
0.0017609
0.0017702
0.0018048
0.0018597
0.0019214
0.0019791
0.0020295
0.002071
0.0021019
0.0021224
0.002131
0.0021211
0.00209
0.00205
0.0020229
0.0020211
0.0020432
0.0020836
0.0021351
0.0021891
0.0022424
0.0022968
0.0023466
0.0023775
0.0023809
0.0023646
0.0023517
0.0023722
0.0024472
0.0025725
0.0027179
0.0028537
0.0029772
0.0031069
0.0032634
0.0034544
0.0036606
0.0038398
0.0039612
0.0040289
0.0040672
0.0040906
0.0040904
0.0040447
0.0039333
0.0037516
0.003522
0.0032821
0.0030533
0.0028365
0.0026383
0.0024775
0.0023683
0.0023161
0.002321
0.0023712
0.002438
0.0024893
0.0025102
0.0025064
0.0024907
0.0024724
0.0024548
0.0024312
0.0023914
0.0023415
0.0023026
0.0022863
0.0022864
0.0022919
0.0022967
0.002301
0.0023103
0.0023312
0.0023624
0.0023867
0.0023853
0.0023582
0.0023196
0.0022795
0.0022394
0.0021957
0.0021452
0.0020925
0.0020517
0.0020356
0.0020484
0.0020915
0.0021774
0.002329
0.0025623
0.0028603
0.00316
0.0033841
0.0035099
0.003583
0.0036551
0.0037341
0.0037865
0.0037597
0.0036186
0.0033875
0.003155
0.0030171
0.0030009
0.0030582
0.0031315
0.0031989
0.0032664
0.003353
0.0034737
0.0036204
0.003767
0.003895
0.0040041
0.0040953
0.0041548
0.0041655
0.0041267
0.0040529
0.0039598
0.0038623
0.0037793
0.0037213
0.0036838
0.0036699
0.0037041
0.0037997
0.0039266
0.0040296
0.0040745
0.0040603
0.003996
0.0038852
0.0037297
0.0035275
0.0032768
0.002995
0.0027239
0.002507
0.0023628
0.0022814
0.0022468
0.0022565
0.0023185
0.0024359
0.0025984
0.002785
0.0029785
0.0031734
0.0033676
0.0035647
0.0037818
0.0040255
0.0042529
0.0043829
0.0043602
0.0042012
0.0039712
0.0037317
0.0035115
0.0033034
0.0030758
0.0028022
0.0024988
0.0022266
0.0020463
0.0019706
0.0019607
0.001966
0.0019626
0.0019556
0.0019597
0.0019893
0.0020592
0.0021801
0.0023509
0.0025611
0.0028
0.0030551
0.0033036
0.0035185
0.0036806
0.0037813
0.0038238
0.0038243
0.0037987
0.0037473
0.0036632
0.0035492
0.0034174
0.0032778
0.0031359
0.0029997
0.0028735
0.0027477
0.0026096
0.0024638
0.0023259
0.0022073
0.0021157
0.0020556
0.0020211
0.001998
0.0019768
0.0019571
0.0019391
0.0019169
0.0018878
0.0018564
0.0018264
0.0018014
0.0017892
0.0017922
0.0018002
0.0018019
0.0017958
0.0017864
0.0017783
0.0017739
0.001771
0.0017605
0.0017338
0.0016936
0.0016541
0.0016272
0.0016183
0.0016283
0.0016489
0.0016646
0.0016686
0.0016678
0.0016706
0.0016792
0.001692
0.0017042
0.0017064
0.0016915
0.0016658
0.0016452
0.0016385
0.0016445
0.0016602
0.0016776
0.0016847
0.001678
0.0016662
0.0016577
0.0016543
0.0016554
0.0016611
0.0016693
0.0016775
0.0016912
0.0017209
0.0017679
0.0018243
0.0018824
0.001934
0.0019674
0.0019774
0.0019708
0.0019559
0.0019351
0.0019083
0.0018774
0.0018432
0.001805
0.0017675
0.0017414
0.0017333
0.0017426
0.0017689
0.0018088
0.0018517
0.0018873
0.0019136
0.0019335
0.0019486
0.0019594
0.0019642
0.0019567
0.0019301
0.001889
0.0018474
0.0018153
0.0017958
0.0017896
0.0017918
0.0017908
0.0017808
0.0017659
0.0017504
0.0017334
0.001714
0.0016933
0.0016691
0.0016374
0.0016024
0.0015761
0.0015661
0.0015735
0.0015979
0.0016314
0.0016595
0.0016771
0.0016925
0.0017148
0.0017457
0.0017801
0.0018088
0.0018196
0.001808
0.0017882
0.0017825
0.0017994
0.0018323
0.0018734
0.0019157
0.0019521
0.0019844
0.0020235
0.0020746
0.0021319
0.0021865
0.0022323
0.0022631
0.0022726
0.0022623
0.0022406
0.0022143
0.0021872
0.0021629
0.0021363
0.0020941
0.0020322
0.0019618
0.0018972
0.0018462
0.0018113
0.0017895
0.0017707
0.0017453
0.0017178
0.0017032
0.0017091
0.0017328
0.0017684
0.0018071
0.0018362
0.00185
0.0018536
0.0018528
0.0018487
0.0018408
0.0018295
0.0018129
0.0017898
0.0017669
0.0017564
0.0017638
0.0017861
0.0018185
0.0018515
0.0018722
0.0018766
0.0018729
0.0018687
0.0018645
0.001858
0.0018481
0.0018321
0.001808
0.0017815
0.0017642
0.0017609
0.0017681
0.0017806
0.0017907
0.0017882
0.0017711
0.0017472
0.0017238
0.0017036
0.0016873
0.0016728
0.0016533
0.001623
0.0015885
0.0015641
0.0015567
0.0015649
0.0015862
0.0016126
0.0016302
0.0016337
0.001631
0.0016317
0.0016404
0.0016566
0.0016753
0.001686
0.0016824
0.0016718
0.0016692
0.0016812
0.0017054
0.0017369
0.0017657
0.0017788
0.001774
0.0017622
0.0017518
0.0017427
0.0017328
0.0017206
0.0017011
0.0016698
0.0016329
0.0016043
0.0015925
0.001599
0.0016241
0.0016618
0.0016994
0.0017312
0.0017632
0.0018005
0.0018413
0.0018809
0.0019131
0.0019299
0.0019268
0.0019132
0.0019076
0.0019206
0.0019521
0.0019995
0.0020551
0.0021049
0.0021405
0.0021645
0.0021817
0.0021912
0.0021898
0.0021758
0.0021485
0.0021091
0.002068
0.0020438
0.0020495
0.002089
0.0021618
0.0022635
0.002388
0.0025372
0.0027208
0.002945
0.0032071
0.0034995
0.0038086
0.0041105
0.0043764
0.0045923
0.0047648
0.0049063
0.0050211
0.0050993
0.0051127
0.0050281
0.0048375
0.0045674
0.00426
0.0039573
0.0036882
0.0034558
0.00324
0.0030226
0.0028105
0.0026291
0.0024964
0.0024162
0.0023827
0.0023728
0.0023485
0.0022857
0.0021889
0.0020793
0.0019786
0.0019003
0.0018444
0.0017984
0.0017496
0.0016989
0.0016566
0.0016287
0.0016162
0.0016194
0.0016312
0.0016373
0.0016325
0.0016252
0.0016232
0.001625
0.0016259
0.0016221
0.0016089
0.0015834
0.0015535
0.0015343
0.0015324
0.0015455
0.0015697
0.0015978
0.0016182
0.0016265
0.0016288
0.0016306
0.0016322
0.0016328
0.0016314
0.0016232
0.0016029
0.0015757
0.0015543
0.0015449
0.0015467
0.0015606
0.0015916
0.0016502
0.0017573
0.0019293
0.0021548
0.0023996
0.0026356
0.0028565
0.0030689
0.0032769
0.0034751
0.0036449
0.0037576
0.0037983
0.0037837
0.0037439
0.0036962
0.0036418
0.003577
0.0034999
0.0034167
0.0033423
0.0032878
0.0032509
0.0032233
0.0032048
0.0032027
0.0032173
0.0032386
0.0032524
0.0032413
0.0031897
0.0030984
0.0029845
0.0028655
0.0027523
0.0026518
0.0025663
0.0024923
0.0024265
0.0023734
0.0023398
0.0023238
0.002317
0.0023121
0.002297
0.002256
0.0021879
0.0021098
0.0020395
0.0019832
0.0019398
0.0019049
0.0018697
0.0018271
0.0017827
0.0017504
0.0017362
0.0017361
0.001746
0.0017595
0.0017666
0.0017652
0.0017637
0.0017684
0.0017761
0.0017807
0.0017777
0.0017621
0.0017315
0.001695
0.0016683
0.0016569
0.0016564
0.0016624
0.0016699
0.0016702
0.0016608
0.0016485
0.0016387
0.0016312
0.0016248
0.0016192
0.0016122
0.0016013
0.0015913
0.0015931
0.0016118
0.0016455
0.001691
0.0017397
0.0017768
0.0017945
0.0017972
0.0017929
0.0017861
0.001779
0.0017697
0.0017512
0.0017185
0.0016788
0.0016478
0.0016345
0.0016384
0.001656
0.0016793
0.0016961
0.001701
0.0017007
0.0017044
0.0017159
0.0017345
0.0017542
0.0017646
0.0017578
0.001739
0.001723
0.0017199
0.0017306
0.0017502
0.001766
0.0017633
0.0017412
0.0017135
0.0016928
0.0016814
0.001676
0.0016713
0.0016595
0.0016368
0.0016109
0.0015954
0.0015957
0.0016102
0.0016377
0.0016717
0.0016978
0.0017087
0.0017095
0.0017087
0.0017105
0.001717
0.001727
0.001734
0.0017321
0.0017264
0.0017304
0.0017501
0.0017833
0.0018261
0.0018699
0.0019025
0.0019194
0.0019259
0.0019258
0.0019188
0.0019077
0.0018998
0.0018991
0.0019069
0.001929
0.0019728
0.0020371
0.0021145
0.0021978
0.0022756
0.002331
0.0023548
0.00235
0.0023216
0.0022709
0.0022015
0.0021202
0.0020322
0.0019415
0.0018583
0.0017963
0.0017604
0.0017467
0.0017493
0.0017604
0.001768
0.0017657
0.0017568
0.0017462
0.0017352
0.0017237
0.0017114
0.0016944
0.0016686
0.0016389
0.0016181
0.001614
0.0016266
0.0016525
0.0016823
0.0017016
0.0017056
0.0017041
0.0017083
0.0017211
0.001739
0.0017563
0.0017651
0.0017608
0.0017525
0.0017559
0.0017748
0.0018008
0.0018256
0.0018412
0.0018375
0.0018134
0.0017799
0.001749
0.0017259
0.0017109
0.0017017
0.0016924
0.001678
0.001664
0.0016632
0.0016817
0.001715
0.0017545
0.001788
0.0018025
0.0017959
0.0017779
0.0017583
0.0017416
0.0017303
0.0017242
0.001716
0.0016977
0.0016719
0.001652
0.0016481
0.0016632
0.0016962
0.0017376
0.0017707
0.0017877
0.0017944
0.0017992
0.0018044
0.0018084
0.0018067
0.0017926
0.0017624
0.0017243
0.0016933
0.0016766
0.0016734
0.0016829
0.0017011
0.0017186
0.00173
0.0017382
0.0017461
0.0017541
0.001762
0.0017684
0.0017669
0.0017517
0.0017278
0.001709
0.001704
0.0017137
0.0017356
0.0017614
0.0017775
0.0017789
0.0017727
0.0017674
0.0017656
0.0017663
0.0017662
0.0017585
0.0017369
0.001705
0.0016761
0.0016608
0.001664
0.0016865
0.0017199
0.0017474
0.0017618
0.0017709
0.0017845
0.0018057
0.0018313
0.0018524
0.0018555
0.0018316
0.0017896
0.0017507
0.0017283
0.0017233
0.0017331
0.0017494
0.0017594
0.0017597
0.0017596
0.0017674
0.0017813
0.0017959
0.0018059
0.0018037
0.0017834
0.0017512
0.0017239
0.0017133
0.0017216
0.0017459
0.0017758
0.0017947
0.0017945
0.0017827
0.0017691
0.0017565
0.0017425
0.0017227
0.001691
0.0016453
0.0015968
0.0015637
0.0015541
0.0015639
0.0015873
0.0016159
0.001637
0.0016453
0.0016471
0.0016498
0.0016539
0.0016561
0.0016529
0.0016387
0.0016094
0.0015726
0.0015454
0.0015383
0.0015501
0.0015754
0.001605
0.0016264
0.0016368
0.0016449
0.0016596
0.0016817
0.001707
0.0017294
0.0017409
0.0017363
0.0017216
0.0017095
0.0017063
0.0017134
0.0017331
0.0017618
0.0017873
0.0018033
0.0018156
0.0018312
0.0018502
0.0018707
0.0018899
0.0018993
0.0018882
0.001858
0.0018228
0.0017932
0.0017722
0.0017606
0.0017547
0.0017458
0.0017322
0.0017227
0.001726
0.0017431
0.0017701
0.0018013
0.0018275
0.0018392
0.0018378
0.0018349
0.001838
0.001847
0.0018596
0.0018695
0.0018667
0.0018491
0.0018267
0.0018108
0.0018073
0.0018169
0.001836
0.0018556
0.001869
0.0018811
0.0019047
0.0019436
0.0019903
0.0020347
0.0020637
0.0020648
0.0020468
0.0020517
0.0021383
0.0023505
0.0026899
0.0031092
0.0035344
0.0039039
0.0041942
0.0044121
0.0045659
0.0046482
0.0046365
0.0045008
0.0042293
0.0038567
0.0034561
0.0030971
0.002818
0.0026256
0.0025011
0.0024083
0.0023117
0.0021999
0.002087
0.0019912
0.0019203
0.0018742
0.0018444
0.0018176
0.001789
0.0017642
0.0017482
0.0017402
0.0017366
0.0017331
0.0017236
0.0017042
0.0016808
0.0016658
0.001667
0.001685
0.0017176
0.0017569
0.0017906
0.0018135
0.0018294
0.0018417
0.0018488
0.0018475
0.0018348
0.0018146
0.0018107
0.0018563
0.0019505
0.0020449
0.0020998
0.0021215
0.0021313
0.0021367
0.0021393
0.0021369
0.0021074
0.002021
0.001888
0.0017627
0.0016826
0.0016378
0.0016077
0.0015889
0.0015838
0.0015923
0.0016166
0.0016545
0.0016956
0.0017327
0.0017689
0.001809
0.0018521
0.0018952
0.0019376
0.0019783
0.0020225
0.0020964
0.0022372
0.0024532
0.0027134
0.0029839
0.0032471
0.0034836
0.0036739
0.0038126
0.0039001
0.0039255
0.0038735
0.0037521
0.003602
0.0034721
0.0033977
0.0032911
0.0032122
0.0031708
0.0031659
