0.002930609
0.002706529
0.002663725
0.002653518
0.003467225
0.002838691
0.002248066
0.002264221
0.002351793
0.002270477
0.002182771
0.002153274
0.002007028
0.00184739
0.001758333
0.001662899
0.001640016
0.001648306
0.001565548
0.002375688
0.001775462
0.001307414
0.001595852
0.00185285
0.001940918
0.00206563
0.002085838
0.002068136
0.00213982
0.00208022
0.002159499
0.00233959
0.002587417
0.003046562
0.004160505
0.00376687
0.003279889
0.00379096
0.004563535
0.004276079
0.004435062
0.004389205
0.004124405
0.004261702
0.004361535
0.004248401
0.004295463
0.004213424
0.004055053
0.004408319
0.00381585
0.003482986
0.003906208
0.00497376
0.006627082
0.007632695
0.007764836
0.007552308
0.007622193
0.007547709
0.008906999
0.010134778
0.010421585
0.00773474
0.007888106
0.009028997
0.008009697
0.006979428
0.005725804
0.004993119
0.004409549
0.004076786
0.00370998
0.003381151
0.003271724
0.003007367
0.003065883
0.002842926
0.002517667
0.003133755
0.00231399
0.001700441
0.002023304
0.002483662
0.002652969
0.002993742
0.003133477
0.003297159
0.003217329
0.00312317
0.003139252
0.003341997
0.003363922
0.003161492
0.003671511
0.002857731
0.002600525
0.00291373
0.003406623
0.003517899
0.003684672
0.003693998
0.003833144
0.004029365
0.004423439
0.004810034
0.005220398
0.005213448
0.005203157
0.005755245
0.005323999
0.004811504
0.004773706
0.004537033
0.004350394
0.004021723
0.003713476
0.003538651
0.003329742
0.002920997
0.002614784
0.002359418
0.002215096
0.002139368
0.003078955
0.002614226
0.002513092
0.002725822
0.003125338
0.003248328
0.003386262
0.003186001
0.003065914
0.003018369
0.002751197
0.00267738
0.002629428
0.002422513
0.002096726
0.002591505
0.001729461
0.001281322
0.00142063
0.001594827
0.0017366
0.0019706
0.001930557
0.001842526
0.001917079
0.001767852
0.001736631
0.00168781
0.001669712
0.001664543
0.002430719
0.001988891
0.001793937
0.002199879
0.002597058
0.002821059
0.00316456
0.003287787
0.003574135
0.003901877
0.004072368
0.004061371
0.004121142
0.004035964
0.003950236
0.00457409
0.004025813
0.003704934
0.003767219
0.003816864
0.003750378
0.003681936
0.003401243
0.003274549
0.003323323
0.003142636
0.002986998
0.002764882
0.002355806
0.001940878
0.002409626
0.001530632
0.001209632
0.001688865
0.002171297
0.002455019
0.00270605
0.002830393
0.002991565
0.003123296
0.003061598
0.003070055
0.003131379
0.003167605
0.003124951
0.003838732
0.003353634
0.003156483
0.003456236
0.003893358
0.004201341
0.004461386
0.00451158
0.004538693
0.004617762
0.004554729
0.004405498
0.00416583
0.003769768
0.003548383
0.004084237
0.00367411
0.003748258
0.004326617
0.00473907
0.00490945
0.004808361
0.004211157
0.003572037
0.003308592
0.00345917
0.003335262
0.003174898
0.003030489
0.00303971
0.003916117
0.003419539
0.003136773
0.003325443
0.003537886
0.003460164
0.003326044
0.003093746
0.003185694
0.003267584
0.003278816
0.003143518
0.00316256
0.003106692
0.002911833
0.003441867
0.002771081
0.002193452
0.002423237
0.002926122
0.003023195
0.002943064
0.003023729
0.002910339
0.002734975
0.003020805
0.003261073
0.003582608
0.003640425
0.003646844
0.004310201
0.003912183
0.003865538
0.004218032
0.004637934
0.004792664
0.004937746
0.004901138
0.004966251
0.004785833
0.004365505
0.003892758
0.003552237
0.003218813
0.002570326
0.003015701
0.002108523
0.001425197
0.001631033
0.001949075
0.002383788
0.002891623
0.003276807
0.003756519
0.004406638
0.004628716
0.004854901
0.004944458
0.004733012
0.004547303
0.00478442
0.003954377
0.003501203
0.003673598
0.003832946
0.004124232
0.004350369
0.004286598
0.004338425
0.004585415
0.00477553
0.004599627
0.004421387
0.004314476
0.00493708
0.005740323
0.00543455
0.004903761
0.004373404
0.003692393
0.003317437
0.003469599
0.003683152
0.003958802
0.004084756
0.004059491
0.004210311
0.004284951
0.003784757
0.002839172
0.002997904
0.002449578
0.002810992
0.003512025
0.003391027
0.003215245
0.003381458
0.003585224
0.003970994
0.004414279
0.00464008
0.00487991
0.005241342
0.005586169
0.005850058
0.00654747
0.006158143
0.006138066
0.006610714
0.006939045
0.007213363
0.007431792
0.007387257
0.007263861
0.007247402
0.007192111
0.007202043
0.007219885
0.007289553
0.007242078
0.007892903
0.007546893
0.007387549
0.007314559
0.007254654
0.006857172
0.006652736
0.006532747
0.006668159
0.006904991
0.00701072
0.006923821
0.006357311
0.005721544
0.004634849
0.003965652
0.003155827
0.002920883
0.003221903
0.003905203
0.004589137
0.005752038
0.006123392
0.006288784
0.007558989
0.008180241
0.006706068
0.005939886
0.005373467
0.005125482
0.005853441
0.004869246
0.00564283
0.007492416
0.006594847
0.005779741
0.005576012
0.006892283
0.005779772
0.005085454
0.004883323
0.004246372
0.003317577
0.002511866
0.002238611
0.002896334
0.002164233
0.002249999
0.003036737
0.003613527
0.003962236
0.004506428
0.00348233
0.002985116
0.003037186
0.005357947
0.003437346
0.002744376
0.002629443
0.002504858
0.002947998
0.002114598
0.001733891
0.001836154
0.001911859
0.002036661
0.002077015
0.001956074
0.002015581
0.001898389
0.002047979
0.002011497
0.001999267
0.002058656
0.001949001
0.002517346
0.001970317
0.001577885
0.001551177
0.001693522
0.001786769
0.001696668
0.001637612
0.001716133
0.001855094
0.001800597
0.001979547
0.00186616
0.001761356
0.001779259
0.002449361
0.001913549
0.001581746
0.001444202
0.001573126
0.001753206
0.002019082
0.001781071
0.001899773
0.00184336
0.002054883
0.002094208
0.002084844
0.001824955
0.0018226
0.002446522
0.001863033
0.001556039
0.001923555
0.002025274
0.00219594
0.002146566
0.002248171
0.00229204
0.002435852
0.003112278
0.003903269
0.004399186
0.004646172
0.005043209
0.005729837
0.005113895
0.004654907
0.004829887
0.004078281
0.004072745
0.004202726
0.003892953
0.0038613
0.004010958
0.003412983
0.003052076
0.002477073
0.002398752
0.002368711
0.003030742
0.002522728
0.001939186
0.002121922
0.002112454
0.002298577
0.002285642
0.002332896
0.002307558
0.002247267
0.002190846
0.00222944
0.002399875
0.002401735
0.00237496
0.002931794
0.002259754
0.001908375
0.002060118
0.002106113
0.002143371
0.002239698
0.00214047
0.00211639
0.002119231
0.002163397
0.002108696
0.001936763
0.002051465
0.002098126
0.0029726
0.002393113
0.001953079
0.001983763
0.002063557
0.002150096
0.002219327
0.002227745
0.002197468
0.002150228
0.002141047
0.002116308
0.00210676
0.002125541
0.002015046
0.002623819
0.001975927
0.001622587
0.001813621
0.001769353
0.001888683
0.001935449
0.001883491
0.001940974
0.001969674
0.001907363
0.001866666
0.001934943
0.001997136
0.001951724
0.002522597
0.001994601
0.001649088
0.001646871
0.001862798
0.001958316
0.001954742
0.001997795
0.00192491
0.001956561
0.001845095
0.001792385
0.001648445
0.001745163
0.001684089
0.002407313
0.00191512
0.001644243
0.001847831
0.00187415
0.001976281
0.001991414
0.001955125
0.002022342
0.002007548
0.001893552
0.00191335
0.001778242
0.001721712
0.001640774
0.002253298
0.001586046
0.001065258
0.001395003
0.001447389
0.001553822
0.001729413
0.001585899
0.001668202
0.001666551
0.001668291
0.001646104
0.0016771
0.001714886
0.001579935
0.002257686
0.001664165
0.001271588
0.00126051
0.001303577
0.001463183
0.001557552
0.001655328
0.001793586
0.001720361
0.001814092
0.001907132
0.001975419
0.001944249
0.001873961
0.002517886
0.001858793
0.00158444
0.001786582
0.001847456
0.001845826
0.001801439
0.001871394
0.001951876
0.002078135
0.002137286
0.001983848
0.001908669
0.001837155
0.001635286
0.002346686
0.001645948
0.001205606
0.001456511
0.001581823
0.001685628
0.001627624
0.001548653
0.00155659
0.001532185
0.001536284
0.001476967
0.001567025
0.001515576
0.00147612
0.002242089
0.00156514
0.001156069
0.001201237
0.001437688
0.001551712
0.001596309
0.001557029
0.001458342
0.001530612
0.001566983
0.00158555
0.001651648
0.002120592
0.002715076
0.004131607
0.004765933
0.005162561
0.00528061
0.005896285
0.006361938
0.006344859
0.005998366
0.00580752
0.005397586
0.005400345
0.006001262
0.006062048
0.005565511
0.005394641
0.006026401
0.004463694
0.003669887
0.003611145
0.003367763
0.002911459
0.00281425
0.002816343
0.003048843
0.003268579
0.003438706
0.003151412
0.003166422
0.003226735
0.003181932
0.00378482
0.003117476
0.002797283
0.003105361
0.003175256
0.003262017
0.003354693
0.003346569
0.003309589
0.003526257
0.003828933
0.003887967
0.004393362
0.00446736
0.004699786
0.005305531
0.004924526
0.004684684
0.005397839
0.005946184
0.006319429
0.00633456
0.006358496
0.006220385
0.006442928
0.006572507
0.006445008
0.006207573
0.005950286
0.006029285
0.006274242
0.005580673
0.004612704
0.003943956
0.003125959
0.002580016
0.002542823
0.002322015
0.002139908
0.002114576
0.002070651
0.002061853
0.002008412
0.003612856
0.002713303
0.002912602
0.00288057
0.002894043
0.003712356
0.004300425
0.004530828
0.004724932
0.004635932
0.004702502
0.004530837
0.004288795
0.004456842
0.004675194
0.004751992
0.004742874
0.005552323
0.004976977
0.004171359
0.004088345
0.003724409
0.003482003
0.003418627
0.003403289
0.003340976
0.003403565
0.003431349
0.003375788
0.00341777
0.003756035
0.003850563
0.004549876
0.003630965
0.002647058
0.002275826
0.002117125
0.002166894
0.002365373
0.002292304
0.00222399
0.002229057
0.002204997
0.002026644
0.002138031
0.002389314
0.002666981
0.003870768
0.00362041
0.003560384
0.003804809
0.00385953
0.003763965
0.004110244
0.004317319
0.004288498
0.003956844
0.003363496
0.003318593
0.003918185
0.004299791
0.004552321
0.00536004
0.004566113
0.003742605
0.003216509
0.002817144
0.002566172
0.002537795
0.002495408
0.002246738
0.002284208
0.002512003
0.002734542
0.003342535
0.003630579
0.003414578
0.003734083
0.003053997
0.002396345
0.002311713
0.002501588
0.002700099
0.00276776
0.002859256
0.003011244
0.003349276
0.00350482
0.003624118
0.003860446
0.003868876
0.003638783
0.004098282
0.003264187
0.00288405
0.003031788
0.003342481
0.003607524
0.00380946
0.003660414
0.003559447
0.003592625
0.003621307
0.003838551
0.004350513
0.004704162
0.004750703
0.005469505
0.005057977
0.004626627
0.004465386
0.004249561
0.003821216
0.003394448
0.002990053
0.002470102
0.002289878
0.00225599
0.00235267
0.002635603
0.002948344
0.003170936
0.003813639
0.003443828
0.003101669
0.003370663
0.003404019
0.003534331
0.003618962
0.003646098
0.003493061
0.003655015
0.003739367
0.003667237
0.003771483
0.003748423
0.003540178
0.003851083
0.003065126
0.002289151
0.002380599
0.002915036
0.003185918
0.003676688
0.003787765
0.003739984
0.003751764
0.003612917
0.003539677
0.003742922
0.003622596
0.003271001
0.00356402
0.002791201
0.002501471
0.002663005
0.00254065
0.00239591
0.002645303
0.003149122
0.00367197
0.004254863
0.004591771
0.004858985
0.005249335
0.005577051
0.005596205
0.00616713
0.005816227
0.005654484
0.006082433
0.006412416
0.006311594
0.006098727
0.005695507
0.005238325
0.005055616
0.004878513
0.00459522
0.004560503
0.004434276
0.004191035
0.004399362
0.003637583
0.003210217
0.003598925
0.004333014
0.004917972
0.005719615
0.00718122
0.00867288
0.008988779
0.008363793
0.007315306
0.006949516
0.007941467
0.007087196
0.007299566
0.007768682
0.008438701
0.009152563
0.008058501
0.006933004
0.006377433
0.006028085
0.005655181
0.005646774
0.005585365
0.005460002
0.005492666
0.005138425
0.004898951
0.005183854
0.004507477
0.003879514
0.003791644
0.003553012
0.003282683
0.003064537
0.002731193
0.002490325
0.002583294
0.002741088
0.00290246
0.003386397
0.003975572
0.004457777
0.005411776
0.00559221
0.00582346
0.006352535
0.006416309
0.006597262
0.006975999
0.007155979
0.007429332
0.008387732
0.009476268
0.010663949
0.011374011
0.012608873
0.013230209
0.014146838
0.01355927
0.011016412
0.010396003
0.010203507
0.010485193
0.010888273
0.011996356
0.012084723
0.012031329
0.012053092
0.011886318
0.011386978
0.012077219
0.013685777
0.015233388
0.013435314
0.011912498
0.010598339
0.008836219
0.006391388
0.004313285
0.003840018
0.00454376
0.006594383
0.008498518
0.010000199
0.011616775
0.012744927
0.013650252
0.014942951
0.015263537
0.015196126
0.015313115
0.014629934
0.013914239
0.01352204
0.012883697
0.013092068
0.013994201
0.013642072
0.010832101
0.006870102
0.007124976
0.00651588
0.005785649
0.003968056
0.003299292
0.00425216
0.005214785
0.005710445
0.006398049
0.00611254
0.005593952
0.005923187
0.006012978
0.005583082
0.005128732
0.004892543
0.005022347
0.005751277
0.0065897
0.006900904
0.007596612
0.00734517
0.006416713
0.004617544
0.003732304
0.003738307
0.00430931
0.005320096
0.005146999
0.005230966
0.005576642
0.006076031
0.007282027
0.007787051
0.008633758
0.00970179
0.011573487
0.010763337
0.009504128
0.008996681
0.008184819
0.008162131
0.007627258
0.007291156
0.006805406
0.006382258
0.005811316
0.005959633
0.005197626
0.004500319
0.004406678
0.003976321
0.003564319
0.003382194
0.003163957
0.002548197
0.002160404
0.001901391
0.002182187
0.002989849
0.003333879
0.003547388
0.004629774
0.004698602
0.004912533
0.005549688
0.005938495
0.006055401
0.006194021
0.006192901
0.00626452
0.006756526
0.006811715
0.006839947
0.006980816
0.00682454
0.006621804
0.007070026
0.006571436
0.006136441
0.006223295
0.006116678
0.006030134
0.006053787
0.005817315
0.005522662
0.005464958
0.005302583
0.005402856
0.005398125
0.005492415
0.00531857
0.005895378
0.005186896
0.00438085
0.004176581
0.004280394
0.004247389
0.004197631
0.004039787
0.003734582
0.003519458
0.003321368
0.002959354
0.002886256
0.002817867
0.002767317
0.003536177
0.003110992
0.002832384
0.003120169
0.003619801
0.003909017
0.004429648
0.004781316
0.004962762
0.005255441
0.005407544
0.00545394
0.00549802
0.005300102
0.005029471
0.005517971
0.004984445
0.004604917
0.004569598
0.0045291
0.004450585
0.004514135
0.004433157
0.004322871
0.004450062
0.004478778
0.004391754
0.004386383
0.004223819
0.003724971
0.004124756
0.003631179
0.00339456
0.003447469
0.003711696
0.004206236
0.005010909
0.005657064
0.006201358
0.006904213
0.007375566
0.007614122
0.008132369
0.008256287
0.008222217
0.008721133
0.00885136
0.009021565
0.009372123
0.009500339
0.009515314
0.009689218
0.009944691
0.009853293
0.009705976
0.009397311
0.010258279
0.008673066
0.006880045
0.005162442
0.004327459
0.002626984
0.002555261
0.004563494
0.007126243
0.009208801
0.010806438
0.011422991
0.011892197
0.012450322
0.012463285
0.012275358
0.012120785
0.012631547
0.010970285
0.010876448
0.010126154
0.009331699
0.008768747
0.008051209
0.007365512
0.006225231
0.004686023
0.003180604
0.002847567
0.003563318
0.004560721
0.006227579
0.007440523
0.008300479
0.009986262
0.010269891
0.010667407
0.01115187
0.011435269
0.011660198
0.011808885
0.012212416
0.012717449
0.012524382
0.012749618
0.013099636
0.014148988
0.013381315
0.013206284
0.012879136
0.011051938
0.009409264
0.008101409
0.00688564
0.005288629
0.003840093
0.002691112
0.003734677
0.005605918
0.007218558
0.008587988
0.009649374
0.010565094
0.011136516
0.012038515
0.011759137
0.011555412
0.0115794
0.011379779
0.010949702
0.010344117
0.009729528
0.009045852
0.008374713
0.007574959
0.006430696
0.00554462
0.004314933
0.003041859
0.003655961
0.003878168
0.00410278
0.005199595
0.006949463
0.008372831
0.009511236
0.009979218
0.010676334
0.011614702
0.01168314
0.011633943
0.011327354
0.010556152
0.009078151
0.008263139
0.006632033
0.004895322
0.003488549
0.002465669
0.003401266
0.005597796
0.007425564
0.008869245
0.010135083
0.011124229
0.012084386
0.012817745
0.012963851
0.012809983
0.012989237
0.011895267
0.010979557
0.010514419
0.010047982
0.009294316
0.009227291
0.009213753
0.007322473
0.006606176
0.006149094
0.005238761
0.004296048
0.003554128
0.002785602
0.003265596
0.003320348
0.003680583
0.004795457
0.005723659
0.006535985
0.007544324
0.008234908
0.008846138
0.009797944
0.010277103
0.010618981
0.010838466
0.011059961
0.011260768
0.011689668
0.011039563
0.009722277
0.008682433
0.009220878
0.006501916
0.004214904
0.002439133
0.002898262
0.005503669
0.008076927
0.009497648
0.010283583
0.010973211
0.01164032
0.012384169
0.011962671
0.011521296
0.011506615
0.011378522
0.010781584
0.010580677
0.011267865
0.009314411
0.009050017
0.00902687
0.008626778
0.008321728
0.007280063
0.005676818
0.004607023
0.002915416
0.001772758
0.002905846
0.004375799
0.005385351
0.006593511
0.007416266
0.008091774
0.009040989
0.009458849
0.00996313
0.010556709
0.011021923
0.011502762
0.012378934
0.012415359
0.012289887
0.01241606
0.012178442
0.011393473
0.010416045
0.009019947
0.006383921
0.004044841
0.002242208
0.003672389
0.005727764
0.007309339
0.008751068
0.010355896
0.010585984
0.010657445
0.010900493
0.010871501
0.01066179
0.010378276
0.009700371
0.008711069
0.007978923
0.007185458
0.006957626
0.008010595
0.006102225
0.005181769
0.005313323
0.004610752
0.004592295
0.005196369
0.005216306
0.004897715
0.004585184
0.004065847
0.003999051
0.003891642
0.003885045
0.003568889
0.003594477
0.003258301
0.002617651
0.003389409
0.0034978
0.003440467
0.004437957
0.00562856
0.006821638
0.007965541
0.008804655
0.009403438
0.010102493
0.010453672
0.010786171
0.011540504
0.012378832
0.013102472
0.014272797
0.014891305
0.015537478
0.014169149
0.013706775
0.01209612
0.011254524
0.009479131
0.008484829
0.007201306
0.005512718
0.004948676
0.004304641
0.005478534
0.008585355
0.011365541
0.012740449
0.013178635
0.013864908
0.014056384
0.014038897
0.013976104
0.01351126
0.012924944
0.012442749
0.011889272
0.011116561
0.010933954
0.011058273
0.009326769
0.009147595
0.008014779
0.007228563
0.006917916
0.007160152
0.007408901
0.00681429
0.007666695
0.007373687
0.007084743
0.007352996
0.007156062
0.006798952
0.006722956
0.005444408
0.006015802
0.006084145
0.005541193
0.005847881
0.005664241
0.005562318
0.005524014
0.005647452
0.005219092
0.004888083
0.004466034
0.004276194
0.004355065
0.004533345
0.004360093
0.004245208
0.003956982
0.0023604
0.002243378
0.002611682
0.002716466
0.003070804
0.003184185
0.00319521
0.003551271
0.003860711
0.004161796
0.004279253
0.004365631
0.004626223
0.004922622
0.004765124
0.003946932
0.004288204
0.004038766
0.004177439
0.004337951
0.004233195
0.004235905
0.004197611
0.004116378
0.004062168
0.003983241
0.003964795
0.003953266
0.004607342
0.004299021
0.004761849
0.004598351
0.004792643
0.004804689
0.004998973
0.005027524
0.005071132
0.00514078
0.006138628
0.005502402
0.005648283
0.006224586
0.005573246
0.005960058
0.005680555
0.006151046
0.006308923
0.005882822
0.005875749
0.006152185
0.00719183
0.007235741
0.006275842
0.006587039
0.006459881
0.007125857
0.006773512
0.006347502
0.006424483
0.005578709
0.004633766
0.004283045
0.003842163
0.00295521
0.002629091
0.002812439
0.002612026
0.002450781
0.002558742
0.002399894
0.002714071
0.003180474
0.00352957
0.004762295
0.004564445
0.004493497
0.004525239
0.00479218
0.005224198
0.005150568
0.00522239
0.004940086
0.004523846
0.004887143
0.005064582
0.00511072
0.004887819
0.004827925
0.005367588
0.00488369
0.004510084
0.004626495
0.005093442
0.00519764
0.005192875
0.004580991
0.004303345
0.004293271
0.004089327
0.003843187
0.003848786
0.003579143
0.003335947
0.003830641
0.00301239
0.002650603
0.002550407
0.002497094
0.002216292
0.0021468
0.001960691
0.001703965
0.00190924
0.002154591
0.002251741
0.002466898
0.002605404
0.002584583
0.003316703
0.00293783
0.002597158
0.002745755
0.002843404
0.002768082
0.002783253
0.002412477
0.002174792
0.00280036
0.002139044
0.00181045
0.001869174
0.002057831
0.002190919
0.002739385
0.002201431
0.002066993
0.002538085
0.002825175
0.003039051
0.003344415
0.00336666
0.003626711
0.003804978
0.00429154
0.003860164
0.003466784
0.003005691
0.002740141
0.00311257
0.002759828
0.002623345
0.003372845
0.004200175
0.004732896
0.005099787
0.005406296
0.005629926
0.005852154
0.005994763
0.005899755
0.006130207
0.005998677
0.00589054
0.006355154
0.005867488
0.00560257
0.005683015
0.006318429
0.00644954
0.005953735
0.006179472
0.006604756
0.005683789
0.006339257
0.00642583
0.006324527
0.006265891
0.00587371
0.005769607
0.004511857
0.003716282
0.003391721
0.002845273
0.002463546
0.002049089
0.002024255
0.001878458
0.002228778
0.002358469
0.002561698
0.002906522
0.00299829
0.003107489
0.003940213
0.003597426
0.003360979
0.003510323
0.003647175
0.003871161
0.004516884
0.004626357
0.004600001
0.004606169
0.004432231
0.004289681
0.004296098
0.004437017
0.004418135
0.004937685
0.004382766
0.004431245
0.003875573
0.003987614
0.003968297
0.004014052
0.003844111
0.003753116
0.003841141
0.003932063
0.003949337
0.003594375
0.003397445
0.003193476
0.003687681
0.002915318
0.002475066
0.002505132
0.002440896
0.002457961
0.00243017
0.002270041
0.002373647
0.002119125
0.002002586
0.002100082
0.002225278
0.002211857
0.002059348
0.002732258
0.002211659
0.001903817
0.002124026
0.002262133
0.002452793
0.002744352
0.002786608
0.002933183
0.003184015
0.003444569
0.003666785
0.00425271
0.004134563
0.004066162
0.004668788
0.004053716
0.003701475
0.003991004
0.004045466
0.003864627
0.003995637
0.003804855
0.003722842
0.003914419
0.003826149
0.00387384
0.003993442
0.004063174
0.004168956
0.004642943
0.00427714
0.003895583
0.004134633
0.00419342
0.004150754
0.004437199
0.004606583
0.004907367
0.005298625
0.005906654
0.006367451
0.00695775
0.008020429
0.008734015
0.010229546
0.010311611
0.008926633
0.009056185
0.009048288
0.009082178
0.009210522
0.008671665
0.008213123
0.008042983
0.007549683
0.006706461
0.006025318
0.005280421
0.003969524
0.003648678
0.003130479
0.002671777
0.002777298
0.003005261
0.003146783
0.003815844
0.004072572
0.004500321
0.005077684
0.005406488
0.005520543
0.005393419
0.005308692
0.005467571
0.006759967
0.00693378
0.006881757
0.007111578
0.007384676
0.007920291
0.008463927
0.009244827
0.009890074
0.009853321
0.008666666
0.006646288
0.004347039
0.0037425
0.003558912
0.003772039
0.002590225
0.001967304
0.002727554
0.003101837
0.003020907
0.002792597
0.002598675
0.002614968
0.002750045
0.002942659
0.002966714
0.00318095
0.003301659
0.003064463
0.003401295
0.002494014
0.001710181
0.001638499
0.001715816
0.001678449
0.00176986
0.001931707
0.00200706
0.002155867
0.002224403
0.002156212
0.002010917
0.001956185
0.001843024
0.002623087
0.002045781
0.001477926
0.001561748
0.001756437
0.00183325
0.001950618
0.001929744
0.001958723
0.002208676
0.002456058
0.002791656
0.00308622
0.003456947
0.003745781
0.004543405
0.004232576
0.004208858
0.004783581
0.005278603
0.005500876
0.005973137
0.006424652
0.006478707
0.006457654
0.005992022
0.004944822
0.004045246
0.003815165
0.003792766
0.004398735
0.003879452
0.003441958
0.003534154
0.003816957
0.004008862
0.004715651
0.005329472
0.006065677
0.007018386
0.008164991
0.008935571
0.009270356
0.009301344
0.009264172
0.009259837
0.007713631
0.005889182
0.004634045
0.0044031
0.004218325
0.004813238
0.005841778
0.006539519
0.006693937
0.006719584
0.006534056
0.006780637
0.007317129
0.006611057
0.006366113
0.00569197
0.004865466
0.0047871
0.004502976
0.004028465
0.003769768
0.003640217
0.003629226
0.003652652
0.004097865
0.004249256
0.004441747
0.004755766
0.004710886
0.00528024
0.004832579
0.004152402
0.003568294
0.003229779
0.002853726
0.002499909
0.002113998
0.002148617
0.001910817
0.001767096
0.001735147
0.001868455
0.001894824
0.001907644
0.002747413
0.002497571
0.002443207
0.002797218
0.003396614
0.003567742
0.003695368
0.003799284
0.003967895
0.003963508
0.004107507
0.004207257
0.004177539
0.003899779
0.003593847
0.004091356
0.003458222
0.00303808
0.002915028
0.002861417
0.002671763
0.002829011
0.002745349
0.002664426
0.002758186
0.002579026
0.002555691
0.002511912
0.002553522
0.00251459
0.003149252
0.002434153
0.002248998
0.002708615
0.003021359
0.003056939
0.003244269
0.003242207
0.002919788
0.002672405
0.002526341
0.002443009
0.002625719
0.002742004
0.002494421
0.003049031
0.002264811
0.001881193
0.002226493
0.002497427
0.002590048
0.002762239
0.002615061
0.002393484
0.002352787
0.002218807
0.001999681
0.002483306
0.003510724
0.004301971
0.005172364
0.004451664
0.003318842
0.002759468
0.003452716
0.004409956
0.005318358
0.00567731
0.005681662
0.0056767
0.00524621
0.005166764
0.005337193
0.005494125
0.00533244
0.005662764
0.005089894
0.004525625
0.004540955
0.004788331
0.004786721
0.005130576
0.005610694
0.005711621
0.005889184
0.005877806
0.005778062
0.005656159
0.005597376
0.005556989
0.006070754
0.005076774
0.00425182
0.00449071
0.004688838
0.004666764
0.004931971
0.004900672
0.004660137
0.004252747
0.003910605
0.003425585
0.00332013
0.003197402
0.002854929
0.003405674
0.002516209
0.002258643
0.002263162
0.002396408
0.00239555
0.002625695
0.002680281
0.002719547
0.002808734
0.002640141
0.002222181
0.002057103
0.001863616
0.001639157
0.002441698
0.001861968
0.001563614
0.001610423
0.001828302
0.001860316
0.001957844
0.001928792
0.001873894
0.002036527
0.001999442
0.001986407
0.002166805
0.002217774
0.00225263
0.002962984
0.002535541
0.002191491
0.002393409
0.002549859
0.002477517
0.002504072
0.002429947
0.002415083
0.002497895
0.002518673
0.002532773
0.002783679
0.002738062
0.0026255
0.0032669
0.00269112
0.002306844
0.002741928
0.003417268
0.004169234
0.004494424
0.004409919
0.004369394
0.00437636
0.004175359
0.003998903
0.003619553
0.003239514
0.00276284
0.003023958
0.0026896
0.00270115
0.003007669
0.003174967
0.002910502
0.002854577
0.002908488
0.002959839
0.003101933
0.003129801
0.003330496
0.003443524
0.003242904
0.003308085
0.003984295
0.003234383
0.002556303
0.002966702
0.003089349
0.003055606
0.003232899
0.003260763
0.003407578
0.00375633
0.003634631
0.003380424
0.003507392
0.003749832
0.003951946
0.004701546
0.004200395
0.003875509
0.00420804
0.004404387
0.004573061
0.004646597
0.004556356
0.004234521
0.004124484
0.004119147
0.004667947
0.005455367
0.005487749
0.005205203
0.005281608
0.004335033
0.003484086
0.003921065
0.004608681
0.005017825
0.005271569
0.004963052
0.004610356
0.004493219
0.004298326
0.00360065
0.003188215
0.002818345
0.002637508
0.003652427
0.003388884
0.003408675
0.003739813
0.004024399
0.004337355
0.004800978
0.005245804
0.005488912
0.00502841
0.00516407
0.0048136
0.004577422
0.004201107
0.003662155
0.004136206
0.003325885
0.002456389
0.002556383
0.002562036
0.002345562
0.002273054
0.002533683
0.002842125
0.003394167
0.004409503
0.005373882
0.006372677
0.006886504
0.006278193
0.006214179
0.005682036
0.005451987
0.006227243
0.006287806
0.005799921
0.005111065
0.004513052
0.004052704
0.004061742
0.004213481
0.004483464
0.004585625
0.004370067
0.004063116
0.005026994
0.005153315
0.005163993
0.005628567
0.005624143
0.005047367
0.004786436
0.005060521
0.005476441
0.005383153
0.005337291
0.005290455
0.005501508
0.005442384
0.00539331
0.005993909
0.005612415
0.005266259
0.004563746
0.003933207
0.003196933
0.003146017
0.003129378
0.003007564
0.002875391
0.002539478
0.002202314
0.001972484
0.002043159
0.002017982
0.002789696
0.002255199
0.001909656
0.002123666
0.002492196
0.002479278
0.002516821
0.002386461
0.002521903
0.002621239
0.002546562
0.002633194
0.00259703
0.002895317
0.002740678
0.003502085
0.002678134
0.001914762
0.001937244
0.002128625
0.002432093
0.002711286
0.002805668
0.002715264
0.002940179
0.003109418
0.0035633
0.003422457
0.003106277
0.00290865
0.003760913
0.003339307
0.002714484
0.002618222
0.002823024
0.003035765
0.003179804
0.003044375
0.002990587
0.002921392
0.002789283
0.002634859
0.002639096
0.002596302
0.002364873
0.002904268
0.002146154
0.001679136
0.001556754
0.001889107
0.001637369
0.001628689
0.001637735
0.001530823
0.001617621
0.001590388
0.001585401
0.001781393
0.002136888
0.002093391
0.002856677
0.002286453
0.001869591
0.002063819
0.002260051
0.002369408
0.002529572
0.002712682
0.003013753
0.003561809
0.003511133
0.003339424
0.003565806
0.00400097
0.003872697
0.00430513
0.004014548
0.004197342
0.004951361
0.005539865
0.005434778
0.005066993
0.004160485
0.003334157
0.00384135
0.004119702
0.003894976
0.004207777
0.004297609
0.004129154
0.004812476
0.004394515
0.004052019
0.004359012
0.004563929
0.005607273
0.00683189
0.005481808
0.004720509
0.00372013
0.00358081
0.003670902
0.004043185
0.004456259
0.004584265
0.005268109
0.005081235
0.004482144
0.004832782
0.004699619
0.003862398
0.00340978
0.003416367
0.003149009
0.003089715
0.002851452
0.002553956
0.002399068
0.002222802
0.002271942
0.003108709
0.002699383
0.002342854
0.002636816
0.002800609
0.002912719
0.00303392
0.003066265
0.00309398
0.003320476
0.003266135
0.003240117
0.003091403
0.002850714
0.002680897
0.003018249
0.00239657
0.002078033
0.00223382
0.002338532
0.002460273
0.002534307
0.002477211
0.002467743
0.002597423
0.002727294
0.002820429
0.00289404
0.002915653
0.002797168
0.003469467
0.002742521
0.002267314
0.002497478
0.002591439
0.002784029
0.00267754
0.00274313
0.002768871
0.003050395
0.003250184
0.003417057
0.00391942
0.003998012
0.004004797
0.004240918
0.003627937
0.003065712
0.002924778
0.002679961
0.002563025
0.002300858
0.002373027
0.002095196
0.002203493
0.001958432
0.00185041
0.001745679
0.001994874
0.002323883
0.00364322
0.003448052
0.003521194
0.003872633
0.004244902
0.004289894
0.004385882
0.004570882
0.00495092
0.005344559
0.00573815
0.005756727
0.005547159
0.005466103
0.005718534
0.006335366
0.00613965
0.006070153
0.005933485
0.006059282
0.005500421
0.005646704
0.00547435
0.005407856
0.005223126
0.004992763
0.004842708
0.004306521
0.004050846
0.003594733
0.00413211
0.003447546
0.002817228
0.002907607
0.003008354
0.003204665
0.003322989
0.003260464
0.003174737
0.003293299
0.003166006
0.003105045
0.003202281
0.003169428
0.002930682
0.003343079
0.002664517
0.002174633
0.002099251
0.002228356
0.002178792
0.002145077
0.002142102
0.002063068
0.002118192
0.002101094
0.001963348
0.002228515
0.002369828
0.002361001
0.002884194
0.002322095
0.002123571
0.002237928
0.002317879
0.002254429
0.002234091
0.002100875
0.00197241
0.002038592
0.001925453
0.001875183
0.001915661
0.001800294
0.001757108
0.002366922
0.001783772
0.00141204
0.001503528
0.001715417
0.001769069
0.001698755
0.001678286
0.001582305
0.001498219
0.001454567
0.001435788
0.00151386
0.001585974
0.001565851
0.00224171
0.001605934
0.001137977
0.001424359
0.001643762
0.001650415
0.001744517
0.001723661
0.00173766
0.001759481
0.001707394
0.001642977
0.001672466
0.001667396
0.001550449
0.002283962
0.001659322
0.001204521
0.001413434
0.001567345
0.001562202
0.001578942
0.001605463
0.001609889
0.001696887
0.001652642
0.00160585
0.001654424
0.00171026
0.001671136
0.002363072
0.001739336
0.00126601
0.001488913
0.001634101
0.001601394
0.001652492
0.001627703
0.001555586
0.001553967
0.001562627
0.001519947
0.00161336
0.001618723
0.001569271
0.002298039
0.001650215
0.001370607
0.001671469
0.002230715
0.002877838
0.003708571
0.004363927
0.004709557
0.004625034
0.004538444
0.004885869
0.005362724
0.006153253
0.006311324
0.007331305
0.00683472
0.00597683
0.006201133
0.006256923
0.006607663
0.006675841
0.006798502
0.006914972
0.006969826
0.006699243
0.00665214
0.006594341
0.006034297
0.005617024
0.005645235
0.00521204
0.004678291
0.004265248
0.004095761
0.003677368
0.003816968
0.0048049
0.005695072
0.006548985
0.007034142
0.007507741
0.00813636
0.008346296
0.008171254
0.008208255
0.007368824
0.006696979
0.006672637
0.006605761
0.006475079
0.006271858
0.006377488
0.006575041
0.006386376
0.005705294
0.004656132
0.004093481
0.003710908
0.003794708
0.004361587
0.004271288
0.004431129
0.004302382
0.003981144
0.003713746
0.003709254
0.003518989
0.003411113
0.003252982
0.002972825
0.002682621
0.002299088
0.002267046
0.002450012
0.003501403
0.003339781
0.003175876
0.003405197
0.004052998
0.004373637
0.00477802
0.004933242
0.005045648
0.005165908
0.005258694
0.005146528
0.005204851
0.005222106
0.005048024
0.005469631
0.004570576
0.004002593
0.003924425
0.00393925
0.003775325
0.003447432
0.003089756
0.002860248
0.002642402
0.002479869
0.002583089
0.002929708
0.003263704
0.003474515
0.004278603
0.00378928
0.003490276
0.003462279
0.003392969
0.003104913
0.002929728
0.002574614
0.002338653
0.002192442
0.002112486
0.002042627
0.002195634
0.002150134
0.002352825
0.003014264
0.002545554
0.002171214
0.002370363
0.00249335
0.002463484
0.002761324
0.002845782
0.002773503
0.002900158
0.002807009
0.002833392
0.002968587
0.00309638
0.00299457
0.003542931
0.002792283
0.002176073
0.001940305
0.001849254
0.001695173
0.001703254
0.002003983
0.001996922
0.002194631
0.002139146
0.002122783
0.001953657
0.001979911
0.00189964
0.002511246
0.001849098
0.001441044
0.001640574
0.002039023
0.001901873
0.001866077
0.00172653
0.001604802
0.00170685
0.001719129
0.001718117
0.001628528
0.001877236
0.001780326
0.002555102
0.002011773
0.001668524
0.001733054
0.002146398
0.002188585
0.002419283
0.002564849
0.002753584
0.002978556
0.003190036
0.003293258
0.003566322
0.003917441
0.004053829
0.00488615
0.004460852
0.00414909
0.004080792
0.003881217
0.0037571
0.003742872
0.003806312
0.004167282
0.004321658
0.004454225
0.004088625
0.003554372
0.003140764
0.003231467
0.004092986
0.003577196
0.003159187
0.003442059
0.003728491
0.003602345
0.003668442
0.003609231
0.003667975
0.003841816
0.00396043
0.003814217
0.003737136
0.003706558
0.003400075
0.003933653
0.003286743
0.002737013
0.002783484
0.003234959
0.003810881
0.004911614
0.005937561
0.006800568
0.007228965
0.007136614
0.007158029
0.007592803
0.007812351
0.008029498
0.009144521
0.009618094
0.009468851
0.009466168
0.00901992
0.008451037
0.007939975
0.007420819
0.006931506
0.006549205
0.006385817
0.005774004
0.004972864
0.004127565
0.003383422
0.0038424
0.003050183
0.002535735
0.003126863
0.003505621
0.003757825
0.00379306
0.003861748
0.004043244
0.004243931
0.004254071
0.003963571
0.003786919
0.00387911
0.004136869
0.00523877
0.00508764
0.006092388
0.004600452
0.003978167
0.004099536
0.004118478
0.003531293
0.003210869
0.003306571
0.003255696
0.003156576
0.003237545
0.003662075
0.004214641
0.005398599
0.005705848
0.00606441
0.006890423
0.007489796
0.00800509
0.008415513
0.010149028
0.009722884
0.009242265
0.009199335
0.00884876
0.008376508
0.008021956
0.007648736
0.008298667
0.007666486
0.006535218
0.005387772
0.004685679
0.003819589
0.003698015
0.003517188
0.003375139
0.003510486
0.004159049
0.00452268
0.004670285
0.003955766
0.003844033
0.004177046
0.003168578
0.002676917
0.002477155
0.002532515
0.002640625
0.003201267
0.002983125
0.002691881
0.002397299
0.002330769
0.002119043
0.002125163
0.00217949
0.002138993
0.002687935
0.002113801
0.00151465
0.001491386
0.001749299
0.001890758
0.002079199
0.002282613
0.002309041
0.002303682
0.002353787
0.00227214
0.002252248
0.002120382
0.001878591
0.002582924
0.001809922
0.001303875
0.001443513
0.001607882
0.001723473
0.001843028
0.001875526
0.001765482
0.001806116
0.00177989
0.001680455
0.001623039
0.001651059
0.001662203
0.002476371
0.001909524
0.001585442
0.001792527
0.002033596
0.002039183
0.002136152
0.002178838
0.002019231
0.001903367
0.001897435
0.001834638
0.001788433
0.001816804
0.001670078
0.002363192
0.001646102
0.001176627
0.001338369
0.00148748
0.001533836
0.001507555
0.001511126
0.001429611
0.00146192
0.001427794
0.001443592
0.001433488
0.001463447
0.001405315
0.002242087
0.001572447
0.001056843
0.001170728
0.00140713
0.001472152
0.001567067
0.001522495
0.001449977
0.001475996
0.001485705
0.00141736
0.00138476
0.001439451
0.001377752
0.002190317
0.001452886
0.000956472
0.001186704
0.001333607
0.001392915
0.001436505
0.001453973
0.001442587
0.001533157
0.001486038
0.001462115
0.001507494
0.001516436
0.001440051
0.002215677
0.001545459
0.001066237
0.001230629
0.001385812
0.001425446
0.001442769
0.001425182
0.00137317
0.001431203
0.001359698
0.001379617
0.001466068
0.001527074
0.00142666
0.002174875
0.001556056
0.001134338
0.001170472
0.001385463
0.001501078
0.001539389
0.001554659
0.001593815
0.001744354
0.001845082
0.001849958
0.002087711
0.002099468
0.002204875
0.003569063
0.004008664
0.005275959
0.006521756
0.006607921
0.006923674
0.006979776
0.007281156
0.007638224
0.007973611
0.007792775
0.008159531
0.00880584
0.009203344
0.009512841
0.010567337
0.010667792
0.010059473
0.009852575
0.009422909
0.009006471
0.008562766
0.007459846
0.0060091
0.004603022
0.004281559
0.005324833
0.007253596
0.007441136
0.007035052
0.007311361
0.007369356
0.007544611
0.00748265
0.007576157
0.007797373
0.007984723
0.00784231
0.007859409
0.007789861
0.007654981
0.00759766
0.007369589
0.007075587
0.00668179
0.00682086
0.005820333
0.004937535
0.004591214
0.004305802
0.003917511
0.003612859
0.003276987
0.003078825
0.003456695
0.004049032
0.004791974
0.005810219
0.006483403
0.007200133
0.008674467
0.008862626
0.008701363
0.009026015
0.01063281
0.011992766
0.012671299
0.012804674
0.012711291
0.012098857
0.01160387
0.010952449
0.010741223
0.010810813
0.011926194
0.012501096
0.01279943
0.012737385
0.011764122
0.010623549
0.011291315
0.008175842
0.006344037
0.005649252
0.006088335
0.007270209
0.009149125
0.010995925
0.011432924
0.010589047
0.009701476
0.008314711
0.008609725
0.009229197
0.009134222
0.009527599
0.009750281
0.009604206
0.009258718
0.008975416
0.008461522
0.007642495
0.006922186
0.00623978
0.005469388
0.00548874
0.003417505
0.003239524
0.003402943
0.00359748
0.003865254
0.004459165
0.005128737
0.005547482
0.005263584
0.004541842
0.003926906
0.003549526
0.004839244
0.004827804
0.004824261
0.004281978
0.003733298
0.003306881
0.003261104
0.003010826
0.002874717
0.003107927
0.003093466
0.003321145
0.003806423
0.004383246
0.0051954
0.005471716
0.005405709
0.005894328
0.005426924
0.0056392
0.006163608
0.006631339
0.005790186
0.005242661
0.004822195
0.004132131
0.003384639
0.00231245
0.002148168
0.002918518
0.003219476
0.003166341
0.003392576
0.002686648
0.002535316
0.003708623
0.004336924
0.00418709
0.00370174
0.003746722
0.004303159
0.005043377
0.005471796
0.005665874
0.005681289
0.004926207
0.003698682
0.003756782
0.003025089
0.002710255
0.002588412
0.002739458
0.002808281
0.002906953
0.00302303
0.003070204
0.003751106
0.00407003
0.004371758
0.004511593
0.004749625
0.005191139
0.005957325
0.005618272
0.005519194
0.005739075
0.006203385
0.005908725
0.006015806
0.005816196
0.005432072
0.005032366
0.004363961
0.003759334
0.003278436
0.002993671
0.002933457
0.003411004
0.002761875
0.002391609
0.002937615
0.004672476
0.006000527
0.007902466
0.008231372
0.00695194
0.004756302
0.004300813
0.004376038
0.003986277
0.003496022
0.003035307
0.00342322
0.003020619
0.003045292
0.003351991
0.003900316
0.004414576
0.004921762
0.004782138
0.004390025
0.004009292
0.004079926
0.004553818
0.005211597
0.005095841
0.004470232
0.004596081
0.003950735
0.003387246
0.003105797
0.002855694
0.002432346
0.002120271
0.001979987
0.002141376
0.002548873
0.00299635
0.002999829
0.003163335
0.003018954
0.002854709
0.003491286
0.002879268
0.002474631
0.002749913
0.003370122
0.004039504
0.004647215
0.004748511
0.004326546
0.004499777
0.00548385
0.005773372
0.005181802
0.004846631
0.004783457
0.005180825
0.004584618
0.003946524
0.004420104
0.004096309
0.003449851
0.003697749
0.003419954
0.003045765
0.003267946
0.00318208
0.002811938
0.002642389
0.002505391
0.002431278
0.003475081
0.003241001
0.003080506
0.003333334
0.003658423
0.003659208
0.003760466
0.004015559
0.004314927
0.004658427
0.004705409
0.004615072
0.004856966
0.004871791
0.004487625
0.004741812
0.003886947
0.003170172
0.0028059
0.002798351
0.002964427
0.003222657
0.00342409
0.003679718
0.003824149
0.003857573
0.003916615
0.003959872
0.003928958
0.004137212
0.005074469
0.004966701
0.005126405
0.005977824
0.006893573
0.006963219
0.005912883
0.004869358
0.00441628
0.004033388
0.0037516
0.003362105
0.003415433
0.003680973
0.004049076
0.005195038
0.005307732
0.005548284
0.005885256
0.006298708
0.006607121
0.00713679
0.007472081
0.007424591
0.007653675
0.007351699
0.006212021
0.00495051
0.004234947
0.003626298
0.003919999
0.002626308
0.001926076
0.002311031
0.002588685
0.00263119
0.002967031
0.003236183
0.003526441
0.003856944
0.003917627
0.004105987
0.004319859
0.004365851
0.004264314
0.004739265
0.003954471
0.002819639
0.002506993
0.002371861
0.001916522
0.001671995
0.001878161
0.002105593
0.002484902
0.002813393
0.003043389
0.003435957
0.003635904
0.003596057
0.004215022
0.003458172
0.002746292
0.002516586
0.002366297
0.002061225
0.002085944
0.002436831
0.002682129
0.00313829
0.003425109
0.003619058
0.003708154
0.003572982
0.003147267
0.003542172
0.002783931
0.002024482
0.002025147
0.002463833
0.00280159
0.002904039
0.003113481
0.003427712
0.0037947
0.003853479
0.00405133
0.004298514
0.004237742
0.004173612
0.004466628
0.003692696
0.003128326
0.00298581
0.002815189
0.002343501
0.00209188
0.001950153
0.002010587
0.002561393
0.00310161
0.003460824
0.003606016
0.003888952
0.00407028
0.00454552
0.003698878
0.002991311
0.002895263
0.003144564
0.003285178
0.003295196
0.003067168
0.00314114
0.003229467
0.003473073
0.003609324
0.003673072
0.003625377
0.003483608
0.004126188
0.00369011
0.003288262
0.003570932
0.003511314
0.003184207
0.003029082
0.002891042
0.002599067
0.00246931
0.002615701
0.002754842
0.003339889
0.003743128
0.003941559
0.004573383
0.003990566
0.003638175
0.003938097
0.004310268
0.004549733
0.004737159
0.004670998
0.004310327
0.003758313
0.003154542
0.002512795
0.002470513
0.002666598
0.002770083
0.003572324
0.003148079
0.003106874
0.003833749
0.004024318
0.003446299
0.003249363
0.003346428
0.003293751
0.003290479
0.002798595
0.002666344
0.002791782
0.002572454
0.002252421
0.002733756
0.002000535
0.001551492
0.00184081
0.001921152
0.002227233
0.002376182
0.002245704
0.002553757
0.003535684
0.004409477
0.004998333
0.005064043
0.005279804
0.005570905
0.00657886
0.005913818
0.004811696
0.004988752
0.00498462
0.00471511
0.004416102
0.004321991
0.0047412
0.005400906
0.006059514
0.006017691
0.005736834
0.005561921
0.004941384
0.004629911
0.003548649
0.002705246
0.002522023
0.003128101
0.003533704
0.003804472
0.004502306
0.004953743
0.004984299
0.004406507
0.003583039
0.002700757
0.002196861
0.0018631
0.00261693
0.002448434
0.002472983
0.002817361
0.002960006
0.002832552
0.002969513
0.003209992
0.003045852
0.002834602
0.002528453
0.002085988
0.00188951
0.001969666
0.002107625
0.003254542
0.002888995
0.00240994
0.002378347
0.003020882
0.004217979
0.005663121
0.00588666
0.005545335
0.005793159
0.005697983
0.005633962
0.005309729
0.005193751
0.005181355
0.005748472
0.005342959
0.0048722
0.00450844
0.004102847
0.003685714
0.003774069
0.004373472
0.004723406
0.005087402
0.005121347
0.005019619
0.004758549
0.005001898
0.005107074
0.005676004
0.005669208
0.005852196
0.006454549
0.006530892
0.006113981
0.006783256
0.008414594
0.008618965
0.00718475
0.005774514
0.004533856
0.003625868
0.002789774
0.002399594
0.003047324
0.002386327
0.002085158
0.002490995
0.002963959
0.00306343
0.00283416
0.002509636
0.002360668
0.002976245
0.00400585
0.004863526
0.005261662
0.005227095
0.005032385
0.006823382
0.007662586
0.007367734
0.006925825
0.006676275
0.007127243
0.007019818
0.00644712
0.005763618
0.005406239
0.00591604
0.006370862
0.006597509
0.007166713
0.006713247
0.006515876
0.006238023
0.005817458
0.005743077
0.006005476
0.006463127
0.007009462
0.00656225
0.00623552
0.00599904
0.005725265
0.005345125
0.004826329
0.004187435
0.003510008
0.003376133
0.002625839
0.002063925
0.00222517
0.002588029
0.002330003
0.002331409
0.00248592
0.002351889
0.00246191
0.002858395
0.002947957
0.003646427
0.004201813
0.00472241
0.005838136
0.005872393
0.006157274
0.006887061
0.007388852
0.007658866
0.008078888
0.008503058
0.008819016
0.009068411
0.009009643
0.009051489
0.009066054
0.009041204
0.00885706
0.009002217
0.008018316
0.006984237
0.006526817
0.006259513
0.005923169
0.005542577
0.005541298
0.005004885
0.004598425
0.004066716
0.003922763
0.005082581
0.006579294
0.008565366
0.010747255
0.011286016
0.011186216
0.010565784
0.010068838
0.009536599
0.009638317
0.009772936
0.009651644
0.009333467
0.008954124
0.008465471
0.008029117
0.007119185
0.006256229
0.006599743
0.00622172
0.005218257
0.00469286
0.004095346
0.003719046
0.003551839
0.003261387
0.0028059
0.002642745
0.002409158
0.002018678
0.002080661
0.002015096
0.001909925
0.00264028
0.002141787
0.001741968
0.00205205
0.002401662
0.0024274
0.002607361
0.002662669
0.002692358
0.002619597
0.002637229
0.002600822
0.002639089
0.002711358
0.002850814
0.003193108
0.00269156
0.001793109
0.001633962
0.001781309
0.001567674
0.001585407
0.001664277
0.00172852
0.001939525
0.00201021
0.002000267
0.001860848
0.001899161
0.001707154
0.002287608
0.001686899
0.001197716
0.001320525
0.001634861
0.001742348
0.001872654
0.001820704
0.001714258
0.001782725
0.001766907
0.001757197
0.001886263
0.001797728
0.001692213
0.002327136
0.001571599
0.001074673
0.00128354
0.001576964
0.001570259
0.001684932
0.001646586
0.001434996
0.001553039
0.001622023
0.001528586
0.001554886
0.001654904
0.001693754
0.00250209
0.001757767
0.001353616
0.001383608
0.001542397
0.001466657
0.001544442
0.001549579
0.001549864
0.001630063
0.001740568
0.001692657
0.001742542
0.001751567
0.001565746
0.002266065
0.001545464
0.001074749
0.001195302
0.001465149
0.001625187
0.00187128
0.001997478
0.002012196
0.002078997
0.002221229
0.002150164
0.002036568
0.002060084
0.001934475
0.002670442
0.002021639
0.001513112
0.001657432
0.001828352
0.001855085
0.001855698
0.001945894
0.002011192
0.002095759
0.002088819
0.00219734
0.002574744
0.003028811
0.003691419
0.005059205
0.005462051
0.005351802
0.006256924
0.008882878
0.013501263
0.018855178
0.01799894
0.015046581
0.01038261
0.010095019
0.010103363
0.008820901
0.006696367
0.004854009
0.004871681
0.004389236
0.004378775
0.004873528
0.00500181
0.004835433
0.004368462
0.004012803
0.00369947
0.003714804
0.003418693
0.003086116
0.00307952
0.002876552
0.002777409
0.003412949
0.003029526
0.002720546
0.003289637
0.004016554
0.003815958
0.003646396
0.003555023
0.003164954
0.003336832
0.003710657
0.004049499
0.00441969
0.004841653
0.004977067
0.005572619
0.005115081
0.005174395
0.005555287
0.006475464
0.007098868
0.00776366
0.008567247
0.008798469
0.009302268
0.010134682
0.008494402
0.009656897
0.009655895
0.009217369
0.008839138
0.007901299
0.007409908
0.007476468
0.007287664
0.007043881
0.006530835
0.006262397
0.005578883
0.006885529
0.0046907
0.004117179
0.003874721
0.0051809
0.004264421
0.005346483
0.005882359
0.004631898
0.005709155
0.006313101
0.005966989
0.00472818
0.004727
0.004640248
0.005365211
0.005724534
0.00393002
0.005165999
0.004179158
0.003685142
0.004537352
0.003840787
0.003322298
0.003307988
0.003373834
0.003409713
0.003511718
0.003017435
0.002548611
0.002258924
0.002129628
0.002083701
0.002087448
0.002250824
0.001950593
0.002411084
0.001765659
0.00147926
0.00159306
0.001797799
0.00201976
0.00217292
0.0021986
0.002129347
0.002055397
0.001926839
0.001753717
0.00164345
0.001785842
0.00166896
0.002512129
0.001839964
0.001199064
0.001229318
0.001380885
0.001455658
0.001420692
0.001440188
0.001432363
0.001507181
0.001480978
0.001478132
0.001424099
0.001526939
0.001362419
0.002222787
0.001512046
0.001340507
0.001693792
0.001471375
0.001473115
0.001511093
0.001432156
0.001428922
0.001496661
0.001453867
0.001485853
0.001702586
0.002247803
0.001681376
0.002283351
0.00164802
0.001247773
0.00132955
0.001431045
0.00152198
0.001625705
0.001578454
0.001533022
0.001626166
0.001671608
0.001794071
0.00212262
0.00242389
0.002488761
0.003141375
0.002708391
0.002369701
0.002043025
0.002075467
0.002077156
0.001882159
0.001975352
0.002001459
0.00286912
0.002420544
0.00225674
0.00194408
0.001777725
0.001951883
0.002867209
0.002199815
0.001779689
0.001917828
0.002152102
0.00200715
0.002227023
0.001874816
0.001714664
0.001638648
0.001630178
0.001688657
0.001819633
0.001935307
0.001948346
0.002666531
0.001913263
0.00135492
0.001515801
0.001594833
0.001665247
0.002065139
0.002236112
0.001692138
0.001556534
0.001511458
0.001576934
0.001561735
0.001506161
0.001531662
0.002218705
0.001633093
0.001312135
0.001249975
0.001461163
0.001516293
0.001510862
0.001474482
0.001475438
0.001525619
0.001508895
0.001501719
0.001576845
0.001537718
0.001488508
0.00231669
0.001577451
0.001045267
0.001180907
0.001344165
0.001506205
0.001547021
0.001544646
0.001540646
0.001581534
0.001576315
0.001574288
0.001546062
0.0015459
0.001481935
0.002239565
0.001733976
0.001174507
0.001262297
0.00181988
0.00194655
0.001544184
0.001504546
0.001500879
0.001673505
0.001789156
0.001979891
0.002654286
0.003546126
0.00469047
0.005773833
0.006540225
0.007173417
0.00751972
0.005497967
0.003866383
0.003961804
0.003577612
0.002826269
0.002896245
0.002954395
0.002836379
0.002723709
0.002441563
0.002262288
0.002911583
0.002160641
0.001808221
0.002046452
0.00176564
0.00187974
0.001952145
0.001901642
0.001814212
0.003055777
0.002769413
0.002389963
0.002240311
0.002195911
0.001933083
0.002968037
0.003202475
0.001551105
0.001684795
0.002301763
0.002806424
0.003191677
0.003267522
0.003308665
0.003219889
0.003124127
0.002956166
0.003214938
0.003370957
0.004310779
0.003532589
0.003410016
0.003841992
0.003649379
0.002859081
0.002232015
0.002547299
0.002563433
0.002841675
0.0030941
0.002843752
0.002242686
0.002064673
0.002321946
0.002317228
0.002864523
0.002057882
0.00162633
0.001747499
0.002461967
0.002134436
0.00233381
0.002068842
0.001997172
0.002027182
0.002019477
0.002487868
0.002012183
0.00192288
0.001818032
0.002745803
0.002006809
0.001477255
0.001520192
0.001690848
0.001880032
0.002487442
0.003100579
0.00343159
0.00356037
0.003608243
0.003848399
0.003528705
0.002773067
0.002795635
0.00427715
0.004147397
0.00427073
0.003961626
0.003807815
0.003165103
0.002493519
0.002306624
0.002375098
0.00255111
0.002603734
0.002665711
0.002515913
0.002325046
0.001992899
0.002758126
0.002343905
0.001980545
0.001861196
0.001874266
0.001882375
0.002105752
0.002262184
0.002227887
0.002253714
0.00207859
0.002144805
0.002143592
0.002128106
0.00211588
0.002649462
0.002344236
0.001970421
0.001935588
0.0018146
0.001710613
0.001662386
0.001767601
0.00184265
0.001896018
0.001999073
0.002042055
0.00193853
0.00174126
0.001660958
0.002211264
0.001632702
0.001376309
0.001611769
0.001939535
0.001827974
0.001692051
0.001676612
0.001970161
0.002113017
0.002246326
0.002692773
0.002155889
0.00217918
0.002043605
0.002582258
0.001823115
0.001318753
0.001413149
0.001669769
0.001665808
0.001596534
0.001555926
0.001600226
0.001612414
0.001538621
0.001524169
0.001608677
0.001595835
0.00157162
0.002184928
0.001615953
0.001320117
0.001260554
0.001589086
0.001927583
0.002111747
0.001981692
0.001882925
0.001749797
0.001565711
0.001735141
0.001658725
0.001643006
0.001499523
0.002457174
0.001829248
0.001359685
0.001467725
0.001810891
0.001974461
0.002104726
0.001917438
0.001818388
0.001673688
0.001656767
0.001862388
0.00200623
0.001748287
0.0016878
0.002362572
0.001691394
0.001346258
0.001425427
0.00161136
0.001716892
0.001720959
0.001638537
0.001736536
0.002116187
0.002086303
0.002308119
0.002529248
0.002524808
0.002302196
0.002558311
0.002134106
0.001835964
0.001738853
0.002847335
0.001726038
0.001786405
0.001634107
0.001666577
0.001674747
0.00165192
0.002101198
0.002202183
0.002412165
0.002427584
0.003474949
0.002491089
0.001908328
0.001822134
0.001918801
0.00204489
0.001885676
0.001682784
0.001901825
0.002252984
0.002886718
0.00298372
0.00254112
0.002205999
0.00173035
0.002426014
0.002312677
0.001488362
0.001334951
0.001749723
0.001839391
0.001835067
0.001635846
0.001897301
0.001873276
0.001740041
0.001662975
0.001605108
0.001528157
0.001505352
0.002845218
0.002400923
0.002053695
0.002389792
0.001766723
0.001897293
0.001686369
0.002558491
0.001704712
0.001547957
0.00208048
0.002087621
0.002091549
0.001622964
0.001587912
0.002319053
0.001735467
0.001428039
0.001426409
0.001460734
0.001617245
0.001636985
0.00141148
0.001480166
0.001425931
0.001346085
0.001456226
0.001547396
0.001590594
0.001628041
0.002318207
0.001608534
0.001165618
0.001272276
0.001498931
0.001614646
0.001713427
0.001889873
0.001737713
0.001511185
0.001515506
0.001576122
0.001809934
0.001804566
0.001668467
0.002338643
0.001703555
0.001552722
0.00166534
0.001840734
0.001948846
0.002099778
0.002062235
0.002156259
0.002850551
0.003370857
0.003586606
0.003842227
0.003475303
0.002668871
0.002962454
0.003192974
0.003164949
0.00317432
0.003461501
0.003412617
0.0032561
0.003478899
0.003073167
0.003384904
0.003693254
0.002887156
0.003109276
0.003160068
0.002930867
0.003542595
0.002955913
0.00275531
0.002844145
0.00283824
0.002604932
0.002461579
0.002503032
0.002668294
0.002642875
0.002364375
0.002408484
0.002581652
0.002596074
0.002446375
0.002974147
0.00232378
0.001990338
0.002093663
0.00227301
0.002251471
0.002321744
0.002326815
0.002236309
0.002222635
0.002151453
0.002064939
0.002031628
0.002367597
0.003068359
0.004702204
0.004060604
0.003081572
0.002669947
0.003042977
0.003084216
0.003211063
0.003179861
0.003038648
0.002994607
0.002956258
0.00324811
0.003759781
0.004077764
0.003882676
0.004554703
0.004097674
0.00371684
0.003680112
0.004621122
0.004291346
0.004230048
0.004081353
0.003940005
0.003874248
0.004102743
0.004895455
0.00546626
0.005511828
0.005591759
0.006484826
0.00573783
0.004863716
0.004961406
0.006489204
0.007226528
0.007443542
0.006137633
0.00542381
0.005233391
0.005719359
0.006223497
0.008442254
0.012227833
0.012734992
0.014491616
0.015003761
0.014264002
0.012465334
0.012734735
0.010003747
0.008959939
0.008112482
0.008050631
0.00644663
0.00390295
0.004084624
0.004785069
0.004890845
0.004343026
0.004452288
0.00406631
0.004141316
0.003891181
0.003787591
0.003302483
0.004648059
0.005121572
0.004788292
0.003860514
0.002880701
0.002703549
0.003554848
0.004137161
0.004905895
0.006597852
0.006302084
0.003554053
0.003295865
0.004537474
0.005744123
0.00675451
0.006940514
0.007049314
0.006281679
0.006715038
0.006005368
0.005122779
0.003925282
0.00310292
0.003510308
0.003051946
0.002834479
0.002902579
0.002705047
0.002515521
0.002281924
0.002257508
0.002139092
0.002449051
0.002634807
0.002793204
0.002904922
0.002899045
0.002706027
0.003212747
0.002765694
0.002580726
0.002373357
0.002294943
0.002274452
0.002611188
0.002588731
0.002666609
0.002562014
0.002357073
0.002219339
0.002182185
0.002061722
0.001877733
0.00272212
0.002067831
0.001719801
0.001685486
0.001836283
0.002058778
0.002370363
0.002473885
0.002853975
0.002785475
0.002857673
0.002607269
0.002596207
0.002621856
0.002667531
0.003334694
0.002296837
0.001647879
0.001851234
0.002260298
0.002162062
0.002430649
0.00269243
0.002929143
0.003179636
0.003456122
0.003506162
0.004037534
0.004265047
0.004273419
0.004846052
0.004848384
0.005534126
0.007131865
0.008501063
0.009332159
0.010194777
0.011289
0.011616083
0.011253516
0.010637917
0.01051002
0.010053194
0.008774745
0.008918952
0.009235657
0.00820597
0.007223573
0.006148489
0.007614965
0.005931504
0.005279806
0.005094299
0.004632234
0.004522337
0.005046827
0.005343024
0.005327897
0.004967007
0.004668823
0.005900529
0.005787034
0.005183076
0.005559835
0.005857297
0.007181519
0.009290817
0.010892367
0.010714308
0.011038755
0.0116522
0.012019877
0.012766067
0.011799428
0.011101011
0.011727096
0.011155615
0.010249529
0.0101121
0.010412145
0.010524875
0.011015374
0.010694605
0.010143048
0.009619544
0.009291459
0.010147158
0.009102602
0.007653485
0.006547112
0.007252731
0.006456033
0.005699058
0.005202404
0.004898915
0.004725963
0.0044291
0.004639548
0.004343617
0.00444853
0.004554297
0.004945659
0.005675384
0.006109059
0.007116553
0.009861951
0.011114205
0.012291201
0.015157045
0.017007961
0.018817143
0.019373764
0.019569647
0.018855252
0.018706564
0.018782747
0.019470467
0.01699628
0.015854672
0.014496447
0.014824668
0.013310692
0.010395713
0.008217081
0.006699369
0.006314561
0.004603521
0.004561499
0.003551107
0.003265438
0.003263071
0.003410551
0.003601771
0.003813174
0.004119429
0.005160301
0.004700978
0.003777333
0.004034137
0.003504321
0.003450677
0.003377841
0.003428507
0.003297855
0.003212693
0.002891125
0.00295975
0.003497473
0.003116195
0.002833884
0.003278628
0.002791516
0.002549764
0.003002101
0.002691076
0.00290131
0.003235098
0.002937062
0.002836978
0.00319016
0.003650344
0.002455977
0.002498565
0.002811745
0.002873775
0.00362764
0.003037524
0.002521545
0.002756768
0.002951451
0.003221212
0.003179119
0.003036429
0.002982274
0.002997459
0.002857912
0.00276078
0.002919531
0.002886151
0.002884699
0.003604087
0.003249477
0.002767346
0.002836108
0.003060723
0.003336576
0.00372304
0.003496009
0.003129052
0.002913577
0.002804178
0.002673194
0.002961262
0.003228861
0.003672168
0.004226675
0.003913388
0.003721244
0.004051819
0.003906505
0.003209852
0.00287247
0.002999733
0.002887914
0.002914844
0.00287614
0.002430844
0.002265575
0.002233141
0.002288594
0.00314413
0.002757374
0.002574738
0.002669585
0.002850726
0.00286894
0.002605832
0.002129511
0.001699545
0.001771172
0.002077785
0.002155114
0.002285509
0.002480642
0.002702078
0.003590235
0.003066307
0.002482374
0.002420446
0.002450722
0.00235476
0.002412902
0.002374441
0.002338294
0.002508137
0.002591128
0.00241239
0.00247675
0.002502411
0.002396547
0.00295644
0.002397561
0.00198375
0.002119261
0.002317578
0.002394895
0.002456801
0.002460301
0.002375401
0.002438649
0.002506907
0.002472013
0.002397201
0.002453725
0.002330872
0.002932487
0.002435808
0.002156023
0.002398304
0.002898396
0.003076387
0.002986005
0.002887159
0.002426195
0.002105778
0.00221162
0.002223996
0.002359
0.002447756
0.002301086
0.002837759
0.002325543
0.001763919
0.001977575
0.002088839
0.002192525
0.002290665
0.002302394
0.002349741
0.002363881
0.002336736
0.002214081
0.002205581
0.002303567
0.002180529
0.002823429
0.002247848
0.001984181
0.00221421
0.002383639
0.002635207
0.002968992
0.003370061
0.003614664
0.003667149
0.003656189
0.003688541
0.003640125
0.003321309
0.00300248
0.003267184
0.002415412
0.001639392
0.001636284
0.001734147
0.001695579
0.001688001
0.001626818
0.001590498
0.001726432
0.001822495
0.001833843
0.002035394
0.002064701
0.001923199
0.00256031
0.001891888
0.00155274
0.00165758
0.001862472
0.001942652
0.001978648
0.001986673
0.001985668
0.002067341
0.00220656
0.002194718
0.002329284
0.002422901
0.002247456
0.002879576
0.002223608
0.001761828
0.001849603
0.002085206
0.002147277
0.002257294
0.002641658
0.00284463
0.003215991
0.003419409
0.003545379
0.003397409
0.003137146
0.002892806
0.003263246
0.002402441
0.001926126
0.002187468
0.002384719
0.002331004
0.002356701
0.002375971
0.002286082
0.002220159
0.002228187
0.002147216
0.002163181
0.002171044
0.002047575
0.002720018
0.002045935
0.001614102
0.001848362
0.002007226
0.001961865
0.001868047
0.001875937
0.001973102
0.002171622
0.002408715
0.002616446
0.002905905
0.003004364
0.002963604
0.003423794
0.002668035
0.002166178
0.002245251
0.00221666
0.00194044
0.001756481
0.001728161
0.001590918
0.001659782
0.001678814
0.001566295
0.00156912
0.00161759
0.001474075
0.002264431
0.001628529
0.001213902
0.001358137
0.001666319
0.001824608
0.00197343
0.001961732
0.001909407
0.001922308
0.002078631
0.00198674
0.00203192
0.002234042
0.002096265
0.002635536
0.001925104
0.001371922
0.001644705
0.002091077
0.002249159
0.002393407
0.002142769
0.00188873
0.001646908
0.001601177
0.001618901
0.001838982
0.001889539
0.001880381
0.002518007
0.001854873
0.001423297
0.001529977
0.00188814
0.001976467
0.002243863
0.002300597
0.002536768
0.002720946
0.003057034
0.003396232
0.00379959
0.004108792
0.004324419
0.005051432
0.004749228
0.00466665
0.004990954
0.005362083
0.005619214
0.005925651
0.006155388
0.006403405
0.006563836
0.006772701
0.006993762
0.007135573
0.007176331
0.007172057
0.007615488
0.007341045
0.00716377
0.007374235
0.007625589
0.00784988
0.008294029
0.008531799
0.008748298
0.008763499
0.008872077
0.010650017
0.008626805
0.006949652
0.005950149
0.006187911
0.005885557
0.005741547
0.006030903
0.005845795
0.005675238
0.005530785
0.005109211
0.004795365
0.004618729
0.004550109
0.004381228
0.004573695
0.004602927
0.004342472
0.004878346
0.0044447
0.003948984
0.004066713
0.003803957
0.003361655
0.002970729
0.002993262
0.002891569
0.002855052
0.002690408
0.002437945
0.002453993
0.002520796
0.002417808
0.003260834
0.002994199
0.002902781
0.003228874
0.003483095
0.003545844
0.003418121
0.003165662
0.002770677
0.002399571
0.002471645
0.002514895
0.002965242
0.003418459
0.003830278
0.005192603
0.006908395
0.009879927
0.012310041
0.012026637
0.01096762
0.010364636
0.009263339
0.007727225
0.00590616
0.004861941
0.004153744
0.004995052
0.006082903
0.005934274
0.005974627
0.005864139
0.006225087
0.007354233
0.007927089
0.008350391
0.008008467
0.00708039
0.005360771
0.004187
0.00321657
0.002689457
0.002510509
0.002313561
0.002027339
0.002659962
0.001949516
0.001273682
0.001458644
0.001682587
0.001692984
0.001779296
0.001848306
0.001965686
0.002017251
0.00206647
0.002000958
0.00206655
0.002056385
0.001911199
0.002569206
0.001949567
0.001472035
0.001632414
0.001883611
0.001851506
0.001855792
0.001894223
0.001714291
0.001728215
0.001691694
0.001596552
0.001590478
0.001665152
0.001578412
0.002340071
0.001735359
0.001300457
0.00144561
0.001655661
0.00168633
0.001726879
0.001702495
0.001693581
0.001737601
0.001717407
0.001671611
0.001740554
0.001777733
0.001660933
0.002340004
0.001780204
0.001367736
0.001402288
0.001525291
0.001629329
0.001636757
0.001678975
0.00165126
0.001752182
0.001800542
0.001801587
0.001908111
0.001942166
0.001907061
0.002539892
0.001878384
0.001439204
0.00155447
0.001650711
0.001611955
0.00156543
0.001549534
0.001539777
0.00160635
0.001625221
0.001627726
0.001691451
0.001811592
0.001739121
0.002464138
0.001902972
0.001435308
0.001591288
0.001823917
0.00190762
0.001896664
0.001960598
0.002001057
0.00219308
0.002370179
0.002890875
0.003813013
0.004606237
0.005641099
0.006805479
0.006464492
0.005937794
0.005922054
0.005957473
0.005813579
0.005634736
0.005277176
0.005277329
0.005730252
0.006206433
0.006144762
0.005727192
0.005184394
0.005194317
0.006147229
0.005815792
0.005184187
0.005507467
0.005688989
0.005827778
0.006336163
0.006297312
0.006667536
0.007197871
0.006955346
0.006984913
0.007034522
0.007914815
0.008139063
0.008648164
0.009703903
0.010215323
0.009180871
0.009057646
0.008606169
0.009645881
0.009157861
0.008433787
0.006771071
0.007999986
0.010822317
0.011846419
0.008703715
0.005556864
0.006821627
0.006525098
0.006844935
0.00818497
0.008795108
0.009731293
0.011263401
0.011937048
0.012666719
0.013442629
0.013569058
0.013502085
0.013368643
0.012332436
0.011025483
0.010949501
0.009004733
0.006852893
0.006333721
0.005868242
0.005736196
0.005869108
0.00575811
0.005390267
0.005436193
0.005086963
0.004582926
0.004307173
0.003996941
0.004141613
0.004749945
0.004336759
0.003966003
0.003797458
0.003669343
0.003844966
0.00453955
0.004942705
0.005709517
0.006599772
0.007362848
0.007960089
0.00859674
0.009223408
0.009810369
0.010816007
0.011097001
0.011558185
0.012245575
0.012192506
0.011704652
0.011114176
0.01080284
0.010513049
0.009922664
0.00898794
0.00787253
0.008010416
0.007306224
0.00652184
0.00708323
0.006375433
0.005272378
0.004728478
0.005009938
0.005574789
0.006187277
0.006048271
0.005579822
0.004930942
0.00425061
0.004235795
0.0040218
0.003915173
0.004129449
0.00513013
0.004634651
0.004570027
0.005047375
0.005908367
0.006714091
0.007771425
0.008451996
0.00916984
0.009005255
0.008796703
0.008453171
0.007995328
0.007377627
0.006522169
0.006469318
0.005334857
0.004821321
0.005262192
0.005594184
0.005940409
0.006504134
0.007173309
0.007595514
0.007968202
0.007999937
0.008079714
0.008035247
0.007902133
0.007767367
0.008396693
0.008218639
0.008456708
0.008922164
0.009662536
0.010495509
0.011327625
0.012371759
0.013408253
0.014495109
0.015530779
0.016391153
0.016910131
0.017354767
0.017710987
0.018029169
0.017053616
0.016168992
0.015836325
0.015360466
0.01476368
0.014497143
0.014152637
0.013754827
0.013576458
0.013448695
0.013452885
0.013154231
0.012094152
0.011122455
0.010778036
0.009612366
0.008731245
0.009261092
0.010605688
0.01292552
0.012629337
0.012026023
0.011748105
0.01136919
0.011280261
0.010821207
0.011529519
0.012112544
0.012821018
0.013566176
0.013192861
0.013531017
0.014298072
0.015368621
0.015661846
0.01727327
0.018080423
0.017645094
0.017206289
0.017412427
0.018125321
0.018281524
0.019382506
0.020181248
0.020653077
0.020091919
0.019766461
0.018176747
0.014350026
0.011214495
0.008302663
0.006249786
0.004578573
0.005489318
0.004864317
0.005621827
0.005634016
0.006711598
0.007068285
0.007988774
0.00766633
0.007246553
0.00775631
0.007398071
0.007239819
0.006724961
0.006358817
0.007148442
0.007137255
0.006668725
0.006097095
0.006315181
0.006251377
0.006352531
0.008764746
0.010458298
0.00985276
0.009301865
0.008328099
0.007543978
0.006380576
0.006069071
0.005150225
0.005003659
0.005119284
0.004966172
0.005040542
0.004844391
0.004354461
0.005147363
0.004540973
0.003630322
0.003482095
0.003747329
0.003645233
0.003255914
0.003221023
0.003753206
0.003957398
0.004008642
0.00441655
0.004719784
0.004662168
0.004837679
0.005729711
0.006168566
0.005948964
0.006494372
0.007411676
0.007796186
0.007433393
0.006678097
0.005945063
0.006247794
0.006309859
0.006766185
0.007608738
0.007773773
0.008676945
0.009218867
0.009288736
0.0100775
0.01081444
0.011136019
0.010147279
0.01138867
0.011915147
0.01230197
0.012849981
0.013025251
0.012559966
0.012186079
0.011415947
0.011123242
0.011786337
0.011743286
0.010977312
0.010667332
0.009864921
0.007528334
0.006687573
0.005605716
0.004575516
0.00410346
0.003634106
0.003838581
0.004261739
0.004394789
0.004740267
0.00542799
0.005224626
0.005248676
0.005826809
0.006224023
0.006028946
0.006065523
0.005555628
0.004914625
0.004386638
0.004138568
0.003995791
0.003886793
0.003713548
0.003517764
0.003841654
0.002685283
0.00218596
0.002680704
0.00323508
0.003815677
0.004190888
0.004388762
0.004503398
0.004537312
0.005218649
0.004235636
0.003560354
0.003565389
0.003556643
0.003890924
0.003463672
0.003379406
0.003677486
0.003651638
0.003859334
0.003814069
0.003632469
0.003397112
0.003236542
0.00310274
0.002687963
0.002369352
0.002159589
0.001937972
0.00274716
0.002122521
0.001646694
0.001772573
0.001867465
0.00182985
0.001845333
0.001908794
0.001984883
0.002082779
0.001973771
0.001978539
0.002089521
0.002089927
0.001999913
0.002733879
0.002206055
0.001962342
0.002307711
0.002536235
0.002367901
0.002400582
0.002351507
0.002232654
0.002256808
0.002156348
0.002084105
0.002094877
0.00214236
0.001920783
0.002629753
0.002019123
0.001641781
0.0018154
0.001975165
0.001943206
0.00202282
0.002045318
0.002167744
0.002293493
0.002297721
0.002161287
0.002113085
0.00213048
0.002093087
0.002813532
0.002311348
0.001901039
0.002209381
0.002712501
0.003036488
0.003369468
0.003455374
0.003331788
0.00330478
0.003175898
0.00299962
0.002846036
0.002660697
0.002321965
0.002688887
0.00194436
0.001794703
0.002196391
0.002393508
0.002324555
0.001948204
0.001773184
0.001792874
0.001952471
0.001951608
0.001950886
0.001918202
0.001785532
0.001705731
0.002437271
0.001790694
0.001382227
0.001505175
0.001784455
0.00204984
0.002142052
0.002018102
0.00181041
0.001977477
0.001986989
0.001901192
0.002016176
0.002104206
0.002239095
0.003149055
0.003014703
0.003253258
0.003348341
0.003355935
0.003711568
0.003814633
0.004055044
0.003928937
0.003984186
0.003766054
0.003563081
0.00346841
0.003247907
0.00283036
0.003238523
0.002232524
0.001576313
0.001619761
0.001805953
0.002019713
0.002246393
0.002209074
0.002040857
0.001963746
0.001838971
0.001790726
0.001747681
0.001743964
0.001662575
0.00247627
0.001694087
0.001242156
0.001418156
0.001554707
0.001485189
0.00159922
0.001515453
0.001560556
0.001623359
0.001564067
0.001591359
0.001673529
0.00181151
0.001818487
0.002533674
0.001845201
0.001222383
0.001201122
0.00144859
0.001572883
0.001680206
0.001588599
0.001507147
0.001688484
0.001644227
0.001666269
0.001749598
0.001726556
0.001622064
0.00239857
0.001728535
0.001250151
0.001370694
0.001574922
0.001618931
0.001694941
0.001572596
0.001534707
0.001583884
0.001537032
0.00154046
0.00165029
0.00164775
0.001587294
0.002436009
0.001785072
0.001159113
0.001302805
0.001452372
0.001411442
0.001543464
0.001516129
0.001500057
0.001595362
0.001574013
0.0015336
0.001702745
0.00183266
0.001844323
0.002620384
0.001995877
0.001609751
0.001836976
0.002046454
0.002150949
0.002242051
0.002160126
0.002238322
0.002279335
0.002334643
0.002290981
0.002322007
0.002342486
0.002125934
0.002690545
0.001920318
0.001413819
0.00154178
0.001639751
0.001683157
0.001907763
0.001952056
0.001938241
0.001994157
0.002068906
0.002074056
0.002296879
0.002468883
0.00259419
0.003307746
0.002918589
0.002543147
0.00270336
0.002865273
0.002888877
0.003129618
0.003188673
0.003419281
0.003618109
0.003728868
0.003882063
0.003946703
0.004072826
0.004132021
0.005016038
0.004675992
0.004258638
0.004114095
0.004028586
0.003992225
0.003857264
0.003795433
0.004194469
0.004788032
0.005216213
0.004894708
0.004722847
0.004797549
0.00411462
0.004407367
0.003262454
0.00268776
0.002767237
0.002862106
0.002681541
0.00280639
0.002711175
0.002580202
0.002601825
0.002722787
0.002865954
0.003042591
0.00284715
0.002792339
0.003297165
0.002697943
0.002248203
0.002196264
0.002190434
0.002093323
0.002031692
0.00193858
0.001850625
0.001931802
0.002000407
0.001989684
0.002182303
0.002132929
0.002089091
0.002828962
0.002376135
0.001813218
0.001798105
0.001920462
0.001942154
0.002015812
0.001867349
0.001804496
0.001758397
0.001657473
0.001759084
0.001941609
0.001972242
0.002037938
0.002727098
0.002551948
0.002439678
0.002480212
0.002406037
0.002293962
0.002245303
0.002307034
0.002210751
0.002014842
0.001870426
0.001825627
0.001963098
0.002069409
0.002246509
0.003137474
0.002816205
0.002454253
0.00265363
0.003099877
0.003732636
0.00412236
0.004425912
0.004416146
0.004365202
0.004363254
0.004165556
0.004270826
0.004356712
0.00413973
0.004388524
0.003943171
0.003738803
0.004148037
0.004590493
0.004815444
0.004965675
0.005156171
0.005332715
0.005858954
0.006114937
0.006176772
0.005764965
0.00505341
0.004178492
0.003954914
0.002655759
0.001996446
0.002576237
0.002968726
0.003471466
0.004244402
0.004846913
0.00546174
0.005951527
0.006177499
0.006815963
0.007483581
0.008354948