20.454132
20.45715
20.469944
20.476959
20.483662
20.483057
20.493643
20.49592
20.497658
20.499439
20.503519
20.509085
20.515635
20.504782
20.504557
20.50403
20.49398
20.487267
20.481085
20.466194
20.441967
20.434469
20.403009
20.376373
20.348869
20.313025
20.285009
20.226696
20.172602
20.104174
20.044388
19.998945
20.039034
20.083952
20.111813
20.120346
20.132774
20.146387
20.154823
20.17383
20.1896
20.209518
20.228523
20.246607
20.264166
20.286467
20.297325
20.319262
20.347004
20.365911
20.40048
20.435495
20.448029
20.486849
20.506973
20.535196
20.565914
20.58569
20.601717
20.627192
20.631477
20.64613
20.655605
20.667929
20.669708
20.683508
20.692429
20.704329
20.704424
20.702116
20.716351
20.722769
20.724634
20.715961
20.729841
20.734587
20.717049
20.713629
20.707006
20.670395
20.658663
20.647678
20.627417
20.618809
20.618536
20.628014
20.614773
20.633659
20.655914
20.679146
20.72451
20.773867
20.84565
20.930443
21.013136
21.125364
21.253504
21.396364
21.559916
21.737293
21.941011
22.180019
22.455309
22.774324
23.124693
23.533451
23.981981
24.401997
24.603714
24.547533
24.445974
24.349997
24.265354
24.204002
24.147118
24.072132
23.971354
23.846331
23.732836
23.624689
23.507593
23.362078
23.212658
23.007303
22.825956
22.615299
22.398754
22.193169
21.989447
21.782583
21.577978
21.37501
21.219088
21.046694
20.899717
20.784281
20.68721
20.588526
20.519035
20.432747
20.397406
20.340134
20.298887
20.263605
20.230797
20.209797
20.192995
20.193914
20.160276
20.161131
20.14654
20.120859
20.116415
20.105604
20.103382
20.10236
20.10531
20.106401
20.112503
20.123035
20.12809
20.159332
20.185413
20.207983
20.239176
20.269787
20.298071
20.335131
20.381699
20.387327
20.40933
20.426355
20.441788
20.454161
20.46516
20.458124
20.468775
20.479326
20.482607
20.475826
20.530586
20.618801
20.696905
20.757278
20.80349
20.84901
20.892012
20.923056
20.946695
20.973227
21.003283
21.023605
21.049082
21.073719
21.10693
21.14341
21.169788
21.211092
21.248413
21.290741
21.337954
21.357307
21.390842
21.421387
21.434168
21.453722
21.475023
21.458065
21.472958
21.490696
21.514864
21.537357
21.582294
21.613924
21.675365
21.720562
21.796972
21.877838
21.966551
22.072947
22.198442
22.338503
22.486773
22.651291
22.831848
23.050909
23.282358
23.548164
23.829536
24.148806
24.523487
24.918318
25.348156
25.823494
26.334278
26.879719
27.225685
27.129381
26.985445
26.877523
26.806038
26.743389
26.629498
26.390734
26.126659
25.910875
25.708067
25.541485
25.413847
25.309605
25.188749
25.061079
24.911018
24.743347
24.568087
24.355425
24.165098
23.964497
23.749746
23.556772
23.36166
23.19355
23.011293
22.870739
22.750355
22.612303
22.515673
22.408693
22.273331
22.138384
22.010225
21.833382
21.686708
21.558001
21.435848
21.317148
21.194496
21.079699
20.970364
20.887722
20.793829
20.70401
20.625971
20.542946
20.484842
20.432417
20.374531
20.342575
20.292454
20.256733
20.226442
20.200718
20.178654
20.159466
20.149988
20.133156
20.122393
20.109186
20.101974
20.076391
20.054619
20.02655
19.983246
19.973705
20.04101
20.153257
20.260559
20.357725
20.437231
20.516083
20.584051
20.632679
20.692429
20.729101
20.768551
20.794796
20.841974
20.880304
20.905293
20.95001
20.986582
21.047932
21.098797
21.163078
21.226877
21.285364
21.351233
21.413792
21.468519
21.516697
21.600895
21.662918
21.726629
21.796885
21.851851
21.877867
21.922422
21.988987
22.063786
22.126833
22.190964
22.26717
22.337999
22.411345
22.47271
22.557945
22.641788
22.725378
22.803907
22.897116
22.996481
23.097414
23.204828
23.340986
23.481916
23.630619
23.821959
24.056026
24.344166
24.671181
25.018627
25.453875
25.936693
26.298964
26.200787
26.051399
25.964788
25.922283
25.887663
25.841
25.728952
25.585442
25.466589
25.395065
25.342936
25.322287
25.312248
25.28483
25.249712
25.185358
25.088953
25.000166
24.877769
24.742762
24.605303
24.47637
24.348896
24.213783
24.088005
23.952854
23.807896
23.677362
23.549694
23.414396
23.291609
23.159264
23.027399
22.893528
22.767742
22.624605
22.483751
22.343824
22.225225
22.098709
21.965822
21.831116
21.704525
21.587067
21.476427
21.352125
21.243719
21.152594
21.087523
20.992054
20.923815
20.86837
20.800541
20.738113
20.664618
20.593493
20.510986
20.424013
20.324705
20.231714
20.14819
20.05628
19.962452
19.962482
19.983799
20.004259
20.001055
19.995501
19.978041
19.964539
19.954782
19.953894
19.95636
19.961363
19.969484
19.982534
20.00989
20.020426
20.041161
20.075262
20.111734
20.150051
20.189623
20.244774
20.291498
20.353945
20.401142
20.449276
20.489246
20.559345
20.609158
20.675028
20.735723
20.803518
20.873257
20.950756
21.019106
21.095533
21.174818
21.255312
21.331982
21.417408
21.486568
21.580545
21.659033
21.74086
21.830471
21.92503
22.012123
22.098629
22.193975
22.274136
22.388363
22.480015
22.564333
22.656822
22.76248
22.877085
22.998714
23.135065
23.290455
23.480055
23.705956
23.987963
24.325651
24.711807
25.169764
25.677303
26.19796
26.295151
26.120296
26.025072
25.97015
25.939909
25.906174
25.854557
25.733547
25.58
25.459007
25.383173
25.335905
25.316147
25.283556
25.238253
25.180384
25.102339
25.006519
24.895424
24.771564
24.645378
24.503597
24.359146
24.205608
24.054214
23.877657
23.702421
23.546598
23.385294
23.241428
23.090193
22.946043
22.790718
22.649391
22.503761
22.358519
22.219296
22.095776
21.967541
21.84713
21.741505
21.618713
21.49094
21.38303
21.28056
21.171104
21.081318
21.000906
20.926786
20.832954
20.75396
20.667036
20.606926
20.509455
20.409935
20.325226
20.237225
20.126432
20.009148
19.895832
19.763371
19.618408
19.502001
19.462212
19.45001
19.460556
19.472996
19.4783
19.487703
19.501236
19.523327
19.529295
19.540377
19.557362
19.568197
19.582314
19.593769
19.607004
19.62072
19.638021
19.664167
19.694525
19.736179
19.782703
19.833971
19.893677
19.938765
19.996443
20.060703
20.104349
20.163494
20.225742
20.289169
20.338043
20.389463
20.457262
20.518335
20.590075
20.639242
20.700348
20.775118
20.834593
20.899824
20.975006
21.042253
21.114643
21.192966
21.273216
21.343897
21.418356
21.500778
21.572855
21.666615
21.751116
21.824551
21.906176
21.998913
22.097023
22.193445
22.271524
22.374809
22.491512
22.602797
22.716919
22.850969
23.006914
23.194967
23.412773
23.67627
23.994789
24.352524
24.729773
24.96426
24.909025
24.822453
24.791458
24.784687
24.777306
24.760971
24.73382
24.684963
24.652702
24.640526
24.643047
24.68181
24.709089
24.725525
24.746811
24.745722
24.7176
24.669376
24.617037
24.559731
24.491562
24.410143
24.315977
24.221781
24.095711
23.954237
23.807253
23.623268
23.466106
23.274313
23.097183
22.939445
22.757765
22.598667
22.444513
22.282957
22.122343
21.961285
21.822943
21.663671
21.538496
21.427759
21.316792
21.20439
21.102776
21.008024
20.888628
20.778145
20.668259
20.544027
20.413561
20.264692
20.113541
19.97053
19.843107
19.803757
19.792061
19.780827
19.778494
19.762812
19.756575
19.750244
19.741886
19.736647
19.7297
19.728495
19.733456
19.754629
19.746384
19.750278
19.765028
19.775181
19.782078
19.798124
19.834496
19.886087
19.942795
20.004257
20.060722
20.114262
20.182205
20.251417
20.323055
20.380043
20.441425
20.506618
20.578434
20.651596
20.720592
20.803171
20.893822
20.951107
21.035906
21.134005
21.218102
21.303762
21.385216
21.467714
21.539591
21.624153
21.69791
21.784763
21.860714
21.941282
22.020351
22.097523
22.165371
22.249973
22.327223
22.402411
22.472326
22.551359
22.631809
22.715267
22.796225
22.891012
22.979753
23.098476
23.222498
23.376831
23.568447
23.812922
24.101746
24.449041
24.844191
25.277647
25.63324
25.5812
25.435575
25.372763
25.344509
25.321022
25.291935
25.229048
25.143879
25.075493
25.042643
25.038246
25.047012
25.062338
25.077715
25.089365
25.092421
25.07509
25.033846
24.976427
24.893738
24.794533
24.680353
24.567638
24.440397
24.294117
24.13166
23.963413
23.797586
23.595043
23.405792
23.221193
23.021873
22.844269
22.654942
22.463615
22.282761
22.066221
21.848465
21.632971
21.408829
21.17647
20.965799
20.747355
20.513813
20.297331
20.087416
19.880064
19.675409
19.489965
19.30337
19.117186
18.958826
18.790794
18.659979
18.552723
18.478184
18.452633
18.459076
18.49078
18.529305
18.565166
18.601715
18.626148
18.659613
18.693005
18.733931
18.768957
18.796764
18.822475
18.846704
18.86451
18.889931
18.917612
18.948195
18.990438
19.038343
19.087057
19.14402
19.206295
19.269087
19.330915
19.410131
19.487484
19.560463
19.637304
19.709078
19.791348
19.889492
19.983837
20.065655
20.16765
20.264542
20.353994
20.444633
20.54624
20.647331
20.741419
20.849106
20.953257
21.053295
21.179993
21.290802
21.42458
21.549288
21.668367
21.795818
21.922894
22.068651
22.206213
22.33885
22.487532
22.642239
22.797964
22.958462
23.116623
23.292799
23.478497
23.683981
23.909651
24.17128
24.473719
24.829859
25.202909
25.616119
25.807228
25.654949
25.550261
25.50593
25.468857
25.433073
25.375683
25.315985
25.2911
25.274429
25.267761
25.284781
25.315683
25.354279
25.395014
25.439734
25.47847
25.494179
25.492563
25.466469
25.425188
25.355091
25.282301
25.177259
25.051077
24.909491
24.76265
24.595863
24.411512
24.21142
24.001331
23.776737
23.544928
23.30237
23.083429
22.838129
22.611738
22.397121
22.149145
21.936739
21.697184
21.464651
21.235538
20.990789
20.770494
20.546268
20.314268
20.085827
19.860727
19.65616
19.477335
19.369143
19.279915
19.239056
19.20426
19.173792
19.157667
19.140469
19.123459
19.109581
19.108074
19.086227
19.076126
19.062164
19.04471
19.027281
19.006166
18.993704
18.987886
18.986313
18.985657
18.986431
18.991669
19.004921
19.025772
19.063591
19.118248
19.157818
19.218563
19.279903
19.351271
19.410088
19.457468
19.527704
19.602606
19.673227
19.742636
19.799734
19.878094
19.949837
20.028421
20.091208
20.169155
20.238972
20.297392
20.378708
20.470694
20.545027
20.618053
20.701094
20.787901
20.874771
20.960638
21.040405
21.142939
21.244806
21.337566
21.449633
21.544399
21.64279
21.756021
21.854963
21.956892
22.050926
22.16118
22.246851
22.349478
22.433905
22.528749
22.619005
22.714901
22.82316
22.950518
23.099771
23.300882
23.533297
23.831636
24.183016
24.58725
24.99032
25.092768
24.952799
24.89537
24.877615
24.87335
24.872486
24.86927
24.87944
24.903687
24.92449
24.954725
24.981581
24.990688
25.032454
25.078621
25.127491
25.171679
25.200855
25.214739
25.213589
25.183886
25.14999
25.103949
25.054451
25.000114
24.919762
24.811926
24.694023
24.557787
24.396044
24.217348
24.013975
23.796179
23.560295
23.323349
23.103527
22.866549
22.638731
22.408377
22.181561
21.969351
21.769283
21.559607
21.336241
21.123838
20.91433
20.690817
20.454929
20.233461
20.00902
19.80986
19.676077
19.589813
19.504629
19.407784
19.323675
19.243225
19.169889
19.091854
19.035055
18.968584
18.900465
18.854807
18.79879
18.762493
18.720289
18.668818
18.635593
18.594692
18.541454
18.499229
18.451515
18.42067
18.398851
18.382622
18.366388
18.378223
18.386271
18.395948
18.409817
18.430262
18.45484
18.485546
18.525892
18.56945
18.608917
18.664413
18.719004
18.784813
18.842638
18.903662
18.955679
19.021286
19.103689
19.16766
19.243523
19.328564
19.409723
19.489336
19.581575
19.65801
19.761086
19.847935
19.93018
20.036251
20.140072
20.238157
20.3603
20.471233
20.58086
20.708809
20.827148
20.951759
21.08754
21.202463
21.33839
21.454475
21.595303
21.741341
21.887453
22.062817
22.231482
22.433834
22.643997
22.888052
23.179571
23.504738
23.887711
24.320999
24.773369
24.968731
24.810471
24.728668
24.703146
24.693991
24.684954
24.670374
24.647087
24.630035
24.633049
24.663549
24.716856
24.780647
24.849642
24.930983
25.019299
25.107769
25.189932
25.238125
25.270657
25.312117
25.315012
25.296026
25.263718
25.229889
25.146141
24.996803
24.818287
24.65873
24.477015
24.283684
24.094133
23.897438
23.701681
23.513638
23.314758
23.117018
22.941355
22.751768
22.572598
22.390533
22.225319
22.050367
21.876524
21.698677
21.532383
21.365208
21.194088
21.00421
20.833246
20.628645
20.429829
20.210545
19.988369
19.816608
19.712627
19.635479
19.556465
19.486658
19.427023
19.355097
19.2829
19.216635
19.162161
19.119814
19.074911
19.038116
18.99087
18.964731
18.92791
18.899048
18.881659
18.870552
18.847313
18.836954
18.836832
18.840599
18.842131
18.843718
18.852278
18.871876
18.889961
18.918344
18.947008
18.985167
19.02227
19.072701
19.124786
19.167639
19.196426
19.246832
19.311775
19.370497
19.416353
19.496223
19.558397
19.61273
19.674906
19.741814
19.809538
19.877295
19.949818
20.013165
20.08111
20.153658
20.227554
20.310112
20.371641
20.450758
20.525404
20.603016
20.687548
20.766153
20.836969
20.926399
20.986931
21.063198
21.134005
21.192188
21.258478
21.310228
21.368721
21.436415
21.502132
21.587643
21.679583
21.806208
21.943302
22.115595
22.339983
22.598686
22.929018
23.299992
23.5527
23.523987
23.441328
23.42482
23.437792
23.473228
23.529499
23.579372
23.627619
23.690821
23.766806
23.864719
23.957743
24.082985
24.220209
24.354836
24.473125
24.595863
24.688805
24.763781
24.814894
24.848377
24.851997
24.82745
24.800312
24.765232
24.701893
24.574791
24.405828
24.220169
24.009892
23.788471
23.568274
23.349606
23.133144
22.940119
22.736732
22.540438
22.36191
22.17329
21.982172
21.793228
21.601473
21.402903
21.216778
21.009682
20.806438
20.591429
20.381365
20.162191
19.96192
19.747929
19.538671
19.321484
19.09852
18.899731
18.737511
18.634119
18.54582
18.459497
18.390022
18.315598
18.265141
18.219385
18.154366
18.112543
18.065863
18.035294
18.010708
17.995796
17.9758
17.957417
17.943796
17.932823
17.919317
17.921366
17.926435
17.931145
17.946562
17.967155
17.994858
18.034275
18.084656
18.135571
18.17782
18.244326
18.326542
18.408602
18.503611
18.609354
18.699066
18.805065
18.900335
19.006386
19.101788
19.201836
19.305637
19.413813
19.519699
19.607203
19.717756
19.817192
19.916071
20.013073
20.112223
20.213428
20.296776
20.411856
20.499685
20.59041
20.689331
20.788111
20.901308
20.996737
21.113195
21.21909
21.3542
21.474787
21.616198
21.781317
21.970953
22.230694
22.524826
22.8715
23.256601
23.701473
24.198034
24.751017
25.315186
25.470177
25.307354
25.24507
25.213766
25.206347
25.204735
25.197229
25.187515
25.177185
25.184155
25.210329
25.258257
25.329914
25.411821
25.51841
25.61541
25.697857
25.756876
25.801157
25.799902
25.780575
25.753975
25.714485
25.641094
25.512508
25.340065
25.148174
24.942915
24.739897
24.510847
24.290346
24.062029
23.838644
23.623711
23.397457
23.183262
22.964043
22.74622
22.525906
22.309324
22.079828
21.858406
21.627083
21.383972
21.138361
20.905512
20.681385
20.438808
20.232506
20.01306
19.815048
19.61018
19.439301
19.338362
19.262297
19.195908
19.148962
19.118263
19.080906
19.061113
19.042154
19.000807
18.985899
18.953749
18.920744
18.902357
18.883593
18.85475
18.852381
18.830643
18.823425
18.818113
18.821033
18.825762
18.840481
18.887074
18.946749
19.00539
19.073313
19.157669
19.234533
19.301989
19.381115
19.443872
19.512531
19.601856
19.686937
19.766928
19.856293
19.948879
20.028503
20.107948
20.2024
20.289738
20.364328
20.451075
20.52623
20.613832
20.704231
20.796301
20.876396
20.972715
21.058342
21.155148
21.262741
21.393154
21.492517
21.615141
21.715061
21.840813
21.962076
22.074352
22.198479
22.315187
22.433737
22.56819
22.694469
22.834749
22.995573
23.191853
23.427814
23.696787
24.038057
24.422476
24.842798
25.145222
25.032959
24.912006
24.874994
24.855822
24.840912
24.817419
24.779701
24.736008
24.703407
24.699999
24.70577
24.729296
24.753532
24.787413
24.816113
24.837852
24.850401
24.842188
24.807716
24.759827
24.704947
24.611382
24.51502
24.398109
24.26454
24.098116
23.912441
23.71349
23.504925
23.311558
23.08856
22.889292
22.69013
22.506849
22.315712
22.144171
21.978796
21.819565
21.645922
21.483793
21.302574
21.114559
20.921074
20.729551
20.538282
20.319332
20.099468
19.884069
19.676237
19.47016
19.286821
19.094162
18.926538
18.828894
18.761564
18.712097
18.652008
18.599119
18.539061
18.473431
18.440102
18.386654
18.348734
18.314901
18.292637
18.261585
18.232134
18.220428
18.206274
18.203455
18.20853
18.217243
18.222383
18.231188
18.249292
18.287004
18.337385
18.388391
18.4345
18.486177
18.55101
18.603792
18.667229
18.737877
18.812439
18.859682
18.923866
19.005196
19.090937
19.175472
19.290272
19.373152
19.459953
19.548481
19.63426
19.728832
19.82476
19.893908
19.977314
20.065172
20.167036
20.250551
20.331326
20.425756
20.505651
20.594442
20.680855
20.78212
20.871405
20.973528
21.070116
21.152967
21.246729
21.341875
21.43507
21.527111
21.623352
21.724449
21.836723
21.935356
22.051739
22.182503
22.332384
22.503656
20.719208
20.755121
20.800184
20.875427
20.958595
21.07308
21.184069
21.321276
21.496948
21.668461
21.87966
22.094976
22.350893
22.627804
22.952448
23.281948
23.65975
24.052177
24.292767
24.124382
23.961006
23.886635
23.837912
23.77556
23.667269
23.530079
23.412399
23.307924
23.232635
23.168278
23.107616
23.036346
22.982635
22.896898
22.786831
22.694757
22.58304
22.465931
22.342173
22.22224
22.075331
21.934795
21.827381
21.725172
21.630312
21.532331
21.432125
21.327711
21.239624
21.143087
21.067636
20.98665
20.895866
20.807938
20.734716
20.668509
20.603855
20.532585
20.470835
20.411404
20.335354
20.263155
20.209827
20.145229
20.074375
20.015308
19.941706
19.89809
19.838343
19.746548
19.716576
19.644346
19.565094
19.489227
19.395815
19.268564
19.145824
19.010054
18.845287
18.68919
18.619047
18.614811
18.652246
18.695787
18.719509
18.768259
18.801056
18.833273
18.854616
18.868912
18.895502
18.942617
18.977306
18.997559
19.012575
19.019567
19.026533
19.028351
19.038897
19.056412
19.086466
19.118139
19.129967
19.174902
19.198931
19.222038
19.260744
19.291885
19.309973
19.340803
19.369307
19.379866
19.40691
19.432867
19.46031
19.489668
19.500181
19.529711
19.579489
19.618629
19.639854
19.687227
19.726097
19.754444
19.820313
19.882967
19.921642
19.994392
20.038483
20.06599
20.154612
20.26198
20.353647
20.473261
20.634584
20.799494
21.000156
21.231136
21.515667
21.830233
22.160795
22.526304
22.927923
23.361628
23.819248
24.126286
24.002821
23.839369
23.771282
23.717081
23.652002
23.533829
23.387556
23.281858
23.206297
23.152315
23.0896
23.045691
23.000454
22.946579
22.861246
22.772434
22.662695
22.541203
22.40029
22.246002
22.080303
21.910141
21.719868
21.549788
21.377037
21.211824
21.030216
20.854277
20.692602
20.527969
20.401918
20.268564
20.137064
20.034515
19.918535
19.811934
19.716883
19.616066
19.526482
19.439083
19.347628
19.293653
19.219645
19.136822
19.068214
18.978035
18.906811
18.815565
18.722912
18.597532
18.472181
18.347902
18.230669
18.119917
18.107189
18.15868
18.226736
18.280657
18.353712
18.428438
18.498552
18.562675
18.614138
18.657143
18.683979
18.706442
18.734783
18.761471
18.77976
18.802546
18.836273
18.86783
18.909367
18.942144
18.964352
19.02191
19.076645
19.120378
19.180359
19.21801
19.268299
19.314596
19.363647
19.404593
19.45447
19.49507
19.538383
19.57951
19.624132
19.676908
19.729755
19.776749
19.833464
19.868401
19.922255
19.96138
20.014427
20.076441
20.121508
20.167171
20.218128
20.268429
20.328472
20.377497
20.429415
20.474388
20.560369
20.62723
20.682148
20.746607
20.832808
20.885918
20.945049
21.036987
21.106617
21.192389
21.277561
21.375084
21.50082
21.656118
21.837629
22.072897
22.36418
22.698322
23.073372
23.521957
23.789017
23.621983
23.485004
23.435514
23.401564
23.362389
23.317163
23.249701
23.187733
23.140011
23.117718
23.124401
23.149502
23.182325
23.216526
23.243336
23.245983
23.229845
23.183138
23.13386
23.064096
22.953026
22.844206
22.717697
22.573635
22.418648
22.266075
22.138401
21.988327
21.838844
21.69212
21.557295
21.420708
21.286997
21.160383
21.04092
20.915209
20.788134
20.67186
20.554188
20.448252
20.346449
20.24069
20.134064
20.032879
19.906096
19.807762
19.686779
19.578609
19.453554
19.334681
19.210226
19.080652
18.933653
18.803822
18.636539
18.476299
18.302498
18.124702
17.9967
17.934362
17.93696
17.924797
17.910391
17.918385
17.933193
17.940334
17.943298
17.941572
17.928526
17.907127
17.896221
17.880728
17.876461
17.877907
17.890551
17.884239
17.909931
17.938793
17.974964
18.015089
18.058922
18.091288
18.123152
18.169521
18.189842
18.216639
18.241535
18.279692
18.321123
18.336863
18.36129
18.400309
18.428062
18.450104
18.494883
18.537523
18.573303
18.595024
18.661533
18.707428
18.755199
18.805376
18.85478
18.906305
18.969908
19.031633
19.09458
19.17522
19.250546
19.325464
19.405561
19.48819
19.551018
19.630201
19.730095
19.8195
19.929688
20.024359
20.13196
20.238279
20.37631
20.49864
20.643724
20.793179
20.989086
21.198936
21.477623
21.770124
22.112314
22.461937
22.865187
23.214069
23.230537
23.073877
23.007853
22.981657
22.975077
22.978703
22.99057
23.016968
23.047972
23.087639
23.132814
23.204342
23.272839
23.350142
23.421852
23.477104
23.510395
23.52224
23.518259
23.49222
23.448072
23.390842
23.3034
23.188486
23.050573
22.899269
22.741152
22.58297
22.430996
22.293774
22.145119
21.99827
21.861616
21.716597
21.591562
21.455135
21.334536
21.211969
21.091711
20.962147
20.81266
20.65971
20.489296
20.29743
20.069542
19.816912
19.562935
19.300985
19.080172
18.968952
18.893778
18.835649
18.786087
18.73287
18.699982
18.668537
18.635611
18.594587
18.560696
18.526808
18.48984
18.44599
18.401302
18.343702
18.291613
18.247532
18.219627
18.196032
18.198442
18.199215
18.20437
18.206861
18.216278
18.239628
18.276541
18.315302
18.369511
18.426182
18.485481
18.545452
18.615353
18.662966
18.730364
18.78968
18.844488
18.914108
18.980091
19.055367
19.128464
19.195398
19.253057
19.33305
19.402201
19.476171
19.540892
19.59564
19.686357
19.76161
19.850773
19.935337
20.040745
20.126753
20.232315
20.342243
20.449202
20.570614
20.68631
20.795235
20.899195
21.022089
21.13966
21.251177
21.378353
21.496988
21.623783
21.764322
21.921862
22.119307
22.352634
22.612309
22.919659
23.282021
23.699337
24.148632
24.285316
24.115036
24.019552
23.978775
23.950884
23.933558
23.921873
23.912411
23.902634
23.898182
23.902481
23.920876
23.945015
23.970701
23.993237
24.01108
24.024208
24.023275
24.01203
23.982481
23.891386
23.739534
23.574125
23.404982
23.224499
23.043112
22.846529
22.649044
22.469215
22.288153
22.124691
21.95252
21.79286
21.639446
21.477268
21.319624
21.172079
21.031017
20.868767
20.718838
20.583523
20.438721
20.288769
20.141153
20.008083
19.851229
19.697306
19.514963
19.325268
19.137877
18.948616
18.748554
18.524189
18.312963
18.15461
18.087357
18.053738
18.026297
18.014244
18.005228
18.00333
17.993341
17.992212
17.982391
17.976534
17.968128
17.963945
17.965147
17.964245
17.976496
17.982016
17.994003
18.008749
18.042307
18.081728
18.115826
18.1535
18.196255
18.23868
18.283548
18.319065
18.37026
18.416592
18.458521
18.517859
18.574434
18.650736
18.706547
18.756592
18.824722
18.892952
18.977131
19.076283
19.164974
19.237789
19.327744
19.41646
19.518173
19.593792
19.679047
19.783401
19.886129
19.977951
20.078428
20.20475
20.305262
20.431339
20.562546
20.689569
20.848978
21.007282
21.174505
21.366449
21.605829
21.875172
22.174717
22.533009
22.937946
23.399828
23.900505
24.428604
24.63376
24.462225
24.345745
24.28104
24.252968
24.236717
24.22751
24.216707
24.204914
24.187084
24.153357
24.096376
24.028316
23.954126
23.868876
23.772221
23.654396
23.524323
23.380974
23.214132
23.051256
22.885612
22.700079
22.502466
22.304983
22.090593
21.871904
21.650455
21.43219
21.217592
21.018929
20.807255
20.606386
20.41638
20.239794
20.044634
19.871931
19.72611
19.569199
19.423641
19.293859
19.182903
19.06793
18.954153
18.849829
18.745615
18.648993
18.552334
18.441057
18.339281
18.201324
18.063978
17.944109
17.798754
17.750307
17.738083
17.737963
17.742186
17.768555
17.782646
17.796932
17.808029
17.815876
17.828442
17.843584
17.87291
17.904409
17.944729
17.990467
18.029377
18.079203
18.142427
18.204702
18.262688
18.346884
18.441326
18.526533
18.601814
18.696507
18.781401
18.865887
18.957809
19.059015
19.149508
19.261507
19.361534
19.467621
19.598213
19.71081
19.819963
19.938179
20.058828
20.174982
20.296268
20.415396
20.526062
20.642187
20.769535
20.882492
21.007668
21.109499
21.246883
21.365145
21.480373
21.59524
21.71722
21.845083
21.989286
22.126892
22.320276
22.534119
22.795191
23.102018
23.467752
23.9328
24.398455
24.750042
24.613691
24.455194
24.373878
24.328712
24.304916
24.280958
24.242044
24.182758
24.149275
24.124046
24.120733
24.120277
24.123009
24.112764
24.093107
24.063183
24.026684
23.988518
23.913982
23.793377
23.667311
23.534529
23.372833
23.208258
23.036663
22.87084
22.703348
22.537554
22.3699
22.202393
22.041004
21.875528
21.723631
21.569931
21.41028
21.263374
21.10627
20.941998
20.801022
20.669735
20.535454
20.421124
20.304085
20.16819
20.06074
19.9391
19.809702
19.681465
19.531666
19.391211
19.244207
19.094355
18.91786
18.748072
18.567558
18.431208
18.361357
18.341366
18.301611
18.264357
18.245815
18.241173
18.226498
18.230871
18.223501
18.226557
18.238123
18.255346
18.274414
18.30192
18.344801
18.403767
18.484615
18.561697
18.65274
18.730505
18.830662
18.904652
18.994411
19.0884
19.185081
19.278383
19.373047
19.451937
19.548805
19.636335
19.701868
19.811878
19.891502
19.978643
20.071127
20.167286
20.252245
20.347233
20.434063
20.519535
20.59753
20.670076
20.73844
20.831007
20.908522
20.988789
21.078728
21.156685
21.239128
21.355354
21.469082
21.57247
21.700434
21.841606
22.020576
22.218246
22.494671
22.821362
23.187868
23.619186
24.107014
24.657846
25.244755
25.596127
25.496471
25.357321
25.270889
25.219957
25.182747
25.149651
25.115528
25.059826
24.999146
24.941261
24.891331
24.867619
24.865507
24.868786
24.867933
24.852205
24.8165
24.751364
24.650454
24.534731
24.393692
24.225811
24.063423
23.887747
23.6807
23.488064
23.29719
23.071949
22.858433
22.653582
22.422709
22.198471
21.965918
21.750969
21.526405
21.324945
21.129105
20.92329
20.723568
20.534378
20.356726
20.167309
20.002138
19.828466
19.648802
19.457449
19.276175
19.107
18.926062
18.740381
18.572273
18.388641
18.18577
17.989477
17.783756
17.622408
17.554123
17.524899
17.520952
17.538031
17.564642
17.593647
17.611378
17.629818
17.658655
17.69087
17.719046
17.744659
17.768911
17.808176
17.844418
17.885107
17.937443
17.997297
18.072771
18.1546
18.24749
18.333241
18.428089
18.532703
18.634665
18.729004
18.825773
18.933716
19.033649
19.12723
19.226238
19.331892
19.413363
19.516859
19.620262
19.722443
19.811571
19.899382
19.994411
20.082935
20.161785
20.252872
20.347263
20.438526
20.515863
20.600191
20.693247
20.759871
20.84557
20.930613
21.003393
21.092232
21.181789
21.268759
21.354193
21.465885
21.560652
21.683334
21.798611
21.913431
22.048147
22.208439
22.378269
22.570515
22.804077
23.067444
23.375252
23.699883
24.070366
24.485588
24.835716
24.832445
24.672091
24.613323
24.571907
24.531988
24.482792
24.441277
24.410442
24.38604
24.380592
24.381836
24.370432
24.388609
24.41659
24.454338
24.470181
24.468258
24.459883
24.434422
24.39238
24.33049
24.254827
24.164612
24.04878
23.921095
23.772276
23.591141
23.412203
23.209265
23.008965
22.810442
22.599821
22.39497
22.178219
21.962988
21.756136
21.561159
21.353655
21.146002
20.957418
20.759922
20.557102
20.327433
20.090181
19.836763
19.556953
19.275124
18.960121
18.647072
18.352629
18.13237
17.9613
17.82296
17.732058
17.664036
17.620211
17.569098
17.53126
17.507027
17.46941
17.457027
17.44693
17.432056
17.425838
17.439941
17.444714
17.447563
17.453173
17.479258
17.518738
17.559536
17.60784
17.653059
17.705908
17.763474
17.812237
17.898624
17.955292
18.04204
18.126495
18.209599
18.304585
18.406218
18.50255
18.611399
18.700964
18.837387
18.939919
19.051189
19.161572
19.27762
19.387957
19.505022
19.606407
19.715801
19.809912
19.921856
20.017752
20.127518
20.224863
20.357407
20.463814
20.546869
20.651081
20.764818
20.877501
20.983608
21.084904
21.200243
21.308586
21.410244
21.520412
21.629953
21.74132
21.879461
22.008936
22.154734
22.339912
22.546652
22.788496
23.085356
23.429771
23.837435
24.241047
24.335724
24.199381
24.150887
24.134834
24.139677
24.163399
24.200043
24.248186
24.303547
24.358887
24.444122
24.527243
24.606123
24.688398
24.743994
24.793888
24.825291
24.854952
24.857718
24.824516
24.779497
24.732973
24.65675
24.51503
24.314167
24.108927
23.915581
23.712898
23.521849
23.339432
23.163748
23.017553
22.878197
22.74914
22.625845
22.510088
22.390833
22.266684
22.12245
21.974316
21.794619
21.625095
21.424843
21.204136
20.98436
20.738371
20.466091
20.173309
19.907032
19.751133
19.646544
19.558458
19.461348
19.392115
19.328045
19.282333
19.235708
19.15786
19.100784
19.050116
18.986034
18.937115
18.889519
18.832685
18.781277
18.731005
18.678568
18.650461
18.63661
18.59927
18.584808
18.574074
18.569578
18.57011
18.574228
18.580507
18.59203
18.608116
18.63246
18.664356
18.710012
18.743368
18.788706
18.835917
18.895512
18.953764
19.012362
19.077047
19.125416
19.201324
19.268488
19.330379
19.407499
19.468994
19.528801
19.594645
19.675753
19.73741
19.811096
19.889244
19.950573
20.024988
20.101015
20.167999
20.225391
20.278353
20.336996
20.382015
20.420929
20.465889
20.504679
20.529623
20.561119
20.592861
20.635904
20.673599
20.724657
20.75662
20.816996
20.865347
20.928373
21.025799
21.116861
21.244074
21.413124
21.606438
21.831507
22.112015
22.439068
22.753923
22.931091
22.953781
22.942818
22.960306
23.021658
23.125177
23.239878
23.338612
23.433676
23.478046
23.533634
23.590509
23.66337
23.734444
23.834541
23.936239
24.046045
24.155762
24.245491
24.338982
24.414223
24.466883
24.500202
24.493261
24.471775
24.441217
24.38802
24.263254
24.084818
23.917101
23.759556
23.595062
23.455511
23.317116
23.175201
23.026567
22.89349
22.744772
22.597767
22.452539
22.294779
22.136147
21.951942
21.768953
21.567173
21.346523
21.133553
20.870741
20.599855
20.351328
20.147314
19.993925
19.898737
19.795153
19.679258
19.57107
19.466406
19.353048
19.233253
19.1141
19.012983
18.905157
18.814062
18.711996
18.622192
18.533344
18.450592
18.383154
18.32238
18.248199
18.201521
18.139406
18.111795
18.068302
18.026194
18.011522
17.99338
17.979677
17.975513
17.978668
17.991903
18.014053
18.040098
18.082243
18.122616
18.177057
18.23093
18.289425
18.33177
18.3976
18.465765
18.522375
18.587873
18.656036
18.723568
18.795351
18.866728
18.916435
18.980835
19.050156
19.114437
19.179085
19.251087
19.325907
19.393293
19.466738
19.530102
19.60519
19.676178
19.759888
19.835922
19.919582
20.020853
20.099508
20.191561
20.268093
20.368841
20.46335
20.567568
20.673569
20.781221
20.900381
21.039152
21.187899
21.368465
21.595579
21.860313
22.160749
22.501759
22.907896
23.357346
23.702829
23.67304
23.550179
23.503483
23.496841
23.532272
23.571722
23.592201
23.607128
23.622179
23.640131
23.689831
23.750431
23.809793
23.864494
23.915501
23.94742
23.955542
23.960051
23.948795
23.927557
23.877041
23.783728
23.650293
23.493542
23.340027
23.152763
22.991928
22.803371
22.623779
22.44441
22.267374
22.091614
21.911993
21.743576
21.541994
21.331726
21.105972
20.852768
20.612061
20.382828
20.153135
19.936962
19.761799
19.668198
19.59581
19.539972
19.45862
19.382318
19.311285
19.24905
19.19264
19.114952
19.03759
18.978437
18.911539
18.838566
18.777996
18.699549
18.63796
18.59005
18.519012
18.456131
18.403322
18.362776
18.326679
18.292234
18.265923
18.245697
18.260532
18.256241
18.249737
18.267162
18.284649
18.307392
18.336042
18.365892
18.405502
18.451256
18.501591
18.549116
18.627834
18.702227
18.766125
18.827633
18.901617
18.962982
19.024519
19.0935
19.158472
19.223106
19.279577
19.357719
19.416084
19.475941
19.555634
19.620077
19.679224
19.753143
19.836422
19.899582
19.979332
20.033358
20.109682
20.18906
20.266932
20.349483
20.448694
20.550564
20.664463
20.805771
20.933834
21.095613
21.282835
21.485449
21.714108
21.983839
22.295727
22.622499
23.001982
23.417652
23.870293
24.280447
24.292475
24.124996
24.039013
23.994417
23.951979
23.912798
23.856384
23.799829