1055.00
1061.00
1064.00
1064.00
1069.00
1071.00
1075.00
1076.00
1078.00
1082.00
1082.00
1085.00
1086.00
1088.00
1089.00
1092.00
1093.00
1096.00
1098.00
1100.00
1104.00
1104.00
1106.00
1108.00
1110.00
1113.00
1114.00
1117.00
1117.00
1120.00
1121.00
1122.00
1123.00
1125.00
1125.00
1125.00
1125.00
1127.00
1127.00
1127.00
1127.00
1127.00
1127.00
1127.00
1127.00
1127.00
1127.00
1127.00
1127.00
1126.00
1126.00
1126.00
1126.00
1126.00
1126.00
1126.00
1126.00
1126.00
1126.00
1126.00
1126.00
1126.00
1126.00
1126.00
1126.00
1126.00
1126.00
1124.00
1121.00
1120.00
1113.00
1111.00
1108.00
1105.00
1102.00
1100.00
1097.00
1095.00
1094.00
1092.00
1091.00
1088.00
1087.00
1081.00
1078.00
1077.00
1072.00
1070.00
1063.00
1060.00
1057.00
1055.00
1050.00
1039.00
1034.00
1026.00
1019.00
1015.00
1013.00
1010.00
1009.00
1001.00
992.00
988.00
980.00
977.00
970.00
967.00
963.00
956.00
955.00
948.00
945.00
939.00
936.00
931.00
929.00
923.00
921.00
917.00
911.00
909.00
894.00
889.00
875.00
872.00
862.00
847.00
839.00
824.00
819.00
813.00
808.00
807.00
803.00
801.00
798.00
794.00
793.00
792.00
789.00
788.00
783.00
779.00
777.00
768.00
765.00
759.00
756.00
755.00
751.00
748.00
744.00
741.00
739.00
736.00
734.00
733.00
730.00
729.00
728.00
726.00
726.00
725.00
725.00
723.00
722.00
722.00
719.00
719.00
716.00
715.00
714.00
711.00
710.00
710.00
709.00
709.00
709.00
709.00
709.00
709.00
709.00
709.00
709.00
711.00
712.00
713.00
716.00
717.00
718.00
719.00
721.00
722.00
724.00
726.00
729.00
733.00
734.00
737.00
737.00
742.00
745.00
749.00
751.00
754.00
759.00
760.00
763.00
764.00
766.00
767.00
771.00
776.00
777.00
780.00
781.00
786.00
787.00
797.00
802.00
811.00
817.00
820.00
833.00
838.00
852.00
855.00
863.00
869.00
877.00
888.00
890.00
898.00
907.00
915.00
920.00
934.00
940.00
945.00
946.00
948.00
954.00
956.00
963.00
964.00
967.00
972.00
973.00
976.00
978.00
981.00
983.00
986.00
988.00
991.00
992.00
994.00
997.00
999.00
1004.00
1005.00
1008.00
1010.00
1011.00
1015.00
1016.00
1020.00
1021.00
1022.00
1025.00
1028.00
1032.00
1033.00
1037.00
1039.00
1043.00
1047.00
1054.00
1057.00
1063.00
1067.00
1069.00
1073.00
1075.00
1079.00
1080.00
1083.00
1086.00
1087.00
1090.00
1090.00
1090.00
1092.00
1093.00
1093.00
1095.00
1095.00
1097.00
1098.00
1098.00
1101.00
1101.00
1106.00
1106.00
1108.00
1112.00
1113.00
1116.00
1117.00
1117.00
1118.00
1119.00
1120.00
1120.00
1120.00
1120.00
1120.00
1120.00
1120.00
1120.00
1120.00
1120.00
1120.00
1119.00
1119.00
1116.00
1116.00
1115.00
1112.00
1111.00
1108.00
1106.00
1103.00
1100.00
1096.00
1094.00
1087.00
1083.00
1082.00
1079.00
1077.00
1074.00
1074.00
1069.00
1069.00
1068.00
1064.00
1064.00
1061.00
1061.00
1060.00
1058.00
1055.00
1054.00
1049.00
1045.00
1043.00
1039.00
1037.00
1029.00
1026.00
1019.00
1014.00
1013.00
1009.00
1008.00
1001.00
1001.00
995.00
990.00
985.00
975.00
971.00
964.00
959.00
954.00
950.00
943.00
940.00
934.00
929.00
929.00
926.00
925.00
922.00
920.00
916.00
911.00
907.00
900.00
897.00
893.00
889.00
885.00
882.00
874.00
871.00
870.00
868.00
865.00
859.00
857.00
852.00
850.00
845.00
837.00
833.00
824.00
822.00
819.00
817.00
815.00
813.00
811.00
808.00
805.00
801.00
797.00
792.00
791.00
786.00
784.00
783.00
779.00
778.00
772.00
771.00
768.00
764.00
760.00
753.00
751.00
745.00
741.00
735.00
732.00
727.00
725.00
723.00
722.00
721.00
719.00
718.00
717.00
717.00
716.00
715.00
714.00
713.00
712.00
710.00
710.00
710.00
710.00
710.00
710.00
710.00
710.00
710.00
712.00
713.00
714.00
716.00
716.00
720.00
721.00
724.00
724.00
724.00
724.00
724.00
724.00
724.00
724.00
725.00
727.00
727.00
729.00
731.00
737.00
743.00
743.00
751.00
753.00
761.00
764.00
766.00
768.00
768.00
769.00
769.00
770.00
770.00
771.00
772.00
773.00
776.00
777.00
778.00
779.00
782.00
782.00
786.00
786.00
788.00
790.00
792.00
794.00
795.00
796.00
798.00
800.00
805.00
809.00
812.00
816.00
820.00
821.00
826.00
828.00
835.00
839.00
841.00
848.00
851.00
859.00
862.00
864.00
868.00
872.00
881.00
882.00
887.00
891.00
895.00
897.00
906.00
911.00
917.00
922.00
925.00
933.00
935.00
943.00
945.00
950.00
961.00
963.00
971.00
972.00
978.00
986.00
994.00
997.00
1005.00
1009.00
1013.00
1019.00
1021.00
1028.00
1028.00
1031.00
1031.00
1032.00
1037.00
1038.00
1043.00
1043.00
1046.00
1051.00
1055.00
1061.00
1062.00
1064.00
1068.00
1071.00
1073.00
1079.00
1080.00
1083.00
1087.00
1088.00
1093.00
1095.00
1100.00
1101.00
1105.00
1109.00
1109.00
1111.00
1111.00
1112.00
1112.00
1112.00
1113.00
1113.00
1113.00
1113.00
1113.00
1113.00
1113.00
1113.00
1112.00
1112.00
1112.00
1112.00
1112.00
1112.00
1112.00
1113.00
1115.00
1115.00
1117.00
1117.00
1117.00
1118.00
1118.00
1118.00
1118.00
1118.00
1118.00
1118.00
1117.00
1113.00
1110.00
1103.00
1100.00
1097.00
1091.00
1087.00
1082.00
1078.00
1075.00
1071.00
1069.00
1066.00
1060.00
1055.00
1049.00
1043.00
1038.00
1027.00
1022.00
1010.00
1002.00
992.00
982.00
980.00
976.00
975.00
973.00
973.00
971.00
971.00
969.00
967.00
965.00
962.00
961.00
951.00
948.00
937.00
932.00
929.00
921.00
920.00
915.00
913.00
913.00
911.00
910.00
904.00
904.00
899.00
896.00
893.00
891.00
887.00
886.00
881.00
876.00
874.00
869.00
868.00
865.00
862.00
858.00
852.00
850.00
845.00
841.00
837.00
831.00
826.00
825.00
818.00
814.00
810.00
808.00
807.00
803.00
801.00
797.00
794.00
790.00
782.00
779.00
770.00
768.00
763.00
757.00
748.00
739.00
734.00
730.00
727.00
724.00
723.00
720.00
719.00
716.00
715.00
714.00
713.00
712.00
712.00
712.00
712.00
712.00
712.00
712.00
712.00
712.00
712.00
712.00
712.00
711.00
711.00
709.00
709.00
709.00
709.00
709.00
709.00
709.00
709.00
710.00
711.00
713.00
713.00
714.00
715.00
717.00
717.00
720.00
721.00
724.00
724.00
725.00
728.00
730.00
734.00
737.00
738.00
740.00
741.00
747.00
748.00
753.00
757.00
758.00
762.00
765.00
769.00
772.00
774.00
775.00
779.00
781.00
785.00
787.00
788.00
790.00
792.00
798.00
798.00
803.00
806.00
807.00
812.00
814.00
819.00
822.00
827.00
827.00
834.00
839.00
843.00
849.00
850.00
857.00
861.00
872.00
874.00
881.00
889.00
892.00
898.00
902.00
908.00
911.00
915.00
921.00
925.00
930.00
934.00
935.00
937.00
942.00
944.00
948.00
951.00
952.00
954.00
955.00
961.00
964.00
969.00
977.00
982.00
995.00
1001.00
1007.00
1013.00
1021.00
1024.00
1034.00
1038.00
1042.00
1046.00
1048.00
1057.00
1058.00
1063.00
1066.00
1069.00
1071.00
1073.00
1077.00
1078.00
1081.00
1082.00
1084.00
1085.00
1088.00
1090.00
1093.00
1095.00
1096.00
1097.00
1098.00
1101.00
1103.00
1104.00
1107.00
1108.00
1112.00
1112.00
1113.00
1114.00
1116.00
1118.00
1120.00
1121.00
1122.00
1123.00
1123.00
1123.00
1124.00
1124.00
1124.00
1124.00
1124.00
1124.00
1121.00
1120.00
1117.00
1110.00
1108.00
1101.00
1099.00
1095.00
1092.00
1089.00
1087.00
1084.00
1081.00
1080.00
1078.00
1077.00
1075.00
1075.00
1072.00
1070.00
1068.00
1063.00
1061.00
1057.00
1055.00
1050.00
1044.00
1039.00
1033.00
1031.00
1026.00
1022.00
1018.00
1015.00
1008.00
1007.00
1004.00
1001.00
1001.00
997.00
995.00
991.00
990.00
987.00
984.00
979.00
969.00
967.00
963.00
957.00
950.00
946.00
935.00
932.00
928.00
923.00
921.00
908.00
905.00
901.00
899.00
898.00
895.00
893.00
885.00
884.00
879.00
874.00
871.00
868.00
858.00
853.00
848.00
844.00
841.00
834.00
830.00
819.00
812.00
807.00
798.00
795.00
787.00
785.00
778.00
773.00
771.00
767.00
766.00
766.00
765.00
764.00
763.00
757.00
757.00
755.00
753.00
753.00
752.00
750.00
748.00
747.00
746.00
739.00
738.00
736.00
733.00
732.00
730.00
726.00
725.00
723.00
721.00
720.00
719.00
718.00
715.00
714.00
712.00
712.00
712.00
709.00
709.00
709.00
709.00
709.00
709.00
709.00
709.00
709.00
709.00
709.00
709.00
709.00
709.00
710.00
713.00
714.00
714.00
716.00
716.00
719.00
719.00
720.00
723.00
724.00
728.00
729.00
731.00
734.00
736.00
737.00
741.00
742.00
743.00
745.00
746.00
750.00
753.00
756.00
757.00
758.00
763.00
763.00
768.00
769.00
773.00
774.00
777.00
778.00
785.00
787.00
791.00
794.00
796.00
802.00
804.00
811.00
815.00
817.00
825.00
826.00
833.00
833.00
838.00
843.00
848.00
858.00
861.00
866.00
872.00
876.00
879.00
887.00
890.00
896.00
900.00
903.00
910.00
913.00
921.00
925.00
932.00
939.00
941.00
948.00
951.00
956.00
961.00
963.00
965.00
971.00
977.00
981.00
985.00
988.00
993.00
994.00
999.00
1000.00
1004.00
1010.00
1014.00
1022.00
1024.00
1026.00
1030.00
1034.00
1040.00
1043.00
1047.00
1050.00
1054.00
1056.00
1059.00
1060.00
1064.00
1066.00
1068.00
1075.00
1076.00
1080.00
1082.00
1085.00
1087.00
1091.00
1096.00
1096.00
1099.00
1100.00
1103.00
1103.00
1103.00
1104.00
1106.00
1107.00
1107.00
1109.00
1110.00
1113.00
1113.00
1115.00
1117.00
1117.00
1118.00
1118.00
1119.00
1120.00
1121.00
1122.00
1123.00
1124.00
1124.00
1124.00
1124.00
1124.00
1124.00
1124.00
1123.00
1123.00
1120.00
1120.00
1117.00
1116.00
1114.00
1113.00
1111.00
1108.00
1107.00
1106.00
1105.00
1104.00
1104.00
1102.00
1101.00
1100.00
1099.00
1099.00
1098.00
1096.00
1093.00
1092.00
1089.00
1084.00
1082.00
1069.00
1065.00
1055.00
1043.00
1033.00
1028.00
1015.00
1011.00
1009.00
1009.00
1009.00
1007.00
1007.00
1007.00
1007.00
1007.00
1007.00
1007.00
1004.00
1004.00
1001.00
999.00
997.00
995.00
994.00
992.00
990.00
987.00
986.00
983.00
981.00
979.00
979.00
978.00
977.00
974.00
969.00
969.00
967.00
964.00
962.00
956.00
955.00
950.00
948.00
945.00
944.00
938.00
935.00
932.00
929.00
928.00
921.00
919.00
915.00
914.00
908.00
901.00
898.00
894.00
893.00
890.00
885.00
881.00
878.00
871.00
868.00
862.00
857.00
854.00
851.00
849.00
845.00
841.00
838.00
832.00
829.00
824.00
822.00
819.00
817.00
815.00
812.00
810.00
807.00
802.00
800.00
798.00
790.00
789.00
783.00
780.00
780.00
775.00
774.00
768.00
766.00
764.00
762.00
760.00
758.00
757.00
754.00
752.00
750.00
749.00
745.00
743.00
740.00
736.00
734.00
731.00
730.00
728.00
727.00
725.00
722.00
722.00
721.00
721.00
720.00
720.00
720.00
720.00
720.00
720.00
720.00
720.00
720.00
720.00
720.00
720.00
720.00
720.00
720.00
720.00
720.00
720.00
720.00
720.00
720.00
722.00
722.00
722.00
724.00
726.00
727.00
730.00
730.00
733.00
736.00
737.00
739.00
740.00
745.00
748.00
753.00
756.00
757.00
760.00
762.00
769.00
771.00
776.00
780.00
782.00
783.00
787.00
789.00
794.00
794.00
798.00
801.00
804.00
812.00
815.00
823.00
829.00
842.00
858.00
875.00
894.00
898.00
906.00
909.00
913.00
915.00
916.00
917.00
921.00
926.00
927.00
935.00
937.00
941.00
941.00
944.00
949.00
955.00
959.00
962.00
966.00
968.00
974.00
976.00
987.00
993.00
1001.00
1005.00
1007.00
1014.00
1018.00
1029.00
1032.00
1040.00
1044.00
1046.00
1051.00
1052.00
1056.00
1058.00
1061.00
1061.00
1065.00
1068.00
1068.00
1070.00
1071.00
1074.00
1075.00
1079.00
1080.00
1081.00
1084.00
1086.00
1092.00
1095.00
1099.00
1103.00
1109.00
1119.00
1121.00
1125.00
1126.00
1126.00
1126.00
1127.00
1129.00
1129.00
1129.00
1129.00
1129.00
1129.00
1129.00
1129.00
1129.00
1129.00
1129.00
1129.00
1129.00
1129.00
1128.00
1127.00
1125.00
1125.00
1124.00
1124.00
1123.00
1123.00
1122.00
1122.00
1120.00
1120.00
1117.00
1115.00
1114.00
1110.00
1108.00
1105.00
1101.00
1099.00
1097.00
1096.00
1094.00
1093.00
1091.00
1088.00
1086.00
1084.00
1081.00
1079.00
1077.00
1074.00
1072.00
1065.00
1062.00
1052.00
1047.00
1039.00
1026.00
1019.00
1012.00
1009.00
1007.00
1006.00
1004.00
1003.00
1001.00
999.00
999.00
998.00
998.00
994.00
992.00
991.00
990.00
989.00
987.00
985.00
982.00
981.00
979.00
976.00
971.00
968.00
963.00
958.00
954.00
944.00
941.00
933.00
930.00
928.00
923.00
922.00
917.00
914.00
910.00
909.00
905.00
900.00
895.00
891.00
885.00
879.00
876.00
866.00
864.00
858.00
852.00
849.00
845.00
842.00
837.00
835.00
831.00
827.00
827.00
821.00
818.00
813.00
811.00
809.00
807.00
803.00
800.00
796.00
791.00
788.00
783.00
781.00
771.00
771.00
767.00
760.00
759.00
756.00
755.00
753.00
750.00
748.00
746.00
744.00
743.00
740.00
739.00
739.00
737.00
736.00
733.00
732.00
730.00
729.00
728.00
726.00
725.00
725.00
723.00
722.00
721.00
719.00
719.00
719.00
718.00
718.00
717.00
717.00
717.00
717.00
717.00
716.00
716.00
716.00
716.00
716.00
715.00
715.00
715.00
715.00
715.00
715.00
715.00
715.00
715.00
715.00
715.00
715.00
715.00
717.00
718.00
720.00
721.00
721.00
724.00
724.00
726.00
727.00
728.00
730.00
731.00
734.00
735.00
737.00
739.00
742.00
743.00
746.00
747.00
751.00
754.00
755.00
758.00
758.00
762.00
763.00
764.00
767.00
768.00
770.00
772.00
775.00
777.00
778.00
782.00
786.00
789.00
796.00
803.00
805.00
813.00
816.00
823.00
826.00
832.00
835.00
837.00
843.00
845.00
849.00
851.00
855.00
858.00
860.00
862.00
866.00
868.00
869.00
873.00
874.00
878.00
880.00
880.00
883.00
884.00
886.00
887.00
889.00
890.00
891.00
893.00
894.00
898.00
899.00
902.00
904.00
909.00
915.00
916.00
920.00
922.00
926.00
927.00
934.00
937.00
940.00
948.00
949.00
956.00
959.00
964.00
969.00
976.00
985.00
990.00
996.00
1000.00
1004.00
1005.00
1011.00
1011.00
1016.00
1019.00
1021.00
1025.00
1026.00
1031.00
1032.00
1037.00
1041.00
1045.00
1048.00
1050.00
1053.00
1055.00
1059.00
1059.00
1062.00
1064.00
1066.00
1069.00
1072.00
1074.00
1076.00
1078.00
1079.00
1082.00
1084.00
1086.00
1087.00
1088.00
1089.00
1091.00
1091.00
1093.00
1095.00
1097.00
1097.00
1098.00
1098.00
1100.00
1101.00
1102.00
1104.00
1104.00
1106.00
1107.00
1109.00
1109.00
1109.00
1109.00
1111.00
1112.00
1112.00
1112.00
1112.00
1113.00
1114.00
1114.00
1114.00
1114.00
1114.00
1114.00
1114.00
1114.00
1114.00
1114.00
1114.00
1114.00
1114.00
1114.00
1114.00
1114.00
1114.00
1113.00
1112.00
1111.00
1111.00
1110.00
1108.00
1108.00
1108.00
1106.00
1104.00
1099.00
1099.00
1095.00
1092.00
1092.00
1090.00
1089.00
1087.00
1086.00
1085.00
1082.00
1081.00
1077.00
1075.00
1070.00
1068.00
1059.00
1056.00
1052.00
1047.00
1046.00
1041.00
1038.00
1035.00
1032.00
1029.00
1025.00
1021.00
1018.00
1015.00
1012.00
1009.00
1006.00
1004.00
999.00
997.00
994.00
989.00
988.00
981.00
979.00
975.00
974.00
972.00
970.00
970.00
964.00
964.00
961.00
956.00
950.00
949.00
940.00
933.00
925.00
916.00
913.00
904.00
901.00
896.00
892.00
890.00
886.00
885.00
880.00
879.00
875.00
872.00
868.00
863.00
860.00
858.00
854.00
850.00
848.00
844.00
840.00
837.00
836.00
835.00
831.00
830.00
826.00
825.00
821.00
815.00
813.00
806.00
803.00
800.00
797.00
793.00
790.00
784.00
781.00
780.00
776.00
774.00
771.00
770.00
765.00
764.00
764.00
762.00
762.00
761.00
761.00
760.00
760.00
759.00
759.00
758.00
758.00
757.00
756.00
755.00
754.00
752.00
749.00
746.00
744.00
740.00
739.00
734.00
733.00
729.00
723.00
720.00
717.00
716.00
714.00
713.00
712.00
711.00
711.00
711.00
711.00
709.00
709.00
709.00
709.00
709.00
709.00
709.00
709.00
709.00
709.00
709.00
709.00
709.00
709.00
708.00
708.00
708.00
708.00
708.00
708.00
711.00
711.00
714.00
717.00
718.00
720.00
721.00
722.00
725.00
726.00
728.00
729.00
730.00
730.00
731.00
732.00
735.00
736.00
738.00
740.00
742.00
744.00
746.00
749.00
749.00
751.00
751.00
754.00
758.00
759.00
761.00
761.00
764.00
766.00
770.00
771.00
773.00
774.00
777.00
779.00
780.00
785.00
786.00
790.00
794.00
795.00
801.00
803.00
808.00
813.00
816.00
823.00
825.00
830.00
836.00
840.00
845.00
850.00
852.00
857.00
859.00
865.00
869.00
870.00
876.00
877.00
884.00
887.00
893.00
900.00
902.00
906.00
908.00
914.00
918.00
921.00
923.00
927.00
930.00
935.00
938.00
941.00
950.00
953.00
959.00
961.00
963.00
968.00
970.00
977.00
979.00
985.00
988.00
992.00
996.00
998.00
1000.00
1002.00
1004.00
1004.00
1007.00
1007.00
1008.00
1010.00
1010.00
1012.00
1014.00
1018.00
1020.00
1022.00
1025.00
1028.00
1032.00
1033.00
1037.00
1040.00
1046.00
1050.00
1061.00
1070.00
1075.00
1080.00
1081.00
1087.00
1089.00
1092.00
1092.00
1095.00
1096.00
1097.00
1099.00
1100.00
1101.00
1102.00
1103.00
1104.00
1105.00
1106.00
1107.00
1108.00
1109.00
1111.00
1111.00
1114.00
1115.00
1115.00
1117.00
1117.00
1118.00
1119.00
1119.00
1120.00
1120.00
1120.00
1120.00
1120.00
1120.00
1120.00
1120.00
1119.00
1119.00
1116.00
1114.00
1113.00
1112.00
1111.00
1108.00
1107.00
1106.00
1105.00
1104.00
1103.00
1102.00
1100.00
1099.00
1096.00
1095.00
1092.00
1089.00
1086.00
1084.00
1083.00
1080.00
1079.00
1077.00
1075.00
1073.00
1068.00
1067.00
1061.00
1061.00
1059.00
1055.00
1053.00
1044.00
1043.00
1039.00
1035.00
1031.00
1028.00
1022.00
1020.00
1013.00
1010.00
1009.00
1003.00
998.00
986.00
982.00
977.00
973.00
970.00
968.00
966.00
964.00
961.00
960.00
958.00
955.00
953.00
952.00
948.00
947.00
942.00
940.00
933.00
932.00
928.00
920.00
919.00
911.00
910.00
907.00
907.00
904.00
904.00
902.00
900.00
899.00
896.00
895.00
891.00
889.00
886.00
883.00
882.00
875.00
874.00
869.00
866.00
863.00
861.00
859.00
856.00
855.00
853.00
850.00
845.00
842.00
831.00
828.00
813.00
808.00
803.00
797.00
793.00
789.00
789.00
786.00
783.00
782.00
780.00
780.00
778.00
776.00
775.00
775.00
773.00
773.00
772.00
771.00
769.00
765.00
765.00
761.00
760.00
757.00
756.00
754.00
752.00
750.00
749.00
748.00
746.00
745.00
744.00
744.00
742.00
742.00
742.00
740.00
740.00
738.00
737.00
737.00
735.00
734.00
732.00
731.00
729.00
727.00
726.00
724.00
724.00
722.00
720.00
719.00
719.00
718.00
717.00
716.00
716.00
715.00
715.00
715.00
715.00
715.00
715.00
715.00
715.00
715.00
715.00
715.00
715.00
715.00
716.00
717.00
717.00
717.00
719.00
720.00
722.00
723.00
725.00
727.00
728.00
732.00
733.00
738.00
738.00
739.00
740.00
743.00
746.00
750.00
752.00
755.00
758.00
760.00
763.00
765.00
768.00
770.00
771.00
775.00
777.00
782.00
784.00
788.00
792.00
794.00
805.00
808.00
814.00
818.00
823.00
825.00
837.00
842.00
849.00
852.00
854.00
857.00
858.00
862.00
864.00
869.00
876.00
877.00
880.00
881.00
883.00
888.00
893.00
898.00
899.00
902.00
905.00
909.00
912.00
921.00
925.00
934.00
936.00
937.00
942.00
942.00
946.00
948.00
953.00
960.00
965.00
973.00
976.00
979.00
980.00
984.00
986.00
991.00
996.00
999.00
1005.00
1010.00
1019.00
1020.00
1025.00
1027.00
1028.00
1030.00
1030.00
1033.00
1033.00
1035.00
1038.00
1040.00
1041.00
1046.00
1050.00
1052.00
1054.00
1054.00
1056.00
1057.00
1059.00
1062.00
1064.00
1068.00
1069.00
1073.00
1074.00
1077.00
1080.00
1081.00
1083.00
1084.00
1084.00
1088.00
1091.00
1092.00
1098.00
1099.00
1102.00
1104.00
1105.00
1108.00
1110.00
1111.00
1113.00
1114.00
1117.00
1118.00
1122.00
1122.00
1123.00
1125.00
1125.00
1125.00
1125.00
1125.00
1126.00
1126.00
1126.00
1126.00
1126.00
1126.00
1126.00
1126.00
1126.00
1125.00
1124.00
1124.00
1122.00
1121.00
1119.00
1116.00
1114.00
1113.00
1111.00
1109.00
1109.00
1105.00
1104.00
1099.00
1097.00
1096.00
1092.00
1091.00
1088.00
1087.00
1085.00
1082.00
1079.00
1074.00
1073.00
1070.00
1066.00
1062.00
1060.00
1056.00
1053.00
1050.00
1049.00
1046.00
1041.00
1039.00
1035.00
1034.00
1032.00
1028.00
1026.00
1022.00
1020.00
1017.00
1014.00
1009.00
1006.00
1002.00
1000.00
997.00
994.00
