367.00
372.00
375.00
378.00
385.00
386.00
392.00
393.00
398.00
404.00
406.00
411.00
411.00
415.00
418.00
424.00
426.00
434.00
439.00
445.00
451.00
454.00
464.00
468.00
476.00
480.00
485.00
492.00
494.00
500.00
503.00
506.00
509.00
512.00
515.00
516.00
518.00
520.00
522.00
524.00
526.00
527.00
531.00
533.00
534.00
537.00
537.00
540.00
540.00
540.00
540.00
540.00
540.00
540.00
540.00
542.00
542.00
542.00
542.00
542.00
542.00
542.00
542.00
542.00
542.00
542.00
542.00
542.00
545.00
546.00
554.00
559.00
565.00
573.00
578.00
582.00
590.00
593.00
596.00
600.00
602.00
607.00
610.00
616.00
620.00
622.00
630.00
634.00
643.00
647.00
652.00
658.00
664.00
672.00
675.00
681.00
688.00
691.00
692.00
695.00
695.00
698.00
699.00
701.00
701.00
702.00
703.00
704.00
705.00
707.00
707.00
710.00
710.00
713.00
714.00
714.00
715.00
717.00
717.00
717.00
717.00
717.00
717.00
717.00
717.00
717.00
715.00
712.00
711.00
707.00
707.00
704.00
703.00
702.00
700.00
699.00
696.00
694.00
691.00
689.00
685.00
682.00
673.00
667.00
665.00
653.00
648.00
639.00
636.00
630.00
627.00
622.00
617.00
615.00
612.00
607.00
604.00
602.00
596.00
594.00
591.00
586.00
586.00
582.00
580.00
576.00
574.00
570.00
564.00
562.00
553.00
550.00
543.00
537.00
529.00
525.00
517.00
511.00
507.00
502.00
499.00
493.00
492.00
488.00
482.00
480.00
477.00
474.00
469.00
467.00
464.00
462.00
458.00
453.00
451.00
445.00
442.00
435.00
433.00
428.00
425.00
417.00
414.00
408.00
405.00
402.00
397.00
395.00
392.00
391.00
389.00
387.00
383.00
378.00
377.00
374.00
373.00
367.00
366.00
356.00
351.00
343.00
338.00
336.00
326.00
325.00
319.00
317.00
314.00
312.00
308.00
304.00
303.00
300.00
296.00
296.00
295.00
294.00
294.00
294.00
294.00
294.00
294.00
294.00
297.00
298.00
298.00
301.00
301.00
304.00
305.00
307.00
310.00
312.00
313.00
316.00
318.00
320.00
325.00
326.00
330.00
330.00
333.00
335.00
337.00
340.00
341.00
344.00
344.00
345.00
346.00
348.00
351.00
351.00
354.00
356.00
359.00
361.00
368.00
371.00
377.00
382.00
386.00
394.00
397.00
403.00
406.00
409.00
414.00
416.00
422.00
423.00
426.00
430.00
431.00
434.00
439.00
441.00
446.00
449.00
453.00
460.00
462.00
472.00
475.00
481.00
491.00
493.00
501.00
503.00
507.00
512.00
516.00
522.00
525.00
529.00
532.00
536.00
539.00
548.00
551.00
559.00
564.00
567.00
574.00
575.00
582.00
586.00
591.00
596.00
601.00
608.00
610.00
617.00
620.00
626.00
629.00
638.00
641.00
645.00
648.00
649.00
653.00
653.00
657.00
658.00
659.00
662.00
662.00
664.00
665.00
665.00
665.00
665.00
665.00
668.00
668.00
668.00
669.00
670.00
674.00
675.00
680.00
684.00
685.00
689.00
690.00
694.00
695.00
699.00
701.00
703.00
707.00
708.00
711.00
712.00
712.00
712.00
712.00
712.00
710.00
709.00
709.00
708.00
708.00
708.00
708.00
708.00
708.00
708.00
709.00
709.00
709.00
709.00
709.00
709.00
709.00
709.00
709.00
709.00
709.00
708.00
708.00
705.00
704.00
702.00
698.00
695.00
692.00
691.00
690.00
690.00
690.00
689.00
688.00
687.00
686.00
683.00
681.00
676.00
675.00
669.00
666.00
665.00
658.00
655.00
646.00
644.00
639.00
634.00
629.00
620.00
618.00
611.00
608.00
604.00
601.00
597.00
596.00
593.00
591.00
589.00
584.00
580.00
575.00
572.00
568.00
557.00
554.00
545.00
541.00
536.00
531.00
526.00
525.00
522.00
519.00
517.00
514.00
512.00
505.00
502.00
498.00
495.00
491.00
479.00
475.00
463.00
461.00
458.00
455.00
453.00
450.00
449.00
448.00
447.00
444.00
444.00
441.00
439.00
434.00
430.00
430.00
426.00
425.00
420.00
419.00
417.00
415.00
415.00
413.00
412.00
409.00
408.00
405.00
405.00
401.00
398.00
395.00
393.00
392.00
388.00
387.00
384.00
383.00
382.00
379.00
377.00
376.00
374.00
373.00
371.00
369.00
363.00
361.00
359.00
356.00
354.00
353.00
350.00
349.00
345.00
344.00
342.00
338.00
338.00
335.00
334.00
334.00
333.00
331.00
331.00
330.00
330.00
329.00
329.00
328.00
328.00
327.00
326.00
326.00
326.00
324.00
323.00
322.00
322.00
322.00
322.00
322.00
322.00
323.00
324.00
327.00
329.00
329.00
332.00
333.00
335.00
337.00
338.00
341.00
341.00
343.00
344.00
344.00
347.00
349.00
355.00
356.00
361.00
367.00
373.00
383.00
386.00
390.00
395.00
401.00
403.00
411.00
413.00
418.00
422.00
424.00
430.00
432.00
441.00
443.00
450.00
459.00
461.00
469.00
472.00
475.00
478.00
480.00
483.00
485.00
488.00
490.00
492.00
494.00
500.00
502.00
507.00
510.00
516.00
527.00
531.00
544.00
548.00
557.00
566.00
571.00
580.00
581.00
586.00
590.00
591.00
593.00
595.00
596.00
598.00
600.00
601.00
605.00
607.00
612.00
614.00
617.00
621.00
624.00
628.00
631.00
634.00
637.00
639.00
642.00
646.00
649.00
653.00
657.00
659.00
664.00
667.00
673.00
676.00
681.00
686.00
686.00
689.00
689.00
690.00
690.00
690.00
690.00
690.00
690.00
690.00
690.00
690.00
694.00
695.00
698.00
700.00
701.00
705.00
706.00
707.00
708.00
708.00
708.00
709.00
709.00
709.00
709.00
710.00
712.00
712.00
712.00
712.00
714.00
714.00
714.00
714.00
714.00
714.00
714.00
712.00
710.00
709.00
706.00
705.00
702.00
697.00
693.00
692.00
684.00
680.00
674.00
671.00
668.00
664.00
662.00
656.00
652.00
649.00
644.00
641.00
636.00
633.00
627.00
624.00
619.00
614.00
611.00
608.00
604.00
600.00
599.00
594.00
593.00
586.00
581.00
579.00
572.00
572.00
568.00
567.00
565.00
561.00
559.00
556.00
555.00
552.00
548.00
544.00
543.00
537.00
534.00
530.00
524.00
523.00
516.00
515.00
509.00
506.00
503.00
497.00
495.00
492.00
490.00
487.00
483.00
477.00
476.00
466.00
461.00
457.00
453.00
451.00
446.00
443.00
437.00
434.00
434.00
431.00
430.00
424.00
423.00
417.00
413.00
412.00
406.00
404.00
399.00
394.00
391.00
389.00
384.00
382.00
375.00
371.00
370.00
366.00
365.00
360.00
359.00
356.00
353.00
353.00
350.00
349.00
347.00
345.00
343.00
343.00
342.00
338.00
337.00
335.00
335.00
332.00
330.00
325.00
325.00
321.00
319.00
319.00
318.00
317.00
317.00
316.00
316.00
316.00
315.00
315.00
315.00
315.00
315.00
315.00
315.00
315.00
315.00
315.00
315.00
315.00
315.00
316.00
318.00
320.00
323.00
328.00
331.00
332.00
336.00
340.00
341.00
346.00
350.00
354.00
358.00
360.00
368.00
372.00
380.00
383.00
389.00
394.00
396.00
401.00
404.00
408.00
411.00
415.00
417.00
423.00
426.00
430.00
435.00
436.00
444.00
446.00
454.00
459.00
462.00
472.00
478.00
490.00
494.00
503.00
512.00
520.00
531.00
536.00
541.00
545.00
551.00
553.00
558.00
559.00
563.00
566.00
568.00
570.00
572.00
576.00
577.00
581.00
590.00
592.00
601.00
604.00
609.00
614.00
619.00
620.00
624.00
628.00
631.00
634.00
634.00
638.00
638.00
641.00
643.00
645.00
649.00
651.00
654.00
655.00
660.00
664.00
666.00
670.00
672.00
675.00
678.00
681.00
683.00
688.00
688.00
690.00
691.00
691.00
693.00
694.00
696.00
697.00
697.00
699.00
700.00
703.00
703.00
703.00
703.00
703.00
703.00
704.00
704.00
705.00
707.00
707.00
709.00
709.00
711.00
711.00
711.00
711.00
711.00
711.00
711.00
711.00
711.00
711.00
711.00
708.00
706.00
704.00
702.00
700.00
695.00
691.00
684.00
678.00
673.00
661.00
656.00
642.00
638.00
628.00
622.00
617.00
613.00
611.00
611.00
610.00
608.00
606.00
601.00
600.00
598.00
596.00
596.00
594.00
593.00
591.00
591.00
590.00
588.00
588.00
586.00
585.00
584.00
583.00
580.00
579.00
577.00
574.00
572.00
569.00
567.00
562.00
560.00
553.00
550.00
549.00
543.00
541.00
531.00
530.00
523.00
520.00
513.00
499.00
495.00
490.00
486.00
481.00
480.00
470.00
467.00
460.00
458.00
457.00
454.00
454.00
450.00
449.00
447.00
443.00
440.00
436.00
433.00
430.00
425.00
421.00
419.00
413.00
411.00
410.00
406.00
405.00
398.00
395.00
392.00
391.00
388.00
385.00
384.00
381.00
381.00
379.00
378.00
377.00
376.00
373.00
371.00
369.00
367.00
367.00
363.00
361.00
356.00
353.00
352.00
347.00
346.00
342.00
342.00
340.00
337.00
336.00
332.00
332.00
330.00
329.00
329.00
329.00
329.00
329.00
328.00
328.00
328.00
328.00
328.00
328.00
328.00
328.00
328.00
328.00
328.00
328.00
326.00
325.00
324.00
324.00
322.00
322.00
322.00
322.00
322.00
322.00
322.00
324.00
325.00
327.00
331.00
334.00
338.00
341.00
343.00
347.00
350.00
358.00
360.00
364.00
368.00
372.00
373.00
376.00
378.00
383.00
386.00
388.00
394.00
395.00
400.00
402.00
406.00
410.00
415.00
426.00
429.00
433.00
440.00
446.00
448.00
458.00
464.00
468.00
471.00
472.00
478.00
479.00
485.00
486.00
490.00
494.00
496.00
500.00
501.00
505.00
509.00
511.00
514.00
520.00
524.00
527.00
529.00
531.00
536.00
538.00
543.00
547.00
549.00
554.00
556.00
561.00
563.00
568.00
572.00
575.00
580.00
581.00
584.00
586.00
591.00
592.00
599.00
601.00
605.00
606.00
608.00
611.00
614.00
622.00
624.00
629.00
635.00
637.00
647.00
649.00
655.00
661.00
667.00
671.00
681.00
684.00
685.00
686.00
686.00
687.00
687.00
687.00
687.00
687.00
687.00
687.00
688.00
688.00
689.00
689.00
690.00
691.00
692.00
694.00
694.00
696.00
696.00
698.00
698.00
699.00
700.00
700.00
700.00
701.00
701.00
702.00
702.00
702.00
702.00
704.00
704.00
704.00
705.00
705.00
705.00
707.00
707.00
707.00
707.00
707.00
708.00
708.00
708.00
708.00
709.00
710.00
711.00
711.00
711.00
711.00
711.00
711.00
711.00
711.00
711.00
711.00
709.00
708.00
707.00
706.00
704.00
704.00
703.00
701.00
699.00
695.00
693.00
691.00
689.00
687.00
684.00
682.00
681.00
678.00
676.00
675.00
672.00
672.00
670.00
667.00
667.00
665.00
664.00
661.00
660.00
658.00
656.00
654.00
651.00
651.00
647.00
643.00
641.00
639.00
634.00
629.00
626.00
621.00
617.00
613.00
611.00
606.00
602.00
598.00
586.00
585.00
578.00
576.00
572.00
567.00
564.00
556.00
554.00
550.00
544.00
539.00
536.00
529.00
527.00
516.00
511.00
508.00
500.00
496.00
485.00
481.00
474.00
468.00
461.00
452.00
451.00
447.00
443.00
440.00
438.00
434.00
432.00
427.00
423.00
423.00
420.00
419.00
413.00
410.00
406.00
402.00
402.00
398.00
395.00
387.00
385.00
379.00
375.00
371.00
369.00
364.00
361.00
358.00
357.00
355.00
353.00
351.00
348.00
347.00
343.00
340.00
336.00
331.00
325.00
321.00
321.00
320.00
319.00
319.00
318.00
318.00
318.00
317.00
317.00
317.00
317.00
317.00
317.00
317.00
317.00
318.00
320.00
322.00
323.00
324.00
324.00
327.00
328.00
331.00
332.00
333.00
335.00
335.00
337.00
339.00
343.00
344.00
348.00
351.00
352.00
355.00
356.00
359.00
362.00
366.00
367.00
372.00
375.00
377.00
379.00
381.00
386.00
388.00
394.00
398.00
399.00
405.00
408.00
418.00
422.00
429.00
437.00
447.00
460.00
463.00
470.00
472.00
474.00
475.00
478.00
480.00
482.00
485.00
485.00
490.00
491.00
498.00
501.00
504.00
512.00
514.00
522.00
525.00
529.00
535.00
541.00
548.00
552.00
559.00
562.00
565.00
567.00
572.00
573.00
577.00
579.00
583.00
588.00
589.00
596.00
599.00
603.00
607.00
611.00
616.00
617.00
620.00
624.00
626.00
629.00
632.00
636.00
640.00
642.00
645.00
648.00
650.00
655.00
658.00
663.00
666.00
670.00
677.00
682.00
686.00
688.00
689.00
690.00
691.00
692.00
692.00
694.00
694.00
695.00
695.00
696.00
697.00
698.00
698.00
698.00
699.00
699.00
701.00
701.00
701.00
702.00
705.00
706.00
707.00
708.00
709.00
710.00
712.00
713.00
713.00
713.00
713.00
713.00
713.00
713.00
713.00
713.00
713.00
713.00
712.00
711.00
711.00
709.00
709.00
707.00
707.00
707.00
705.00
705.00
704.00
703.00
702.00
701.00
700.00
698.00
697.00
694.00
693.00
690.00
689.00
688.00
687.00
685.00
683.00
681.00
677.00
674.00
671.00
670.00
662.00
662.00
659.00
653.00
652.00
649.00
648.00
646.00
644.00
641.00
637.00
635.00
632.00
627.00
626.00
625.00
621.00
619.00
614.00
611.00
610.00
605.00
603.00
598.00
597.00
593.00
590.00
587.00
582.00
579.00
576.00
572.00
567.00
566.00
562.00
558.00
556.00
554.00
552.00
549.00
548.00
542.00
541.00
537.00
534.00
532.00
527.00
522.00
519.00
514.00
510.00
509.00
502.00
495.00
494.00
489.00
487.00
483.00
481.00
475.00
470.00
466.00
462.00
461.00
456.00
455.00
450.00
448.00
445.00
439.00
438.00
435.00
430.00
426.00
422.00
417.00
411.00
401.00
396.00
394.00
388.00
386.00
380.00
379.00
377.00
374.00
374.00
372.00
371.00
370.00
370.00
368.00
368.00
367.00
367.00
367.00
366.00
364.00
364.00
363.00
360.00
360.00
356.00
355.00
354.00
352.00
351.00
349.00
347.00
346.00
344.00
344.00
342.00
340.00
338.00
338.00
336.00
335.00
332.00
331.00
331.00
331.00
329.00
328.00
328.00
328.00
327.00
327.00
326.00
326.00
325.00
325.00
325.00
325.00
325.00
324.00
324.00
324.00
324.00
324.00
324.00
324.00
324.00
324.00
324.00
324.00
324.00
324.00
324.00
324.00
324.00
326.00
326.00
327.00
328.00
329.00
330.00
333.00
333.00
337.00
340.00
341.00
347.00
350.00
357.00
358.00
365.00
372.00
377.00
382.00
383.00
387.00
389.00
393.00
394.00
397.00
398.00
401.00
404.00
406.00
409.00
411.00
415.00
416.00
420.00
424.00
426.00
428.00
430.00
433.00
437.00
440.00
443.00
447.00
453.00
455.00
458.00
461.00
467.00
469.00
475.00
477.00
479.00
484.00
487.00
492.00
492.00
497.00
498.00
502.00
506.00
509.00
509.00
513.00
515.00
520.00
520.00
526.00
528.00
534.00
538.00
540.00
545.00
546.00
550.00
552.00
554.00
558.00
560.00
563.00
563.00
565.00
569.00
571.00
571.00
575.00
577.00
580.00
582.00
582.00
586.00
588.00
596.00
599.00
603.00
609.00
611.00
616.00
617.00
622.00
624.00
628.00
634.00
636.00
640.00
643.00
648.00
650.00
658.00
659.00
664.00
666.00
666.00
670.00
671.00
673.00
674.00
676.00
679.00
680.00
682.00
683.00
684.00
685.00
687.00
687.00
691.00
692.00
695.00
698.00
699.00
702.00
704.00
705.00
706.00
707.00
709.00
709.00
710.00
710.00
711.00
713.00
714.00
714.00
717.00
719.00
721.00
723.00
724.00
724.00
725.00
725.00
727.00
727.00
727.00
727.00
727.00
727.00
727.00
727.00
727.00
726.00
725.00
723.00
722.00
720.00
720.00
718.00
717.00
715.00
715.00
713.00
713.00
712.00
710.00
710.00
709.00
706.00
706.00
704.00
702.00
701.00
700.00
697.00
696.00
691.00
689.00
687.00
685.00
683.00
680.00
679.00
673.00
671.00
670.00
667.00
667.00
665.00
664.00
663.00
662.00
660.00
659.00
657.00
657.00
654.00
650.00
647.00
644.00
642.00
635.00
630.00
627.00
618.00
616.00
607.00
606.00
600.00
592.00
588.00
581.00
579.00
576.00
572.00
570.00
568.00
563.00
561.00
559.00
557.00
555.00
550.00
548.00
544.00
542.00
538.00
533.00
531.00
525.00
522.00
518.00
516.00
514.00
508.00
507.00
501.00
496.00
491.00
489.00
484.00
483.00
477.00
472.00
470.00
464.00
462.00
458.00
454.00
450.00
446.00
443.00
441.00
440.00
437.00
433.00
429.00
426.00
423.00
420.00
415.00
411.00
408.00
402.00
402.00
399.00
397.00
393.00
388.00
386.00
383.00
383.00
378.00
376.00
372.00
372.00
370.00
369.00
368.00
366.00
365.00
362.00
361.00
359.00
358.00
357.00
355.00
354.00
353.00
352.00
351.00
348.00
348.00
347.00
343.00
342.00
339.00
338.00
338.00
336.00
336.00
334.00
333.00
332.00
331.00
331.00
328.00
328.00
328.00
325.00
325.00
325.00
325.00
325.00
325.00
325.00
324.00
323.00
323.00
323.00
323.00
323.00
323.00
323.00
323.00
323.00
323.00
323.00
323.00
325.00
326.00
327.00
329.00
330.00
334.00
335.00
336.00
339.00
340.00
340.00
342.00
342.00
343.00
345.00
345.00
349.00
350.00
355.00
356.00
359.00
363.00
366.00
371.00
374.00
378.00
382.00
388.00
391.00
405.00
415.00
421.00
427.00
431.00
438.00
441.00
446.00
448.00
451.00
457.00
459.00
464.00
466.00
469.00
472.00
475.00
477.00
483.00
487.00
489.00
495.00
496.00
501.00
504.00
511.00
515.00
516.00
523.00
524.00
530.00
532.00
536.00
541.00
545.00
552.00
553.00
558.00
564.00
567.00
570.00
575.00
578.00
584.00
588.00
589.00
595.00
596.00
603.00
603.00
607.00
610.00
612.00
614.00
616.00
618.00
620.00
622.00
624.00
626.00
628.00
631.00
633.00
633.00
636.00
637.00
638.00
641.00
643.00
648.00
649.00
654.00
654.00
656.00
658.00
660.00
664.00
665.00
666.00
670.00
672.00
673.00
677.00
678.00
681.00
682.00
683.00
686.00
686.00
692.00
694.00
696.00
697.00
699.00
700.00
700.00
701.00
701.00
701.00
702.00
703.00
703.00
704.00
704.00
705.00
706.00
707.00
710.00
710.00
711.00
713.00
713.00
715.00
715.00
716.00
716.00
716.00
716.00
716.00
716.00
716.00
716.00
716.00
716.00
716.00
716.00
716.00
716.00
714.00
714.00
712.00
711.00
710.00
709.00
708.00
707.00
707.00
706.00
705.00
704.00
703.00
700.00
698.00
693.00
692.00
690.00
688.00
687.00
685.00
685.00
683.00
682.00
681.00
677.00
677.00
673.00
671.00
668.00
668.00
664.00
663.00
660.00
658.00
655.00
650.00
649.00
645.00
643.00
639.00
636.00
634.00
632.00
629.00
627.00
623.00
621.00
617.00
617.00
613.00
609.00
607.00
605.00
602.00
601.00
595.00
591.00
591.00
586.00
584.00
578.00
577.00
571.00
567.00
563.00
558.00
557.00
553.00
549.00
544.00
542.00
534.00
528.00
524.00
519.00
516.00
513.00
510.00
506.00
503.00
499.00
492.00
489.00
484.00
481.00
477.00
474.00
470.00
468.00
465.00
461.00
457.00
453.00
452.00
446.00
443.00
438.00
431.00
430.00
423.00
421.00
417.00
417.00
415.00
414.00
411.00
405.00
402.00
397.00
394.00
390.00
388.00
381.00
380.00
377.00
377.00
377.00
373.00
371.00
366.00
365.00
362.00
359.00
358.00
354.00
354.00
352.00
351.00
349.00
349.00
344.00
343.00
340.00
339.00
338.00
336.00
336.00
336.00
335.00
335.00
333.00
333.00
332.00
332.00
331.00
327.00
325.00
323.00
323.00
322.00
322.00
322.00
322.00
322.00
321.00
320.00
319.00
318.00
317.00
317.00
316.00
316.00
316.00
316.00
316.00
316.00
316.00
316.00
316.00
316.00
317.00
318.00
319.00
321.00
323.00
326.00
330.00
331.00
336.00
337.00
338.00
341.00
342.00
344.00
345.00
348.00
352.00
356.00
359.00
366.00
371.00
374.00
377.00
378.00
381.00
382.00
386.00
390.00
392.00
400.00
401.00
408.00
410.00
415.00
420.00
422.00
425.00
426.00
427.00
432.00
436.00
437.00
445.00
449.00
457.00
460.00
462.00
468.00
469.00
475.00
476.00
481.00
489.00
492.00
502.00
505.00
510.00
514.00
518.00
520.00
525.00
530.00
534.00
538.00
541.00
549.00
551.00
557.00
561.00
564.00
568.00
568.00
572.00
572.00
575.00
578.00
582.00
589.00
591.00
594.00
599.00
601.00
602.00
608.00
609.00
615.00
617.00
620.00
624.00
626.00
630.00
633.00
635.00
638.00
640.00
645.00
645.00
648.00
651.00
655.00
656.00
661.00
664.00
667.00
667.00
670.00
673.00
673.00
676.00
677.00
678.00
681.00
684.00
687.00
688.00
690.00
692.00
694.00
695.00
696.00
696.00
697.00
698.00
