0.829353
0.967296
1.17215
1.32396
1.477221
1.577968
1.782306
1.956782
2.135791
2.281061
2.478538
2.689588
2.858186
3.036155
3.226042
3.490748
3.669902
3.927094
4.129878
4.440442
4.625075
4.911976
5.094611
5.445544
5.650288
5.978847
6.144987
6.517413
6.745927
7.077553
7.138761
7.407852
7.514587
7.760547
7.736212
7.853748
7.943784
8.000513
8.001061
7.992631
8.012162
8.085773
8.135151
8.117283
8.118922
8.115219
8.081724
7.931303
7.8098
7.667521
7.558885
7.270984
7.037048
6.780171
6.614014
6.224887
5.937753
5.622088
5.41364
5.0146
4.747908
4.431281
4.229367
3.881036
3.588273
3.252539
2.955698
2.629479
2.299345
1.893587
1.583284
1.252943
0.940273
0.570735
0.261153
-0.069794
-0.39223
-0.755767
-1.091861
-1.42789
-1.802455
-2.177425
-2.553998
-2.948728
-3.3168
-3.51587
-3.652867
-3.735194
-3.786682
-3.795173
-3.797286
-3.773724
-3.748658
-3.708838
-3.667796
-3.604315
-3.531325
-3.435716
-3.356411
-3.246079
-3.145848
-3.035698
-2.935063
-2.794726
-2.657596
-2.494197
-2.344242
-2.154771
-2.006099
-1.804433
-1.62922
-1.444183
-1.299292
-1.062013
-0.867537
-0.701953
-0.560437
-0.380698
-0.203022
-0.094922
0.009062
0.152695
0.324658
0.436068
0.588231
0.709173
0.929838
1.042287
1.18494
1.273293
1.438956
1.54268
1.681326
1.697036
1.879607
1.987999
2.154555
2.215497
2.402126
2.537132
2.706541
2.773343
2.933766
3.072893
3.227816
3.334961
3.495528
3.624536
3.753555
3.85439
3.954262
4.092782
4.232808
4.387937
4.497042
4.722734
4.957762
5.253528
5.454439
5.826345
6.10476
6.492283
6.667393
7.046556
7.248078
7.547221
7.580863
7.770247
7.8394
8.02447
8.005705
8.050292
8.049199
8.09674
8.101243
8.104784
8.061295
8.106
8.103086
8.03595
7.881027
7.786604
7.639008
7.38025
7.07864
6.817057
6.563595
6.21548
5.913618
5.602544
5.374168
5.044029
4.734583
4.395588
4.099706
3.78756
3.478609
3.114738
2.832913
2.536239
2.257801
1.923923
1.662221
1.362484
1.086944
0.76317
0.49693
0.202475
-0.103585
-0.393721
-0.669991
-0.985622
-1.31039
-1.636897
-1.96926
-2.34538
-2.729131
-3.104523
-3.477177
-3.872041
-4.232037
-4.595227
-4.825349
-4.993033
-5.141036
-5.242852
-5.348956
-5.400506
-5.452775
-5.494364
-5.583121
-5.650406
-5.735692
-5.802969
-5.891506
-5.965868
-6.035223
-6.063882
-6.106733
-6.126242
-6.162694
-6.143442
-6.131799
-6.118819
-6.093872
-6.018306
-5.930832
-5.849767
-5.790648
-5.658361
-5.521665
-5.387119
-5.233509
-5.058736
-4.812766
-4.62774
-4.435704
-4.246125
-4.028417
-3.827749
-3.636407
-3.488645
-3.243804
-3.034745
-2.804276
-2.635558
-2.358625
-2.1593
-1.913875
-1.765424
-1.4878
-1.29456
-1.056736
-0.873031
-0.592458
-0.389007
-0.16201
-0.01114
0.204437
0.392024
0.570697
0.723826
0.868066
1.046932
1.216715
1.377186
1.508035
1.701114
1.841078
1.999401
2.046324
2.224593
2.326929
2.458651
2.499622
2.685701
2.803182
3.015093
3.089953
3.310253
3.47444
3.744121
3.862069
4.117013
4.328713
4.703036
4.923022
5.22501
5.47963
5.871784
6.138357
6.394504
6.616378
6.917746
7.136356
7.218866
7.36247
7.484501
7.665357
7.630167
7.682693
7.665052
7.704807
7.651851
7.61526
7.528659
7.528861
7.407705
7.330456
7.147519
7.114172
6.934632
6.78561
6.478525
6.35086
6.073952
5.826366
5.498593
5.313621
5.018528
4.713737
4.365695
4.079526
3.752194
3.375904
3.046328
2.725635
2.396455
2.061906
1.740547
1.458491
1.129969
0.804024
0.465741
0.095056
-0.243897
-0.613391
-0.983398
-1.380078
-1.714197
-2.088665
-2.448177
-2.865258
-3.213266
-3.604126
-3.985442
-4.408442
-4.763736
-5.014208
-5.169536
-5.313642
-5.422954
-5.524474
-5.586018
-5.650433
-5.715911
-5.794386
-5.81751
-5.840815
-5.865183
-5.861777
-5.848349
-5.823462
-5.815385
-5.800518
-5.782759
-5.739381
-5.71144
-5.676955
-5.671159
-5.624549
-5.589557
-5.523018
-5.471097
-5.371223
-5.317586
-5.213891
-5.14465
-5.008109
-4.909882
-4.776791
-4.648961
-4.445323
-4.306221
-4.163302
-4.025527
-3.848386
-3.715439
-3.618111
-3.473774
-3.318533
-3.155993
-3.016484
-2.867589
-2.655717
-2.463286
-2.302814
-2.137429
-2.00821
-1.801772
-1.656711
-1.480453
-1.383801
-1.158886
-1.036803
-0.861576
-0.779877
-0.606674
-0.465096
-0.269688
-0.171949
0.041602
0.20483
0.433621
0.561754
0.745722
0.902833
1.068377
1.169309
1.27613
1.40567
1.539909
1.632836
1.669142
1.7967
1.873524
2.006288
2.020731
2.15944
2.212472
2.313109
2.323549
2.432355
2.471253
2.582182
2.596465
2.702285
2.769442
2.911519
2.942947
3.039528
3.121933
3.262703
3.309622
3.384725
3.488646
3.671676
3.774122
3.858296
3.987406
4.160998
4.31724
4.368613
4.535504
4.68062
4.869827
4.935759
5.121708
5.293437
5.547299
5.637962
5.841036
5.94158
6.238419
6.278728
6.441445
6.469893
6.669681
6.610333
6.561993
6.492554
6.490575
6.470744
6.448501
6.375773
6.390856
6.377826
6.32033
6.236433
6.153851
6.060455
5.839006
5.585492
5.322849
5.103548
4.804259
4.512238
4.181449
4.007458
3.687301
3.479249
3.130851
2.949248
2.623028
2.355851
1.988258
1.767506
1.404126
1.136952
0.803311
0.567283
0.254993
-0.011914
-0.334975
-0.595148
-0.888479
-1.140216
-1.452918
-1.734399
-2.001263
-2.225559
-2.549594
-2.866832
-3.174377
-3.469877
-3.832661
-4.225605
-4.5409
-4.87791
-5.188992
-5.421668
-5.540027
-5.608324
-5.650198
-5.710227
-5.71485
-5.736505
-5.714378
-5.711428
-5.679836
-5.661343
-5.619882
-5.588048
-5.536794
-5.481257
-5.404233
-5.337975
-5.241042
-5.151558
-5.0029
-4.87897
-4.708007
-4.542217
-4.350152
-4.175313
-3.984323
-3.798795
-3.600531
-3.425426
-3.195354
-2.983771
-2.761724
-2.51034
-2.272966
-1.991384
-1.780056
-1.518386
-1.310655
-1.097371
-0.932913
-0.701262
-0.566079
-0.367749
-0.25098
-0.031751
0.083151
0.241196
0.301915
0.459537
0.545391
0.682979
0.708001
0.810232
0.881417
1.025304
1.040444
1.094357
1.159159
1.252079
1.281098
1.295014
1.360551
1.424936
1.486447
1.477037
1.547392
1.636949
1.732787
1.737192
1.826787
1.871932
1.96649
1.970837
2.020587
2.063437
2.192977
2.218949
2.303692
2.358527
2.508353
2.544522
2.645302
2.710216
2.880765
2.960193
3.10148
3.225332
3.449226
3.615744
3.795142
3.957184
4.20589
4.436807
4.678011
4.914684
5.195919
5.53111
5.794903
6.066051
6.287465
6.600697
6.737189
6.850408
6.799563
6.925348
6.865736
6.883513
6.793831
6.780691
6.737697
6.713656
6.631711
6.635233
6.624034
6.672182
6.588972
6.57083
6.471456
6.483291
6.268419
6.119734
5.889997
5.786738
5.487874
5.218662
4.955329
4.789854
4.482362
4.199882
3.927866
3.742837
3.453506
3.140994
2.857548
2.558248
2.265619
1.936272
1.596564
1.293095
1.011052
0.7048
0.376823
0.046252
-0.219057
-0.550813
-0.864919
-1.199691
-1.466726
-1.809342
-2.078941
-2.381521
-2.671441
-3.003047
-3.32465
-3.667739
-4.01878
-4.412288
-4.743958
-5.110406
-5.453893
-5.812953
-6.135435
-6.41452
-6.586539
-6.709879
-6.760019
-6.839634
-6.88942
-6.91444
-6.947542
-6.949447
-6.948034
-6.920666
-6.893801
-6.858775
-6.822224
-6.761893
-6.67046
-6.540441
-6.423592
-6.297072
-6.146585
-5.934363
-5.783219
-5.589903
-5.410031
-5.155353
-4.993128
-4.794347
-4.576758
-4.29182
-4.056876
-3.777173
-3.529067
-3.185299
-2.923386
-2.633043
-2.401642
-2.108888
-1.857532
-1.603947
-1.455959
-1.202537
-0.985344
-0.759949
-0.620714
-0.43404
-0.243822
-0.079318
0.059472
0.198677
0.371725
0.50912
0.682295
0.803908
0.958496
1.103752
1.270119
1.338171
1.484508
1.550117
1.712584
1.739376
1.877361
1.969013
2.143759
2.20018
2.347186
2.426267
2.614248
2.680206
2.857613
2.949036
3.182187
3.338571
3.588523
3.753915
4.108309
4.370707
4.686841
4.889758
5.264723
5.509307
5.610634
5.527605
5.476867
5.503988
5.49067
5.46383
5.408175
5.474906
5.438664
5.418015
5.313049
5.30259
5.243532
5.226672
5.075921
4.976524
4.78902
4.662002
4.327341
4.155015
3.882281
3.721767
3.334186
3.129212
2.845602
2.669747
2.316331
2.094586
1.805062
1.573517
1.257322
0.999987
0.684036
0.438528
0.185597
-0.050196
-0.38697
-0.629699
-0.912848
-1.181563
-1.518757
-1.81602
-2.096928
-2.391324
-2.696169
-2.984512
-3.268667
-3.532716
-3.833827
-4.159038
-4.481429
-4.822694
-5.15937
-5.542113
-5.781605
-5.928391
-6.022512
-6.120483
-6.148265
-6.161869
-6.1401
-6.142775
-6.1035
-6.062944
-6.004935
-5.932183
-5.801916
-5.651045
-5.49818
-5.375007
-5.215415
-5.05522
-4.864511
-4.719482
-4.509962
-4.329116
-4.080657
-3.87415
-3.649539
-3.405575
-3.139577
-2.906385
-2.694617
-2.479715
-2.256651
-2.051733
-1.905304
-1.70663
-1.526659
-1.320726
-1.180073
-1.00373
-0.855771
-0.651328
-0.526563
-0.358254
-0.262825
-0.04662
0.097795
0.293196
0.352136
0.56127
0.657742
0.809592
0.846509
0.989557
1.09744
1.229482
1.287677
1.4238
1.540737
1.722748
1.812022
1.924898
2.051227
2.191993
2.295774
2.37452
2.511265
2.679257
2.84344
2.954593
3.194401
3.432313
3.729888
3.919283
4.296956
4.576165
4.967423
5.102545
5.389202
5.423408
5.519808
5.434048
5.408713
5.321944
5.340517
5.235014
5.179794
5.076611
5.066154
4.993445
4.892764
4.750949
4.711863
4.584675
4.382486
4.15173
4.020833
3.849527
3.585906
3.386951
3.19683
3.051117
2.791818
2.590776
2.34134
2.16838
1.90594
1.675486
1.383002
1.186209
0.962967
0.755803
0.427714
0.217014
-0.075213
-0.326292
-0.682814
-0.936743
-1.22834
-1.506788
-1.81637
-2.07802
-2.381396
-2.622866
-2.934107
-3.243814
-3.579173
-3.903523
-4.273084
-4.663097
-5.084934
-5.436321
-5.831781
-6.116327
-6.283373
-6.372261
-6.43927
-6.518369
-6.526714
-6.532233
-6.510086
-6.507523
-6.466896
-6.426396
-6.363863
-6.263979
-6.119701
-5.98465
-5.820439
-5.708704
-5.524732
-5.362184
-5.114269
-4.92185
-4.684046
-4.450884
-4.14001
-3.912723
-3.65248
-3.439049
-3.125572
-2.91423
-2.68471
-2.473716
-2.204878
-1.975792
-1.744738
-1.558871
-1.349295
-1.157544
-0.955908
-0.812717
-0.678015
-0.498447
-0.317728
-0.142821
-0.056261
0.148848
0.279364
0.443252
0.484033
0.643736
0.755877
0.919903
0.962925
1.138469
1.233488
1.449121
1.505597
1.674816
1.787378
1.996494
2.061842
2.215651
2.334098
2.597788
2.725003
2.936744
3.150974
3.487518
3.732947
4.000261
4.300471
4.664919
4.961481
5.113543
5.307018
5.376953
5.43384
5.365674
5.347434
5.308039
5.322655
5.268148
5.248467
5.167368
5.19265
5.107131
5.041479
4.886676
4.887343
4.729757
4.599673
4.327008
4.273323
4.012775
3.77929
3.475174
3.344888
3.095394
2.866068
2.563042
2.342746
2.080971
1.861013
1.543397
1.256619
0.974972
0.752132
0.461497
0.128219
-0.156435
-0.469746
-0.798219
-1.197631
-1.534694
-1.891327
-2.228679
-2.612638
-2.929592
-3.329134
-3.620076
-4.030468
-4.391313
-4.799707
-5.16414
-5.594748
-5.992382
-6.431246
-6.644957
-6.841108
-6.928454
-6.990694
-6.997891
-7.051783
-7.090267
-7.088022
-7.062872
-7.038565
-7.021736
-6.973239
-6.899943
-6.802654
-6.717755
-6.590138
-6.474442
-6.320945
-6.216491
-6.051847
-5.902085
-5.681597
-5.544574
-5.35058
-5.141998
-4.851895
-4.703515
-4.46931
-4.287519
-3.985835
-3.839925
-3.638868
-3.459482
-3.181716
-2.992213
-2.783015
-2.616637
-2.373915
-2.187985
-1.994193
-1.844981
-1.661305
-1.463731
-1.266345
-1.098967
-0.955104
-0.73562
-0.592273
-0.435088
-0.356146
-0.157337
-0.040565
0.147453
0.245783
0.500934
0.626835
0.852183
0.955488
1.189967
1.326398
1.534617
1.599035
1.798561
1.923127
2.145062
2.232733
2.446073
2.641526
2.897381
3.053883
3.306765
3.602558
3.913043
4.160022
4.417386
4.804329
5.116826
5.340237
5.326729
5.412124
5.396126
5.474996
5.421271
5.478432
5.484847
5.560813
5.552242
5.560724
5.54329
5.61451
5.504938
5.444425
5.293489
5.285757
5.035395
4.828704
4.59287
4.504843
4.245926
4.015267
3.766007
3.605577
3.342704
3.077951
2.816242
2.578323
2.315645
2.088388
1.823792
1.54885
1.292733
1.010567
0.692064
0.345798
0.036093
-0.293413
-0.61457
-0.959734
-1.243415
-1.617667
-1.903875
-2.262766
-2.596158
-2.983993
-3.352969
-3.757354
-4.164455
-4.6188
-5.017325
-5.460011
-5.782425
-6.001856
-6.122875
-6.274228
-6.336815
-6.38145
-6.391735
-6.426419
-6.443422
-6.406972
-6.379065
-6.357136
-6.33296
-6.27854
-6.197447
-6.099846
-6.030811
-5.911631
-5.780364
-5.61833
-5.480056
-5.297891
-5.083601
-4.852664
-4.690857
-4.467211
-4.2649
-3.991514
-3.804508
-3.536544
-3.312498
-3.040257
-2.859392
-2.634342
-2.420816
-2.254992
-2.080085
-1.893812
-1.693554
-1.494645
-1.309271
-1.116279
-0.91895
-0.746604
-0.567376
-0.442656
-0.282444
-0.161424
0.00346
0.089961
0.260456
0.388914
0.602694
0.667261
0.884728
1.008253
1.226192
1.313799
1.485713
1.589303
1.780162
1.872598
2.044759
2.170506
2.419245
2.608137
2.822896
3.016111
3.302792
3.594865
3.848346
4.122725
4.419582
4.809265
5.059234
5.381097
5.585103
5.910398
5.912333
5.974999
5.886184
5.980177
5.964775
6.040139
6.003108
6.107028
6.143317
6.204041
6.161666
6.164004
6.120075
6.092475
5.8855
5.728137
5.554551
5.421644
5.102666
4.874481
4.670042
4.415304
4.086301
3.795756
3.542742
3.256725
2.93951
2.635906
2.349531
2.028273
1.713927
1.340926
0.985387
0.601879
0.219992
-0.206489
-0.575939
-0.970551
-1.330639
-1.794314
-2.133101
-2.557631
-2.966281
-3.444621
-3.870976
-4.330771
-4.798354
-5.317185
-5.785737
-6.262278
-6.545151
-6.761584
-6.90366
-7.073237
-7.142405
-7.214806
-7.276888
-7.358079
-7.394535
-7.398728
-7.416128
-7.439291
-7.448772
-7.424222
-7.415251
-7.402357
-7.390909
-7.345582
-7.273876
-7.158775
-7.055104
-6.905049
-6.732752
-6.542684
-6.394931
-6.171081
-5.97017
-5.728282
-5.579753
-5.329686
-5.108673
-4.844524
-4.661561
-4.387136
-4.151868
-3.892509
-3.697713
-3.46503
-3.248428
-3.008454
-2.82039
-2.580081
-2.366481
-2.147498
-1.96015
-1.807237
-1.62467
-1.449841
-1.307832
-1.195672
-0.997995
-0.829306
-0.608313
-0.51328
-0.265301
-0.106865
0.133724
0.230707
0.444825
0.585684
0.830337
0.917156
1.121262
1.253859
1.554236
1.706393
1.942337
2.090582
2.436135
2.655344
2.941931
3.18604
3.597886
3.95487
4.295405
4.579453
4.957007
5.308848
5.525654
5.617692
5.565024
5.631916
5.590326
5.599133
5.557422
5.612929
5.62254
5.663885
5.590508
5.655993
5.618076
5.633215
5.437757
5.476991
5.340932
5.24535
4.966885
4.859753
4.648074
4.408464
4.076548
3.836316
3.553188
3.296986
2.961889
2.685082
2.375736
2.051759
1.679207
1.29029
0.904193
0.518526
0.071951
-0.387242
-0.782494
-1.196395
-1.611215
-2.091647
-2.432901
-2.880532
-3.324402
-3.82083
-4.255872
-4.731875
-5.198101
-5.718844
-6.161943
-6.635109
-6.944822
-7.179665
-7.294918
-7.421293
-7.455765
-7.533994
-7.580692
-7.638461
-7.626317
-7.62989
-7.641292
-7.638943
-7.621427
-7.600781
-7.592901
-7.581543
-7.56786
-7.514485
-7.435637
-7.327683
-7.227987
-7.087334
-6.92193
-6.773356
-6.654907
-6.459213
-6.306403
-6.118547
-5.965902
-5.695109
-5.518612
-5.296382
-5.127276
-4.85146
-4.646348
-4.466272
-4.286067
-4.041335
-3.843522
-3.604696
-3.431287
-3.175808
-2.961147
-2.734359
-2.584824
-2.405828
-2.230105
-2.04239
-1.937868
-1.800412
-1.613334
-1.434817
-1.263713
-1.15495
-0.896727
-0.737315
-0.55519
-0.462515
-0.276717
-0.155571
0.013093
0.060571
0.219322
0.338974
0.57898
0.678131
0.894763
1.067862
1.357438
1.511647
1.77433
1.998648
2.367723
2.653335
3.000895
3.299462
3.744777
4.10399
4.479705
4.778162
5.058583
5.267981
5.33587
5.347035
5.337519
5.452265
5.49233
5.542575
5.493554
5.613907
5.601142
5.634104
5.541525
5.578165
5.478485
5.405459
5.183951
5.12613
4.916557
4.721883
4.382499
4.208378
3.90476
3.681374
3.317961
3.090321
2.792252
2.551538
2.143788
1.822939
1.49355
1.185331
0.742738
0.366583
0.027609
-0.336037
-0.731073
-1.132919
-1.428062
-1.823329
-2.220931
-2.628831
-3.02457
-3.432125
-3.850176
-4.310359
-4.733282
-5.180016
-5.581107
-6.053374
-6.482724
-6.836931
-7.007269
-7.195957
-7.288273
-7.374827
-7.397144
-7.451465
-7.460054
-7.470668
-7.447483
-7.431611
-7.401295
-7.373511
-7.347196
-7.322644
-7.274956
-7.195694
-7.079019
-6.943352
-6.778339
-6.656713
-6.522045
-6.345607
-6.204199
-6.051278
-5.905448
-5.714686
-5.5546
-5.362685
-5.200307
-4.977921
-4.79992
-4.575519
-4.411726
-4.181449
-3.997482
-3.761676
-3.610857
-3.321195
-3.098659
-2.844619
-2.726288
-2.488135
-2.309741
-2.075197
-1.987046
-1.761863
-1.574616
-1.335301
-1.168687
-0.967982
-0.72066
-0.470825
-0.280451
-0.091388
0.093359
0.33056
0.525993
0.645327
0.860293
1.063679
1.314652
1.455226
1.694566
1.899835
2.204044
2.361009
2.618237
2.807506
3.154461
3.321596
3.632868
3.819274
4.226382
4.436192
4.762482
4.90375
5.244077
5.323839
5.392354
5.311882
5.377143
5.428086
5.488214
5.450437
5.476934
5.560957
5.561848
5.539796
5.486458
5.486482
5.42067
5.323293
5.128549
5.01515
4.789205
4.632807
4.304465
4.1391
3.866359
3.679832
3.289949
3.145796
2.895558
2.69359
2.270178
2.046738
1.713627
1.415963
0.938255
0.634249
0.25695
-0.100823
-0.523318
-0.909733
-1.255114
-1.634764
-2.055616
-2.466444
-2.919556
-3.32643
-3.781046
-4.267605
-4.727081
-5.166543
-5.620862
-6.116518
-6.523057
-6.795571
-6.950941
-7.103453
-7.167835
-7.236648
-7.244794
-7.280823
-7.264164
-7.273995
-7.243162
-7.224047
-7.18952
-7.164097
-7.106136
-7.030974
-6.923803
-6.842231
-6.690942
-6.559237
-6.366216
-6.237171
-6.041418
-5.870458
-5.702461
-5.535825
-5.351547
-5.16818
-4.972651
-4.769265
-4.564356
-4.335998
-4.12163
-3.892802
-3.701012
-3.467721
-3.264377
-3.045692
-2.901282
-2.609007
-2.390688
-2.170605
-2.062488
-1.806319
-1.645795
-1.453381
-1.388474
-1.155425
-0.977971
-0.742527
-0.624097
-0.40929
-0.188753
0.078455
0.211393
0.422192
0.598724
0.860381
1.008251
1.13427
1.331222
1.567771
1.762944
1.888551
2.100869
2.308208
2.547489
2.697717
2.995397
3.233385
3.598675
3.799538
4.170709
4.418061
4.802164
4.875687
4.996218
4.937437
5.031098
4.978979
4.986406
4.909033
4.988842
4.992569
5.023577
5.009837
5.031884
5.057086
5.046566
4.969491
4.910032
4.816349
4.671097
4.509837
4.357851
4.243663
4.045721
3.864972
3.652303
3.508847
3.310709
3.10312
2.819852
2.681525
2.458954
2.228464
1.865613
1.661473
1.330963
1.011457
0.568174
0.298893
-0.060981
-0.401291
-0.780498
-1.126454
-1.46024
-1.825399
-2.225286
-2.615429
-3.043567
-3.436958
-3.907349
-4.387133
-4.872718
-5.298413
-5.759429
-6.040059
-6.228415
-6.323521
-6.386118
-6.454884
-6.457674
-6.456271
-6.430663
-6.415568
-6.364576
-6.319363
-6.245716
-6.14436
-6.000175
-5.877345
-5.729759
-5.588265
-5.414605
-5.273895
-5.041897
-4.875141
-4.615056
-4.452791
-4.183503
-3.998244
-3.491714
-3.514997
-3.503678
-3.491246
-3.481504
-3.484473
-3.475711
-3.467679
-3.470169
-3.467153
-3.488563
-3.510311
-3.512505
-3.509726
-3.509611
-3.515595
-3.503568
-3.470481
-3.456321
-3.44552
-3.434118
-3.414589
-3.424346
-3.434454
-3.443304
-3.450015
-3.463311
-3.466318
-3.468946
-3.452521
-3.438137
-3.423389
-3.422596
-3.424786
-3.429623
-3.454783
-3.533632
-3.537377
-3.556601
-3.580116
-3.623838
-3.618962
-3.658277
-3.705457
-3.745573
-3.786246
-3.843613
-3.932976
-3.969937
-4.049734
-4.17732
-4.301396
-4.453229
-4.61807
-4.820405
-5.028133
-5.226977
-5.458986
-5.681813
-5.927999
-6.197668
-6.35645
-6.286907
-6.273684
-6.257041
-6.254331
-6.225735
-6.197936
-6.166092
-6.137575
-6.097794
-6.060114
-6.018836
-5.980923
-5.928792
-5.880565
-5.809669
-5.760062
-5.698744
-5.626498
-5.509723
-5.400287
-5.31611
-5.197259
-5.05752
-4.905207
-4.77595
-4.59987
-4.398945
-4.172892
-3.966591
-3.718149
-3.495251
-3.188633
-2.961293
-2.718263
-2.50495
-2.249538
-2.060186
-1.860629
-1.718747
-1.441826
-1.271862
-1.059119
-0.909819
-0.655337
-0.516917
-0.335444
-0.196763
0.019802
0.165249
0.329539
0.472685
0.662231
0.80719
0.969684
1.063964
1.185457
1.339486
1.436109
1.545986
1.623589
1.796771
1.917114
2.042936
2.128483
2.321055
2.420421
2.584203
2.618299
2.81009
2.882839
3.034854
3.076182
3.231494
3.325057
3.529916
3.558922
3.688785
3.79061
4.077657
4.155215
4.374845
4.535886
4.903327
5.059938
5.291013
5.44744
5.796044
5.984026
6.142271
6.251512
6.452394
6.603131
6.59307
6.570468
6.504989
6.454926
6.324883
6.189387
6.013473
6.061436
5.915726
5.822098
5.56704
5.60758
5.397911
5.294151
4.967156
4.926904
4.66707
4.518704
4.133518
4.015337
3.762063
3.646461
3.284031
3.119288
2.858324
2.749596
2.408706
2.195448
1.927419
1.751097
1.400117
1.122154
0.850389
0.593357
0.268126
0.047728
-0.22602
-0.50641
-0.795472
-1.072901
-1.358631
-1.676454
-1.995124
-2.288455
-2.612809
-2.92352
-3.219546
-3.571983
-3.931726
-4.310998
-4.642317
-5.033039
-5.214354
-5.340847
-5.306892
-5.322966
-5.314138
-5.309564
-5.278547
-5.254463
-5.228227
-5.194799
-5.099352
-4.967232
-4.800096
-4.694622
-4.561959
-4.394041
-4.222339
-4.127711
-3.974784
-3.808538
-3.631832
-3.525588
-3.399879
-3.216779
-3.051724
-2.896937
-2.749885
-2.58205
-2.429482
-2.269715
-2.150289
-1.995219
-1.83651
-1.646717
-1.55037
-1.383876
-1.253922
-1.044015
-0.987608
-0.810688
-0.706042
-0.49206
-0.439198
-0.296399
-0.217981
-0.006887
0.073714
0.282175
0.338754
0.52189
0.620932
0.764981
0.81353
0.978786
1.104826
1.246643
1.300528
1.445568
1.6007
1.758217
1.811471
1.940651
2.131026
2.325458
2.508022
2.712169
3.032404
3.368755
3.680131
3.919828
4.332204
4.715436
5.107343
5.203032
5.497294
5.527385
5.61344
5.47117
5.409742
5.321951
5.381029
5.222304
5.174822
5.075979
5.118167
5.047248
4.96503
4.796479
4.716659
4.505402
4.296684
3.97829
3.867579
3.608825
3.342318
2.996675
2.810708
2.564295
2.280012
2.000957
1.722991
1.447432
1.095311
0.78309
0.437482
0.101673
-0.206383
-0.518261
-0.853162
-1.151502
-1.446774
-1.720676
-2.054707
-2.310657
-2.601972
-2.869538
-3.203209
-3.414369
-3.675267
-3.950552
-4.286216
-4.551956
-4.861365
-5.141392
-5.455983
-5.553026
-5.643746
-5.654768
-5.683815
-5.677655
-5.648855
-5.576851
-5.516899
-5.435379
-5.346769
-5.225438
-5.128767
-5.077849
-4.982128
-4.86149
-4.718441
-4.591689
-4.433779
-4.23087
-4.040998
-3.882238
-3.715136
-3.569914
-3.373289
-3.238894
-3.102463
-2.966075
-2.745305
-2.598663
-2.414622
-2.300477
-2.08528
-1.959067
-1.788087
-1.686262
-1.470739
-1.352482
-1.141491
-1.024241
-0.836743
-0.706127
-0.515761
-0.439138
-0.298146
-0.184937
0.02789
0.131968
0.264992
0.443183
0.623392
0.798295
0.909647
1.088292
1.241916
1.394846
1.478039
1.641934
1.743064
1.940279
2.04259
2.249296
2.392459
2.653655
2.764619
3.019742
3.217774
3.577311
3.710488
4.005664
4.221748
4.573011
4.518285
4.471858
4.374156
4.390336
4.382122
4.409775
4.398291
4.525084
4.58073
4.603841
4.526934
4.57011
4.640682
4.635746
4.552363
4.43883
4.404149
4.253491
4.052402
3.792622
3.691832
3.449934
3.255936
2.94876
2.84433
2.585336
2.409913
2.101376
1.948231
1.646979
1.472628
1.193817
0.948345
0.633632
0.383484
0.019275
-0.297921
-0.690124
-0.945977
-1.312724
-1.622037
-1.947715
-2.224727
-2.524285
-2.836063
-3.140002
-3.425964
-3.727823
-4.015096
-4.294282
-4.572088
-4.874999
-5.164007
-5.373804
-5.504232
-5.596955
-5.691401
-5.747001
-5.76688
-5.733262
-5.716183
-5.687044
-5.647798
-5.579906
-5.50918
-5.397284
-5.271067
-5.088824
-4.955803
-4.808672
-4.655849
-4.453371
-4.284036
-4.086115
-3.950981
-3.717175
-3.544929
-3.324667
-3.206329
-3.005678
-2.837114
-2.646069
-2.559573
-2.387239
-2.2069
-2.014691
-1.862492
-1.699597
-1.537618
-1.356641
-1.18359
-1.051345
-0.876002
-0.699148
-0.50488
-0.405326
-0.227844
-0.073679
0.144525
0.21199
0.401606
0.538699
0.789322
0.867129
1.092448
1.248896
1.546758
1.718434
1.9767
2.125757
2.472757
2.649401
2.934689
3.028876
3.216923
3.18929
3.133055
3.054372
3.08991
3.131833
3.141169
3.142911
3.223302
3.382052
3.437354
3.477476
3.459924
3.601803
3.586745
3.619522
3.534285
3.558504
3.458888
3.374602
3.15826
3.059899
2.885741
2.80257
2.491084
2.418641
2.210499
2.118372
1.794535
1.652934
1.410857
1.23696
0.861231
0.650314
0.378828
0.177472
-0.127717
-0.370942
-0.669895
-0.900578
-1.166905
-1.417578
-1.696308
-1.899123
-2.134803
-2.374445
-2.649401
-2.884881
-3.127363
-3.426773
-3.721789
-4.018626
-4.301511
-4.645685
-4.953117
-5.291364
-5.585483
-5.736972
-5.809494
-5.861946
-5.852634
-5.843171
-5.804389
-5.789454
-5.764056
-5.733164
-5.673954
-5.583621
-5.418506
-5.244507
-5.055475
-4.91738
-4.724011
-4.541744
-4.341921
-4.179888
-3.933357
-3.720491
-3.51091
-3.334859
-3.135365
-2.953777
-2.747596
-2.614509
-2.448187
-2.257014
-2.043404
-1.849135
-1.712617
-1.450496
-1.265121
-1.054954
-0.940172
-0.722195
-0.564079
-0.355914
-0.282048
-0.082256
0.048246
0.308992
0.408769
0.613201
0.726144
0.980992
1.068105
1.240571
1.323036
1.582383
1.730247
1.954168
2.06326
2.359505
2.560032
2.830338
2.992524
3.295463
3.576793
3.854079
4.024971
4.268427
4.569901
4.80941
4.946805
4.963593
5.099399
5.083472
5.105709
5.040201
5.007165
4.928998
4.902082
4.716981
4.685105
4.554501
4.488379
4.184058
4.064588
3.806411
3.711639
3.360788
3.185518
2.91181
2.810169
2.459809
2.227799
1.954832
1.82916
1.493584
1.244336
0.94305
0.760578
0.458517
0.156272
-0.069323
-0.303159
-0.586698
-0.894403
-1.178671
-1.468933
-1.782399
-2.103828
-2.393424
-2.698625
-2.970203
-3.266947
-3.568504
-3.908522
-4.189611
-4.52194
-4.840211
-5.193398
-5.464067
-5.792613
-6.092576
-6.434996
-6.705041
-6.963778
-7.068384
-7.14881
-7.143362
-7.130659
-7.100735
-7.078684
-7.052373
-7.021928
-6.952735
-6.844519
-6.707726
-6.56046
-6.398308
-6.248919
-6.115115
-5.955184
-5.765595
-5.575319
-5.403541
-5.17714
-4.978521
-4.758301
-4.569281
-4.343498
-4.150654
-3.918121
-3.731961
-3.4707
-3.254445
-2.995203
-2.826061
-2.612805
-2.437266
-2.187138
-2.078174
-1.858126
-1.690825
-1.408558
-1.244952
-1.029704
-0.815746
-0.556407
-0.393626
-0.199143
-0.066637
0.145396
0.29542
0.449454
0.581404
0.748858
0.941311
1.106088
1.258012
1.415245
1.654716
1.824271
2.02083
2.1789
2.491541
2.67099
2.944936
3.097587
3.482882
3.66385
3.809745
3.670736
3.697051
3.684414
3.782052
3.699324
3.760666
3.801171
3.920702
3.889239
3.89241
3.897582
3.948611
3.885624
3.791446
3.70692
3.660201
3.524606
3.309349
3.139638
2.974058
2.805075
2.529942
2.364063
2.143021
1.985741
1.714649
1.540406
1.327692
1.156377
0.871643
0.599106
0.272519
0.039076
-0.359477
-0.660564
-1.01768
-1.251403
-1.627241
-1.961413
-2.281893
-2.580461
-2.96665
-3.330738
-3.703366
-4.0532
-4.468411
-4.871619
-5.276128
-5.642558
-5.992447
-6.175977
-6.325382
-6.399075
-6.42499
-6.405879
-6.403225
-6.389229
-6.334593
-6.276489
-6.210218
-6.133145
-6.010425
-5.86516
-5.696424
-5.561056
-5.404324
-5.237547
-5.037163
-4.86299
-4.653584
-4.47851
-4.196199
-4.017994
-3.810062
-3.635032
-3.384501
-3.237369
-3.059554
-2.929227
-2.684725
-2.556471
-2.38182
-2.245443
-2.040329
-1.914296
-1.778463
-1.652485
-1.485563
-1.353312
-1.223013
-1.077896
-0.905578
-0.75406
-0.604137
-0.488821
-0.367759
-0.198725
-0.105124
0.038938
0.142314
0.351299
0.471911
0.625932
0.759966
1.010109
1.13617
1.353024
1.461843
1.7499
1.907694
2.190623
2.350716
2.708206
2.988309
3.385592
3.584133
4.030381
4.365007
4.842956
5.019069
5.237684
5.328685
5.476102
5.506383
5.471216
5.485869
5.520949
5.557584
5.477602
5.431132
5.382304
5.361161
5.215296
5.162041
5.017849
4.968609
4.735996
4.583808
4.338367
4.218915
3.908373
3.657841
3.279669
3.133142
2.790489
2.51564
2.136407
1.936201
1.489558
1.1658
0.767307
0.507336
0.133058
-0.220533
-0.546598
-0.832052
-1.191001
-1.54153
-1.909448
-2.267736
-2.660947
-3.060324
-3.439559
-3.820643
-4.207926
-4.584966
-5.003013
-5.391737
-5.778518
-6.159836
-6.390007
-6.569354
-6.621803
-6.685896
-6.71939
-6.759944
-6.727398
-6.702372
-6.675341
-6.65659
-6.630565
-6.573804
-6.43542
-6.300165
-6.147724
-6.012033
-5.805338
-5.643855
-5.477328
-5.337538
-5.13232
-4.996041
-4.869588
-4.765144
-4.56851
-4.410675
-4.270105
-4.092334
-3.910776
-3.671105
-3.529676
-3.341624
-3.1827
-2.982564
-2.851114
-2.687856
-2.581488
-2.368977
-2.243126
-2.055625
-1.936155
-1.702544
-1.574554
-1.394738
-1.29384
-1.054551
-0.91892
-0.742296
-0.611273
-0.356128
-0.223052
-0.055851
0.06333
0.260917
0.426332
0.558047
0.716236
0.908598
1.133096
1.329704
1.524612
1.745494
2.043172
2.245037
2.504658
2.702026
3.085926
3.336571
3.681919
3.923625
4.411129
4.734905
5.120396
5.264261
5.605475
5.618735
5.622976
5.561116
5.527194
5.47572
5.418444
5.286749
5.187274
5.120889
5.077859
4.959159
4.806368
4.70443
4.563274
4.388019
4.103641
3.92218
3.685806
3.455
3.068835
2.866705
2.575293
2.344193
1.934641
1.714132
1.361184
1.094144
0.692734
0.410287
0.050976
-0.25577
-0.645185
-0.979418
-1.371966
-1.680768
-2.081775
-2.447592
-2.807109
-3.096642
-3.478643
-3.862601
-4.242443
-4.596205
-5.012777
-5.481985
-5.884924
-6.282713
-6.676648
-7.118749
-7.482818
-7.684748
-7.758992
-7.825011
-7.821132
-7.835361
-7.807464
-7.796911
-7.782016
-7.760045
-7.69432
-7.59208
-7.426237
-7.270705
-7.050371
-6.865818
-6.662826
-6.490974
-6.235141
-6.021174
-5.780985
-5.555825
-5.301617
-5.065399
-4.825121
-4.603727
-4.399156
-4.200489
-3.994227
-3.783315
-3.597629
-3.362563
-3.171947
-2.957278
-2.820395
-2.582036
-2.434538
-2.244556
-2.164068
-1.897589
-1.734603
-1.554316
-1.484128
-1.27252
-1.129574
-0.944362
-0.902265
-0.729475
-0.565388
-0.352875
-0.233979
-0.050563
0.152355
0.373007
0.520864
0.675282
0.888578
1.116801
1.305492
1.439479
1.714371
1.958612
2.236735
2.412649
2.758399
3.050609
3.437835
3.639453
4.049445
4.321975
4.681437
4.703264
4.845485
4.849098
5.031332
5.017173
5.077042
5.068228
5.203318
5.217729
5.222162
5.21372
5.258133
5.275698
5.18852
5.045776
4.947056
4.835614
4.572884
4.378211
4.155888
3.98831
3.658857
3.417728
3.124886
2.910551
2.563775
2.315226
1.949005
1.691288
1.313751
0.99942
0.570206
0.259331
-0.174225
-0.54806
-1.004164
-1.322464
-1.741771
-2.143243
-2.571588
-2.927847
-3.337777
-3.732972
-4.137765
-4.520017
-4.875716
-5.241602
-5.656185
-6.051165
-6.450532
-6.809421
-7.132343
-7.333322
-7.419562
-7.45993
-7.473726
-7.509834
-7.485924
-7.453202
-7.423351
-7.405578
-7.372468
-7.307655
-7.175976
-7.061342
-6.93373
-6.809035
-6.626892
-6.494846
-6.306074
-6.146256
-5.930888
-5.780136
-5.575982
-5.41013
-5.142136
-4.967102
-4.73082
-4.536388
-4.280134
-4.09919
-3.914726
-3.731387
-3.53843
-3.390866
-3.219864
-3.043017
-2.850891
-2.645583
-2.463126
-2.26858
-2.097322
-1.849076
-1.682559
-1.484741
-1.333653
-1.02851
-0.834959
-0.620314
-0.500018
-0.2168
-0.052034
0.180203
0.251484
0.508792
0.679638
0.92938
1.038139
1.305151
1.530866
1.845659
1.979498
2.263363
2.513092
2.874646
3.069243
3.374108
3.70625
4.102451
4.396138
4.704397
5.057512
5.424195
5.667716
5.721509
5.835689
5.841429
5.895811
5.839656
5.820551
5.789254
5.836223
5.796911
5.829312
5.795784
5.917047
5.850433
5.808548
5.656805
5.671284
5.475904
5.297217
4.984586
4.877866
4.568633
4.278194
3.915978
3.706466
3.364919
3.040421
2.659926
2.355608
1.995045
1.670805
1.289328
0.914609
0.543932
0.190726
-0.212649
-0.612226
-0.978084
-1.357072
-1.764669
-2.205971
-2.565159
-2.990491
-3.394347
-3.822037
-4.176387
-4.583273
-4.961853
-5.365919
-5.723505
-6.086222
-6.436036
-6.853238
-7.238286
-7.596265
-7.754111
-7.942894
-8.039621
-8.105748
-8.103088
-8.122983
-8.125075
-8.112815
-8.07077
-8.036925
-7.993185
-7.906587
-7.764616
-7.607234
-7.473368
-7.335505
-7.173255
-6.987653
-6.807383
-6.627634
-6.439114
-6.243645
-6.046698
-5.846494
-5.649971
-5.373116
-5.175924
-4.896625
-4.684336
-4.387712
-4.200788
-3.956902
-3.783057
-3.531014
-3.377952
-3.131025
-2.998397
-2.737259
-2.566824
-2.291486
-2.180583
-1.937285
-1.765695
-1.482652
-1.388408
-1.175345
-0.972543
-0.668697
-0.519092
-0.320531
-0.157094
0.08603
0.276366
0.419793
0.587566
0.830388
1.055124
1.23843
1.444923
1.727127
2.061384
2.295061
2.590869
2.886223
3.304575
3.567271
3.91511
4.197829
4.659758
4.923696
5.245975
5.357414
5.643266
5.676659
5.7619
5.685152
5.692427
5.676506
5.70923
5.642414
5.624469
5.563622
5.58183
5.40174
5.270299
5.081406
4.978806
4.674681
4.449777
4.138827
3.946091
3.63265
3.358529
2.971819
2.711368
2.3455
1.995386
1.521877
1.150302
0.767247
0.364126
-0.081395
-0.46703
-0.830479
-1.181786
-1.564665
-1.948449
-2.305442
-2.706093
-3.101226
-3.543339
-3.983297
-4.399541
-4.800682
-5.251862
-5.6598
-6.087923
-6.486714
-6.967443
-7.380418
-7.712525
-7.879968
-8.05479
-8.104469
-8.180794
-8.218264
-8.293473
-8.313563
-8.3498
-8.343343
-8.362179
-8.342066
-8.3283
-8.290722
-8.231754
-8.134198
-8.028233
-7.865001
-7.731175
-7.591315
-7.467875
-7.281379
-7.130629
-6.990932
-6.823016
-6.624109
-6.414796
-6.185558
-5.984576
-5.823654
-5.609553
-5.385372
-5.17607
-5.002675
-4.779766
-4.520185
-4.273176
-4.125584
-3.874233
-3.670494
-3.420476
-3.290368
-3.091861
-2.912814
-2.659019
-2.508258
-2.277836
-2.103967
-1.815313
-1.662074
-1.437664
-1.28086
-0.98347
-0.82292
-0.574076
-0.408643
-0.121493
0.03688
0.262852
0.390829
0.651735
0.787353
1.008399
1.115623
1.353377
1.539107
1.812189
1.962975
2.211915
2.44489
2.738982
2.940735
3.178026
3.465807
3.787536
4.080332
4.33679
4.657031
4.941085
5.135612
5.113004
5.159102
5.124945
5.204543
5.179121
5.198724
5.170313
5.213976
5.165083
5.126024
4.99693
5.003381
4.825321
4.727238
4.470483
4.407359
4.124708
3.911068
3.568141
3.454622
3.183791
2.954789
2.58562
2.377282
2.074296
1.831782
1.412464
1.111687
0.791151
0.506547
0.104471
-0.250102
-0.542901
-0.885628
-1.251745
-1.624032
-1.935652
-2.310285
-2.662097
-3.037439
-3.372154
-3.753098
-4.116209
-4.514257
-4.910153
-5.323244
-5.711251
-6.164529
-6.588387
-7.040757
-7.443736
-7.920424
-8.277148
-8.540178
-8.674464
-8.830636
-8.9154
-8.990878
-9.036051
-9.075606
-9.087567
-9.075089
-9.04478
-9.011518
-8.987421
-8.945703
-8.833898
-8.657347
-8.502965
-8.342697
-8.183638
-7.991361
-7.825441
-7.630262
-7.451522
-7.198043
-7.025916
-6.765883
-6.565489
-6.284352
-6.102298
-5.860106
-5.661955
-5.3675
-5.142505
-4.886245
-4.707394
-4.42727
-4.207789
-3.956068
-3.789615
-3.525567
-3.292766
-3.03108
-2.859962
-2.622289
-2.349506
-2.109678
-1.937024
-1.729646
-1.475474
-1.280293
-1.075429
-0.914334
-0.653842
-0.474328
-0.248474
-0.116796
0.143068
0.275266
0.515936
0.620095
0.882718
1.051342
1.330702
1.441882
1.726862
1.928173
2.25822
2.393862
2.688571
2.932633
3.287314
3.480857
3.703815
3.752979
3.801973
3.82184
3.828382
3.877414
3.947058
4.04037
3.995824
4.027827
4.036008
4.126757
4.062178
4.059387
3.985667
4.035654
3.876289
3.830528
3.687531
3.708102
3.470318
3.318074
3.075096
3.01256
2.720162
2.543125
2.264381
2.13312
1.855829
1.624852
1.307821
1.082262
0.786701
0.534602
0.173473
-0.088851
-0.36565
-0.647214
-1.013608
-1.343663
-1.635577
-1.985538
-2.347196
-2.708859
-3.012903
-3.39603
-3.751383
-4.139337
-4.473837
-4.863095
-5.231936
-5.634629
-6.010135
-6.423651
-6.79534
-7.198743
-7.551844
-7.873979
-8.030664
-8.21162
-8.264264
-8.312099
-8.30575
-8.311966
-8.287852
-8.250089
-8.21041
-8.151177
-8.007647
-7.794595
-7.567345
-7.358704
-7.1607
-6.953533
-6.742435
-6.541772
-6.319677
-6.089742
-5.851884
-5.574819
-5.343088
-5.091451
-4.833852
-4.507929
-4.294972
-4.018959
-3.790177
-3.459612
-3.272232
-2.997525
-2.793904
-2.479216
-2.300009
-2.061144
-1.897871
-1.602676
-1.409823
-1.14845
-1.008917
-0.719939
-0.500432
-0.247755
-0.113305
0.128975
0.351575
0.564531
0.73495
0.948978
1.230863
1.467319
1.704668
1.910087
2.221471
2.467296
2.759189
2.947905
3.295551
3.540022
3.888858
4.034948
4.407049
4.637148
4.966009
4.946369
5.034462
4.974273
5.028984
4.96143
4.957981
4.919283
4.96088
4.8948
4.846962
4.78748
4.800139
4.744542
4.652202
4.490903
4.398876
4.242972
4.018901
3.773958
3.581021
3.371533
3.085329
2.767807
2.510126
2.336532
2.041099
1.739638
1.424956
1.285684
0.940938
0.656478
0.296618
0.075016
-0.313995
-0.652121
-1.090031
-1.385833
-1.752027
-2.068298
-2.45506
-2.780745
-3.10461
-3.403164
-3.824147
-4.15934
-4.522652
-4.839082
-5.294587
-5.678653
-6.063106
-6.420229
-6.84801
-7.224697
-7.542776
-7.700645
-7.836387
-7.900012
-7.924812
-7.903568
-7.864455
-7.811855
-7.753556
-7.672147
-7.545523
-7.386888
-7.202925
-7.023352
-6.818335
-6.640245
-6.422691
-6.209624
-5.936867
-5.740242
-5.448667
-5.230066
-4.966829
-4.761124
-4.5052
-4.321662
-4.081412
-3.914641
-3.667222
-3.516431
-3.250082
-3.06116
-2.814109
-2.712148
-2.466632
-2.270904
-2.024402
-1.891833
-1.665043
-1.434657
-1.182902
-1.033563
-0.846479
-0.679605
-0.45344
-0.302982
-0.196623
-0.041713
0.173412
0.362786
0.474705
0.649222
0.850726
1.057433
1.15164
1.332251
1.479283
1.729261
1.854659
2.03607
2.196285
2.515698
2.705028
2.967504
3.125531
3.506136
3.7168
4.035822
4.17755
4.59454
4.822141
5.169833
5.270305
5.616688
5.762724
6.033242
6.022155
6.117336
6.135031
6.159951
6.128586
6.088221
6.033566
6.045813
5.998308
5.907824
5.805676
5.776833
5.692608
5.486122
5.303012
5.152525
5.016531
4.691582
4.445939
4.197502
4.019681
3.686414
3.405621
3.048857
2.830338
2.444838
2.140864
1.735171
1.481074
1.08854
0.74128
0.264589
-0.024464