0.0023437
0.002285
0.0022239
0.0021816
0.0021582
0.0021446
0.0021266
0.0020954
0.0020467
0.0019941
0.0019644
0.0019714
0.0020106
0.0020699
0.0021285
0.0021629
0.0021681
0.0021603
0.002156
0.0021588
0.0021626
0.0021577
0.0021313
0.0020761
0.0020073
0.0019552
0.0019374
0.0019562
0.0020059
0.0020618
0.0020891
0.0020787
0.0020538
0.0020383
0.0020381
0.0020457
0.0020498
0.0020339
0.0019878
0.0019322
0.0019084
0.0019352
0.0020009
0.0020847
0.0021621
0.0022094
0.002223
0.0022195
0.0022145
0.0022101
0.0021987
0.0021713
0.0021207
0.0020473
0.0019727
0.0019274
0.0019226
0.0019502
0.001998
0.0020486
0.002081
0.0020905
0.0020902
0.0020916
0.0020939
0.0020907
0.0020777
0.0020499
0.0020041
0.0019531
0.0019212
0.0019187
0.0019419
0.0019855
0.0020359
0.0020717
0.002084
0.0020833
0.002083
0.0020873
0.0020935
0.0020964
0.0020862
0.0020541
0.0020106
0.001981
0.0019794
0.002007
0.0020608
0.0021263
0.0021806
0.0022182
0.0022593
0.0023277
0.0024321
0.0025684
0.0027265
0.002892
0.0030582
0.0032423
0.0034725
0.0037517
0.0040544
0.0043517
0.0046277
0.004882
0.0051209
0.0053348
0.0054895
0.0055528
0.0055231
0.0054245
0.0052811
0.0051048
0.0049007
0.0046713
0.0044248
0.0041898
0.004
0.0038574
0.0037317
0.0035995
0.0034627
0.0033339
0.0032204
0.00312
0.0030224
0.0029111
0.0027815
0.002656
0.0025635
0.0025117
0.0024923
0.0024958
0.0025059
0.0024991
0.0024662
0.0024203
0.0023788
0.0023487
0.0023273
0.0023077
0.0022773
0.0022251
0.0021626
0.0021175
0.0021042
0.002119
0.0021526
0.002186
0.0021947
0.0021722
0.0021357
0.0021041
0.0020824
0.0020661
0.0020501
0.0020268
0.0019897
0.0019508
0.0019362
0.0019571
0.0020055
0.0020705
0.002137
0.0021852
0.0022076
0.002215
0.0022224
0.0022354
0.0022498
0.0022571
0.002247
0.0022143
0.0021733
0.0021513
0.0021618
0.0021974
0.0022441
0.002284
0.0023005
0.002294
0.002281
0.0022756
0.002279
0.0022842
0.0022827
0.0022659
0.0022312
0.0021932
0.0021754
0.0021864
0.0022199
0.0022666
0.0023097
0.0023264
0.0023104
0.0022776
0.0022462
0.0022226
0.0022052
0.0021877
0.0021581
0.0021087
0.0020549
0.0020306
0.002054
0.0021142
0.0021865
0.0022461
0.0022756
0.0022767
0.0022677
0.0022634
0.0022629
0.0022558
0.0022333
0.0021945
0.0021472
0.0021076
0.0020926
0.0021057
0.0021395
0.0021886
0.0022431
0.002285
0.0023053
0.0023107
0.0023108
0.0023075
0.0022993
0.0022861
0.0022661
0.0022353
0.002201
0.0021811
0.002185
0.0022106
0.0022536
0.0023018
0.0023346
0.0023429
0.002334
0.0023173
0.0022957
0.0022697
0.0022401
0.0022031
0.0021548
0.0021057
0.0020775
0.0020801
0.0021087
0.002156
0.0022071
0.002239
0.0022413
0.0022241
0.0022024
0.0021846
0.0021737
0.0021671
0.002153
0.0021199
0.0020766
0.0020487
0.0020522
0.0020856
0.0021403
0.0021959
0.0022242
0.0022148
0.0021842
0.0021558
0.0021406
0.0021365
0.0021342
0.0021195
0.0020826
0.0020356
0.0020063
0.002011
0.002047
0.002103
0.0021587
0.0021902
0.0021918
0.0021805
0.0021752
0.0021811
0.0021918
0.0021967
0.0021854
0.0021561
0.0021297
0.0021372
0.0021847
0.0022517
0.0023199
0.0023764
0.0024079
0.0024133
0.0024055
0.002394
0.0023749
0.0023407
0.0022946
0.002244
0.002189
0.0021337
0.002094
0.0020809
0.0020942
0.0021274
0.0021633
0.0021794
0.0021702
0.0021508
0.0021378
0.002138
0.002149
0.0021606
0.0021568
0.0021294
0.002096
0.0020883
0.0021214
0.0021886
0.0022751
0.0023583
0.0024133
0.0024352
0.0024422
0.0024521
0.0024655
0.0024703
0.0024528
0.0024038
0.0023263
0.0022453
0.002194
0.0021855
0.0022102
0.0022517
0.0022901
0.0023063
0.0022988
0.0022828
0.0022712
0.0022633
0.0022521
0.0022324
0.0021993
0.0021511
0.0021013
0.0020729
0.0020758
0.0021042
0.0021478
0.0021902
0.0022101
0.0022012
0.0021779
0.0021578
0.0021481
0.0021468
0.0021461
0.0021337
0.0021021
0.0020633
0.0020419
0.0020495
0.0020812
0.0021279
0.0021735
0.0021973
0.0021933
0.0021749
0.0021573
0.0021459
0.0021381
0.0021288
0.0021105
0.0020817
0.0020579
0.0020574
0.002079
0.0021136
0.002157
0.0021987
0.0022214
0.002222
0.0022137
0.0022049
0.0021915
0.0021716
0.0021501
0.0021245
0.0020867
0.0020456
0.0020245
0.0020332
0.0020646
0.0021104
0.0021592
0.0021963
0.0022193
0.0022407
0.0022713
0.0023103
0.0023509
0.0023868
0.0024084
0.0024082
0.002396
0.0023951
0.0024153
0.0024498
0.0024903
0.0025252
0.0025372
0.0025211
0.0024901
0.0024579
0.002426
0.0023913
0.0023542
0.0023148
0.0022695
0.0022243
0.0021963
0.0021958
0.0022209
0.002265
0.0023124
0.0023397
0.0023363
0.0023135
0.0022878
0.0022669
0.0022481
0.0022229
0.0021796
0.0021133
0.0020415
0.0019947
0.0019868
0.002011
0.0020543
0.0020994
0.0021279
0.0021378
0.0021449
0.0021645
0.0021972
0.002232
0.0022562
0.0022586
0.0022354
0.0022038
0.0021912
0.002208
0.0022477
0.0023065
0.0023856
0.0024872
0.0026193
0.0027954
0.003019
0.0032755
0.0035426
0.003803
0.0040432
0.0042505
0.0044206
0.0045603
0.0046765
0.0047681
0.0048304
0.0048561
0.0048389
0.0047864
0.0047179
0.004646
0.0045703
0.0044845
0.0043814
0.0042578
0.004125
0.0040173
0.003973
0.0040036
0.004094
0.0042226
0.004365
0.0044949
0.0045998
0.0046827
0.0047412
0.0047569
0.0047083
0.0045872
0.0043993
0.0041639
0.0039182
0.0037039
0.0035402
0.003421
0.0033327
0.0032582
0.0031793
0.0030938
0.003016
0.0029563
0.0029137
0.0028909
0.0029067
0.002988
0.0031584
0.003443
0.0038703
0.0044601
0.0052202
0.006159
0.0072748
0.0085266
0.0098264
0.011065
0.012144
0.01301
0.013652
0.014072
0.014258
0.014191
0.01389
0.013413
0.012832
0.012206
0.011574
0.010949
0.010325
0.0097177
0.0091702
0.0087121
0.0083266
0.0079741
0.0076332
0.0073083
0.0070153
0.0067717
0.0065865
0.0064503
0.0063406
0.006232
0.0060959
0.0059084
0.0056768
0.0054491
0.0052894
0.00525
0.0053596
0.0056209
0.0060198
0.0065544
0.0072674
0.0082216
0.0094122
0.010716
0.011947
0.012958
0.013689
0.014146
0.01436
0.014359
0.014147
0.013716
0.013104
0.012419
0.011795
0.01132
0.011016
0.010859
0.010804
0.010792
0.010763
0.010673
0.010505
0.010268
0.009981
0.0096496
0.0092654
0.0088181
0.0083079
0.0077542
0.0071933
0.0066544
0.0061421
0.0056531
0.0051974
0.0047852
0.0044085
0.0040577
0.0037421
0.0034786
0.0032733
0.0031202
0.003005
0.0029051
0.0028011
0.0027003
0.0026314
0.0026088
0.0026225
0.0026547
0.002682
0.0026807
0.0026466
0.0025981
0.002555
0.0025221
0.0024923
0.0024584
0.0024178
0.002376
0.0023578
0.0024051
0.0025555
0.0028331
0.0032449
0.0037628
0.0043241
0.0048702
0.0053808
0.0058635
0.0063185
0.0067152
0.0069918
0.0070761
0.0069272
0.0065737
0.0061111
0.0056476
0.0052482
0.0049186
0.0046245
0.0043337
0.0040561
0.0038371
0.0037142
0.0036887
0.0037296
0.0037873
0.003808
0.0037578
0.0036488
0.0035223
0.0034042
0.0032952
0.0031905
0.0030831
0.0029608
0.0028225
0.0026886
0.0025831
0.0025137
0.0024741
0.0024547
0.002442
0.0024217
0.0023939
0.002373
0.002367
0.0023729
0.0023877
0.0024042
0.0024087
0.0023963
0.0023757
0.0023574
0.0023452
0.0023381
0.0023306
0.0023113
0.0022719
0.0022221
0.0021836
0.0021665
0.0021676
0.0021819
0.0021971
0.0021955
0.0021747
0.0021502
0.0021353
0.00213
0.0021269
0.0021198
0.0021009
0.0020641
0.0020206
0.0019934
0.0019926
0.0020128
0.002047
0.0020838
0.0021066
0.0021096
0.0021029
0.0020978
0.0020968
0.0020962
0.0020909
0.0020726
0.0020356
0.0019905
0.0019591
0.0019524
0.0019675
0.0019992
0.0020334
0.0020499
0.0020439
0.0020294
0.0020214
0.0020239
0.002033
0.0020408
0.0020358
0.00201
0.0019757
0.0019569
0.0019647
0.0019959
0.002043
0.0020882
0.002108
0.0021009
0.0020935
0.0021209
0.0022126
0.0023891
0.0026523
0.0029816
0.0033547
0.0037703
0.0042359
0.0047425
0.005267
0.0057814
0.0062396
0.0065758
0.0067392
0.0067186
0.0065322
0.006219
0.0058333
0.0054219
0.0049992
0.0045575
0.0041053
0.0036841
0.0033448
0.0031233
0.0030284
0.0030289
0.003066
0.0030944
0.0031034
0.0031004
0.0030894
0.0030712
0.0030493
0.0030214
0.0029749
0.0029048
0.0028221
0.0027397
0.0026684
0.0026199
0.0025909
0.002558
0.0025014
0.0024231
0.0023407
0.0022724
0.0022286
0.0022071
0.0021908
0.0021613
0.0021246
0.0021074
0.0021243
0.0021687
0.002228
0.0022843
0.002317
0.0023201
0.0023054
0.0022862
0.0022679
0.0022491
0.0022261
0.0021912
0.0021392
0.0020823
0.0020443
0.0020374
0.0020599
0.0021057
0.0021586
0.0021943
0.0022038
0.0021999
0.0021986
0.0022047
0.0022161
0.0022288
0.0022326
0.0022162
0.0021851
0.0021614
0.0021591
0.0021797
0.0022241
0.0022908
0.0023736
0.0024742
0.0026045
0.0027726
0.0029693
0.0031674
0.0033336
0.0034443
0.0034923
0.0034913
0.0034628
0.0034187
0.0033678
0.0033337
0.0033426
0.0034087
0.003537
0.0037235
0.0039503
0.004194
0.004438
0.0046696
0.0048636
0.004981
0.0049963
0.0049162
0.0047664
0.0045768
0.0043741
0.0041635
0.0039285
0.0036639
0.0033921
0.0031448
0.002944
0.0027961
0.0026954
0.0026256
0.0025676
0.0025193
0.0024936
0.0024946
0.0025168
0.0025538
0.00259
0.0026036
0.002588
0.0025555
0.0025197
0.0024878
0.0024651
0.0024547
0.0024521
0.0024544
0.0024774
0.0025433
0.0026499
0.0027776
0.0029113
0.0030346
0.003124
0.0031683
0.0031769
0.0031601
0.0031161
0.0030423
0.0029471
0.0028395
0.0027253
0.0026229
0.0025598
0.0025453
0.0025654
0.0026035
0.0026414
0.0026577
0.0026447
0.0026143
0.0025797
0.0025445
0.0025069
0.0024661
0.0024172
0.0023543
0.0022883
0.0022468
0.002248
0.0022921
0.0023746
0.0024863
0.0026108
0.0027379
0.0028711
0.0030117
0.003145
0.0032479
0.0033052
0.0033119
0.0032677
0.0031827
0.0030766
0.0029624
0.0028456
0.0027341
0.0026349
0.0025476
0.0024725
0.0024161
0.0023806
0.0023585
0.0023413
0.0023264
0.0023091
0.0022837
0.0022609
0.0022648
0.0023047
0.0023701
0.0024479
0.0025233
0.002578
0.0026085
0.0026323
0.0026681
0.0027187
0.0027758
0.0028319
0.002881
0.0029167
0.0029426
0.0029725
0.0030099
0.0030436
0.0030625
0.0030568
0.0030161
0.00294
0.0028418
0.0027377
0.0026389
0.0025509
0.0024733
0.0023995
0.0023228
0.0022509
0.0022026
0.0021852
0.0021939
0.002223
0.0022593
0.0022815
0.0022805
0.0022676
0.0022576
0.0022535
0.0022498
0.0022413
0.0022219
0.0021864
0.0021453
0.0021217
0.0021285
0.0021632
0.0022161
0.0022692
0.0022997
0.0023005
0.0022842
0.0022664
0.0022535
0.0022458
0.0022437
0.0022441
0.0022443
0.0022625
0.0023364
0.0024886
0.0027142
0.0029972
0.0033155
0.0036406
0.0039534
0.0042541
0.0045478
0.0048267
0.005073
0.0052647
0.0053729
0.0053741
0.005276
0.005118
0.0049386
0.004756
0.0045729
0.0043753
0.0041406
0.0038719
0.0036091
0.0033938
0.0032371
0.003123
0.0030251
0.0029172
0.0027868
0.0026504
0.002539
0.0024644
0.0024182
0.0023905
0.0023677
0.002331
0.0022767
0.0022205
0.0021785
0.0021534
0.0021398
0.0021329
0.0021251
0.0021095
0.0020978
0.0021171
0.0021811
0.0022839
0.0024156
0.0025611
0.0027037
0.0028469
0.0030224
0.0032699
0.0036126
0.0040485
0.0045587
0.0051212
0.0057229
0.0063636
0.0070439
0.0077487
0.0084448
0.0090851
0.0096136
0.0099873
0.010203
0.010287
0.010259
0.010126
0.0098978
0.0095858
0.0092006
0.0087679
0.0083424
0.0079815
0.0077039
0.007491
0.0073275
0.0072194
0.0071822
0.0072319
0.007385
0.0076609
0.0080694
0.0085764
0.0090939
0.0095399
0.0099144
0.010297
0.010766
0.011337
0.011932
0.01241
0.012659
0.012695
0.012643
0.012615
0.012614
0.012556
0.012364
0.012016
0.011566
0.011123
0.010762
0.010467
0.010173
0.009847
0.0094995
0.0091431
0.0087817
0.0084355
0.0081296
0.0078599
0.007603
0.0073541
0.0071317
0.0069471
0.0067913
0.006652
0.0065165
0.0063673
0.0062066
0.0060634
0.0059454
0.0058143
0.0056295
0.0054018
0.0051947
0.0050823
0.0051022
0.0052291
0.0053858
0.0055025
0.0055778
0.0056725
0.005847
0.006112
0.0064168
0.0066716
0.006805
0.0068189
0.0067763
0.0067381
0.0067322
0.0067681
0.0068425
0.0069281
0.0069851
0.0069966
0.0069795
0.0069535
0.0069186
0.0068623
0.0067648
0.0065985
0.0063477
0.0060237
0.0056564
0.0052806
0.0049226
0.004588
0.0042652
0.0039484
0.0036531
0.0034034
0.0032109
0.0030782
0.0030058
0.0029757
0.002951
0.0029107
0.0028634
0.0028213
0.0027833
0.0027419
0.0026892
0.0026176
0.0025277
0.0024443
0.0024061
0.0024279
0.0024953
0.0025905
0.002702
0.0028171
0.0029235
0.0030143
0.0030882
0.0031434
0.0031733
0.0031715
0.0031342
0.0030614
0.0029646
0.002864
0.002778
0.0027212
0.0026974
0.0026857
0.0026555
0.0025999
0.0025386
0.0024885
0.0024485
0.0024102
0.0023695
0.0023254
0.0022808
0.0022476
0.0022366
0.0022456
0.0022685
0.0023043
0.0023447
0.0023705
0.002372
0.0023551
0.0023289
0.002304
0.0022951
0.0023095
0.0023343
0.0023494
0.0023569
0.00238
0.0024298
0.0024982
0.0025715
0.0026301
0.002653
0.0026375
0.0026006
0.0025627
0.0025339
0.0025111
0.002485
0.0024453
0.0023877
0.0023269
0.0022897
0.0022887
0.0023176
0.0023635
0.0024075
0.0024295
0.0024243
0.0024035
0.0023822
0.0023677
0.0023582
0.0023488
0.0023356
0.0023173
0.0023029
0.0023103
0.0023498
0.0024165
0.002495
0.0025614
0.0025941
0.0025914
0.0025669
0.0025319
0.0024909
0.0024438
0.0023892
0.0023232
0.0022448
0.0021709
0.0021262
0.0021176
0.0021384
0.0021852
0.0022479
0.0023004
0.0023221
0.0023192
0.0023111
0.0023067
0.0023033
0.0022954
0.002274
0.0022273
0.0021592
0.0020971
0.0020678
0.002078
0.0021185
0.0021671
0.0021973
0.0021995
0.0021857
0.0021726
0.0021707
0.002183
0.0022047
0.0022218
0.0022206
0.0022092
0.0022144
0.0022575
0.0023541
0.0025243
0.0027761
0.0030904
0.0034327
0.0037732
0.0040973
0.0044047
0.0047043
0.0049984
0.0052609
0.005442
0.0055043
0.0054472
0.0053033
0.0051222
0.0049432
0.0047666
0.0045611
0.0043047
0.0040093
0.0037094
0.0034469
0.0032629
0.0031819
0.0031925
0.0032549
0.003335
0.0034273
0.0035534
0.0037418
0.0039932
0.0042535
0.0044386
0.004493
0.0044194
0.0042662
0.0040966
0.0039518
0.003827
0.0036913
0.0035459
0.0034635
0.003562
0.0039418
0.0046472
0.0056612
0.0069116
0.0082833
0.0096387
0.010844
0.011802
0.012457
0.012791
0.012805
0.012515
0.011949
0.011154
0.010213
0.0092351
0.0083443
0.0076304
0.0070998
0.0066825
0.006293
0.0058799
0.0054368
0.0049907
0.0045833
0.0042471
0.0039881
0.0038004
0.0036984
0.0037144
0.0038604
0.00412
0.0044636
0.0048551
0.0052702
0.0057251
0.0062667
0.0069297
0.0077154
0.008595
0.0095084
0.010363
0.011072
0.011597
0.011935
0.012074
0.011996
0.011697
0.011194
0.010514
0.00972
0.0089046
0.0081525
0.0075179
0.0070383
0.0067355
0.0065962
0.0065685
0.0065988
0.0066617
0.0067538
0.0068812
0.0070441
0.0072083
0.0073051
0.0072751
0.0071048
0.0068248
0.006482
0.0061093
0.0057095
0.0052674
0.0047821
0.0042936
0.0038623
0.0035267
0.0032928
0.0031463
0.003055
0.0029808
0.0029125
0.0028694
0.0028683
0.0028988
0.0029301
0.0029326
0.0028868
0.0027914
0.0026737
0.0025765
0.0025233
0.0025118
0.0025288
0.0025515
0.0025558
0.0025395
0.0025217
0.0025177
0.0025247
0.0025293
0.0025178
0.002478
0.0024055
0.00232
0.0022571
0.0022383
0.0022638
0.0023191
0.0023745
0.0024
0.0023934
0.0023778
0.0023746
0.0023866
0.0024019
0.0024035
0.0023746
0.0023128
0.0022451
0.0022077
0.0022119
0.0022465
0.0022962
0.0023416
0.0023614
0.0023505
0.0023225
0.0022927
0.0022659
0.0022386
0.0022047
0.002155
0.0020838
0.0020058
0.0019495
0.0019294
0.0019423
0.001979
0.00202
0.0020413
0.0020363
0.0020203
0.0020096
0.0020072
0.0020071
0.0020021
0.0019831
0.0019433
0.0018967
0.0018713
0.0018797
0.001916
0.0019706
0.0020278
0.002066
0.0020768
0.0020718
0.0020669
0.0020683
0.0020725
0.0020731
0.0020603
0.0020275
0.0019876
0.001967
0.0019781
0.0020161
0.0020712
0.0021249
0.0021545
0.0021543
0.0021397
0.0021265
0.0021186
0.0021129
0.0021069
0.0020964
0.0020783
0.0020664
0.0020879
0.0021553
0.002261
0.0023895
0.0025175
0.0026198
0.0026883
0.0027345
0.0027695
0.0027916
0.0027921
0.0027628
0.0026963
0.002593
0.0024756
0.0023818
0.0023327
0.0023201
0.0023227
0.002319
0.0022941
0.0022507
0.0022077
0.0021807
0.0021694
0.0021599
0.0021364
0.0020922
0.0020336
0.0019798
0.0019513
0.0019531
0.0019782
0.0020184
0.0020583
0.0020762
0.0020656
0.0020402
0.0020176
0.0020056
0.002002
0.0019998
0.0019868
0.001954
0.0019131
0.0018914
0.0019034
0.0019438
0.0019997
0.0020514
0.0020783
0.0020775
0.0020643
0.0020538
0.0020485
0.0020432
0.0020314
0.0020056
0.0019615
0.001913
0.0018845
0.0018864
0.0019133
0.0019563
0.0019997
0.0020218
0.0020173
0.0020069
0.0020251
0.002107
0.0022818
0.0025633
0.0029394
0.0033771
0.0038464
0.0043339
0.0048313
0.0053265
0.0057999
0.0062167
0.0065263
0.0066858
0.006685
0.0065506
0.0063331
0.0060813
0.005818
0.0055384
0.0052313
0.0049028
0.0045775
0.0042831
0.0040394
0.0038512
0.0037007
0.0035609
0.0034251
0.0033071
0.0032121
0.0031279
0.0030446
0.0029627
0.0028812
0.0027989
0.0027307
0.0026963
0.0026905
0.0026907
0.0026894
0.0026862
0.00267
0.0026335
0.0025867
0.0025395
0.0024881
0.0024254
0.0023583
0.0022998
0.002254
0.0022251
0.0022225
0.0022466
0.0022889
0.0023418
0.0023928
0.0024222
0.0024212
0.0023991
0.0023708
0.0023481
0.002336
0.0023306
0.0023179
0.0022859
0.0022459
0.0022269
0.0022451
0.0022964
0.002366
0.0024285
0.0024583
0.0024507
0.0024237
0.0023985
0.0023824
0.0023695
0.0023494
0.0023099
0.0022455
0.0021724
0.0021204
0.0021052
0.0021228
0.0021615
0.0022025
0.0022236
0.0022188
0.0022011
0.0021862
0.0021793
0.0021766
0.0021696
0.0021475
0.0021053
0.0020573
0.0020302
0.002035
0.002065
0.0021095
0.002153
0.0021767
0.0021785
0.0021745
0.002179
0.0021917
0.0022044
0.0022098
0.0022011
0.0021756
0.002147
0.0021383
0.0021571
0.0021952
0.0022438
0.0022911
0.0023212
0.0023315
0.0023359
0.002346
0.002359
0.0023658
0.0023607
0.002341
0.0023095
0.0022836
0.0022823
0.0023048
0.0023394
0.0023801
0.0024174
0.0024375
0.0024461
0.0024719
0.0025374
0.0026415
0.0027764
0.0029421
0.00314
0.0033723
0.0036523
0.0039861
0.0043404
0.0046572
0.0048967
0.0050456
0.0051022
0.0050774
0.0049942
0.0048717
0.004714
0.0045211
0.0043039
0.0040806
0.0038678
0.0036825
0.0035385
0.0034345
0.0033573
0.0032968
0.0032432
0.0031867
0.0031313
0.0030936
0.0030846
0.0031061
0.0031564
0.0032277
0.003296
0.0033306
0.0033234
0.0032961
0.0032722
0.0032583
0.0032447
0.0032072
0.0031235
0.0030016
0.0028769
0.0027786
0.0027114
0.0026634
0.0026196
0.0025661
0.0024983
0.0024338
0.0023976
0.0023916
0.0023979
0.0024026
0.0023971
0.0023735
0.0023363
0.0023041
0.0022903
0.002293
0.0023008
0.0023026
0.0022876
0.0022515
0.0022079
0.0021801
0.0021764
0.0021906
0.0022155
0.0022386
0.0022436
0.0022287
0.0022081
0.0021928
0.0021836
0.0021779
0.0021747
0.0021726
0.0021703
0.0021714
0.0021828
0.0022085
0.0022522
0.0023179
0.0023973
0.0024684
0.0025147
0.0025311
0.0025167
0.0024794
0.0024367
0.0023981
0.0023547
0.0022942
0.0022233
0.0021649
0.0021339
0.0021328
0.0021603
0.0022029
0.0022348
0.0022424
0.0022339
0.0022221
0.0022114
0.0022004
0.0021861
0.0021615
0.0021217
0.0020785
0.0020555
0.002063
0.0020953
0.0021442
0.002195
0.0022266
0.0022306
0.002218
0.0022027
0.0021903
0.0021801
0.0021686
0.0021465
0.0021058
0.0020563
0.0020226
0.0020192
0.0020445
0.0020899
0.0021377
0.0021652
0.0021668
0.0021583
0.0021575
0.0021683
0.0021846
0.0021975
0.002196
0.0021736
0.0021436
0.0021314
0.0021482
0.0021875
0.0022385
0.0022831
0.0023002
0.0022854
0.0022558
0.0022303
0.002214
0.0022015
0.0021845
0.0021516
0.002097
0.0020377
0.0020035
0.0020062
0.0020368
0.0020812
0.0021209
0.0021361
0.0021249
0.0021048
0.002092
0.0020879
0.0020888
0.0020998
0.0021329
0.0022062
0.0023578
0.0026393
0.0030714
0.0036261
0.0042591
0.0049369
0.0056319
0.0063081
0.0069148
0.007391
0.0076798
0.0077478
0.0076031
0.0072895
0.0068611
0.006368
0.0058534
0.0053516
0.004898
0.0045329
0.0042824
0.0041497
0.0041353
0.0042479
0.0044837
0.0048103
0.005179
0.0055446
0.0058704
0.0061326
0.006327
0.0064566
0.0065092
0.0064693
0.0063398
0.0061303
0.0058454
0.0055029
0.0051407
0.0047959
0.0044911
0.0042382
0.0040332
0.0038495
0.0036565
0.0034565
0.0032828
0.0031613
0.0030955
0.0030742
0.0030662
0.0030325
0.0029631
0.0028829
0.0028171
0.0027689
0.0027271
0.0026806
0.0026176
0.0025341
0.002452
0.002404
0.0024019
0.0024422
0.0025277
0.002659
0.0028256
0.0030194
0.0032407
0.0034859
0.0037425
0.0039976
0.0042411
0.0044502
0.0045899
0.0046438
0.004627
0.0045628
0.0044715
0.0043728
0.0042692
0.0041445
0.0039991
0.0038734
0.0038222
0.0038691
0.0039984
0.0041767
0.0043655
0.0045317
0.0046729
0.0048174
0.0049859
0.0051732
0.00536
0.005521
0.0056269
0.0056583
0.0056186
0.0055249
0.005392
0.0052283
0.0050325
0.0047874
0.0044796
0.0041328
0.0038032
0.0035348
0.0033414
0.0032197
0.0031519
0.0031062
0.0030581
0.0030063
0.002964
0.0029404
0.002932
0.0029265
0.0029079
0.0028642
0.0028053
0.0027591
0.0027456
0.0027655
0.0028023
0.0028231
0.0027973
0.0027277
0.002649
0.0025943
0.0025714
0.0025674
0.0025651
0.0025493
0.0025131
0.0024701
0.0024472
0.0024574
0.0024941
0.0025434
0.002586
0.0026023
0.0025886
0.0025589
0.0025281
0.0024999
0.0024702
0.0024349
0.0023892
0.0023322
0.0022781
0.0022489
0.0022548
0.0022931
0.0023559
0.0024231
0.0024643
0.002466
0.0024406
0.0024076
0.0023771
0.0023499
0.0023214
0.0022816
0.0022251
0.0021705
0.0021516
0.0021841
0.0022581
0.0023534
0.0024443
0.0025047
0.0025275
0.0025274
0.0025227
0.0025235
0.0025306
0.0025312
0.0025014
0.0024299
0.0023387
0.0022661
0.0022319
0.0022331
0.0022561
0.0022763
0.0022661
0.002225
0.002182
0.0021607
0.0021603
0.0021684
0.0021746
0.0021693
0.0021476
0.0021243
0.0021309
0.0021874
0.0022914
0.0024248
0.0025572
0.0026571
0.0027173
0.0027584
0.0028023
0.0028511
0.0028878
0.0028908
0.002846
0.0027579
0.0026576
0.0025854
0.002556
0.0025556
0.0025627
0.0025565
0.0025221
0.0024652
0.0024072
0.0023643
0.0023368
0.0023148
0.0022873
0.0022449
0.0021855
0.0021259
0.0020934
0.002099
0.0021339
0.0021827
0.0022248
0.0022397
0.0022259
0.0021999
0.0021765
0.0021586
0.0021424
0.0021232
0.0020951
0.0020557
0.0020179
0.002002
0.0020149
0.00205
0.0020988
0.0021455
0.0021695
0.0021657
0.0021481
0.0021306
0.0021168
0.0021034
0.0020852
0.002054
0.0020056
0.0019548
0.0019265
0.0019295
0.0019569
0.0020007
0.0020464
0.0020737
0.0020774
0.0020741
0.002085
0.0021173
0.0021589
0.0021896
0.0021969
0.0021822
0.002163
0.0021611
0.0021823
0.0022178
0.0022563
0.0022826
0.0022851
0.002271
0.0022563
0.0022481
0.0022474
0.0022549
0.0022656
0.0022643
0.0022374
0.0021942
0.0021612
0.0021546
0.0021714
0.0022006
0.0022227
0.0022184
0.0021919
0.0021688
0.0021672
0.002182
0.0021971
0.0021996
0.002181
0.00214
0.0020945
0.0020711
0.0020772
0.002102
0.0021347
0.0021654
0.0021823
0.0021849
0.002186
0.0021949
0.0022096
0.0022236
0.0022315
0.0022242
0.0021949
0.0021545
0.0021271
0.0021256
0.0021496
0.0021931
0.0022402
0.0022739
0.002301
0.0023501
0.0024427
0.0025772
0.0027372
0.0029048
0.0030674
0.0032254
0.003398
0.0036029
0.0038309
0.0040567
0.0042692
0.0044755
0.0046905
0.0049333
0.0052131
0.0055099
0.00578
0.0059841
0.0061083
0.0061592
0.0061521
0.0061035
0.0060158
0.0058646
0.0056218
0.00529
0.0049021
0.0045006
0.0041259
0.0038046
0.0035332
0.0032819
0.0030266
0.002776
0.002557
0.0023871
0.0022736
0.0022146
0.0021914
0.0021806
0.0021709
0.0021585
0.0021384
0.0021135
0.0020992
0.0021108
0.002148
0.0021974
0.0022427
0.0022665
0.0022587
0.0022358
0.0022293
0.0022504
0.002286
0.0023202
0.0023373
0.0023242
0.0022857
0.0022429
0.0022121
0.0021929
0.0021758
0.0021521
0.0021129
0.0020537
0.0019894
0.0019478
0.0019413
0.0019645
0.0020089
0.0020603
0.0021012
0.0021298
0.0021618
0.0022118
0.0022816
0.0023643
0.0024479
0.0025151
0.0025513
0.0025626
0.0025697
0.0025821
0.0025967
0.0026103
0.002611
0.0025785
0.0025088
0.0024223
0.0023449
0.002291
0.0022629
0.0022524
0.0022392
0.0022037
0.0021518
0.0021121
0.0021053
0.0021329
0.002185
0.0022373
0.0022603
0.0022462
0.0022161
0.002196
0.0021958
0.0022075
0.0022139
0.0021969
0.0021486
0.0020868
0.0020439
0.0020373
0.0020632
0.0021085
0.0021528
0.0021771
0.0021854
0.0021996
0.0022283
0.002259
0.0022795
0.0022873
0.002278
0.0022481
0.0022111
0.0021901
0.0021901
0.0021992
0.0022131
0.0022291
0.0022335
0.002221
0.0022144
0.0022519
0.0023653
0.002571
0.0028635
0.0032118
0.0035775
0.0039447
0.0043177
0.0046872
0.0050176
0.0052612
0.0053697
0.0053126
0.0051053
0.0048055
0.0044721
0.0041371
0.003813
0.003508
0.0032285
0.002981
0.0027817
0.0026474
0.0025746
0.0025439
0.0025402
0.0025494
0.0025528
0.002542
0.0025307
0.0025446
0.0026047
0.0027218
0.0028942
0.0031043
0.0033317
0.0035761
0.00386
0.0042104
0.0046397
0.0051273
0.0056069
0.0059904
0.0062213
0.0062983
0.0062546
0.0061298
0.0059512
0.0057193
0.0054098
0.0050104
0.004559
0.0041298
0.0037852
0.0035522
0.003422
0.003351
0.0032819
0.0031868
0.00308
0.0029867
0.0029158
0.0028613
0.0028099
0.0027432
0.0026519
0.0025582
0.0025064
0.0025235
0.0026084
0.0027477
0.0029174
0.0030868
0.0032407
0.0033854
0.0035276
0.0036643
0.003789
0.00389
0.0039403
0.0039149
0.0038335
0.0037632
0.0037635
0.0038478
0.0039889
0.0041299
0.004205
0.0041852
0.0041005
0.0040044
0.0039186
0.003816
0.0036543
0.0034163
0.0031245
0.0028348
0.0026079
0.0024721
0.0024173
0.0024175
0.0024422
0.0024624
0.0024641
0.0024514
0.0024314
0.0024046
0.0023716
0.0023394
0.0023153
0.0023051
0.0023255
0.0023998
0.0025367
0.0027265
0.0029504
0.0031788
0.0033767
0.0035252
0.0036264
0.0036882
0.0037143
0.0037091
0.0036775
0.0036181
0.003532
0.00344
0.0033724
0.0033394
0.0033317
0.0033358
0.0033324
0.0032975
0.0032231
0.003124
0.0030178
0.0029109
0.0028036
0.002697
0.0025882
0.0024737
0.0023655
0.0022878
0.0022524
0.0022548
0.0022875
0.0023371
0.0023817
0.0024068
0.002414
0.0024104
0.0023999
0.0023842
0.0023651
0.0023415
0.0023131
0.0022915
0.0022952
0.0023326
0.0024036
0.0025049
0.0026186
0.002712
0.0027602
0.0027602
0.0027247
0.0026698
0.0026065
0.0025385
0.0024589
0.0023598
0.0022538
0.0021707
0.0021333
0.0021466
0.0021985
0.002259
0.0022957
0.0022994
0.002285
0.002271
0.0022636
0.0022593
0.0022504
0.0022248
0.0021734
0.0021092
0.0020605
0.0020434
0.002061
0.002118
0.0022095
0.0023156
0.0024219
0.0025321
0.0026552
0.0027977
0.0029643
0.0031494
0.0033213
0.0034374
0.0034884
0.0035111
0.0035482
0.0036154
0.0037035
0.0037845
0.0038293
0.0038417
0.0038636
0.0039336
0.004048
0.0041617
0.0042225
0.0042057
0.0041268
0.0040297
0.0039503
0.0038835
0.0037963
0.0036677
0.0034996
0.0033081
0.003119
0.0029563
0.0028232
0.0027055
0.0025924
0.0024866
0.0023932
0.0023149
0.002265
0.0022661
0.0023277
0.0024387
0.0025788
0.0027197
0.0028302
0.0028984
0.0029367
0.0029589
0.0029623
0.0029329
0.0028605
0.0027444
0.0025953
0.0024431
0.0023272
0.0022677
0.0022641
0.0023167
0.0024291
0.0025966
0.0028133
0.0030804
0.0033922
0.0037212
0.0040298
0.0042886
0.0044777
0.0045823
0.0046009
0.0045476
0.0044383
0.004284
0.0040989
0.0038977
0.0036872
0.0034762
0.0032805
0.0031132
0.0029814
0.0028919
0.0028505
0.0028592
0.0029201
0.0030447
0.0032466
0.0035179
0.0038253
0.004123
0.0043604
0.0044982
0.0045308
0.0044822
0.004378
0.0042273
0.0040252
0.0037671
0.0034641
0.0031516
0.0028803
0.0026883
0.002577
0.0025187
0.0024822
0.0024417
0.0023858
0.002331
0.0023064
0.0023245
0.0023774
0.0024554
0.0025545
0.0026656
0.0027725
0.0028692
0.0029656
0.0030694
0.0031772
0.003281
0.0033649
0.0034052
0.0033901
0.0033285
0.0032397
0.0031412
0.0030413
0.0029367
0.0028173
0.0026806
0.0025438
0.0024332
0.0023597
0.0023185
0.0023028
0.0023007
0.002293
0.0022714
0.0022447
0.0022237
0.0022108
0.0022028
0.0021934
0.0021721
0.0021312
0.0020822
0.0020529
0.0020616
0.002109
0.0021851
0.0022641
0.0023132
0.0023241
0.0023156
0.0023065
0.0023024
0.0023043
0.0023138
0.0023291
0.002349
0.0023904
0.0024826
0.0026384
0.0028488
0.0030948
0.0033409
0.0035375
0.0036521
0.0036865
0.0036612
0.0035935
0.0034906
0.0033516
0.0031704
0.0029508
0.0027247
0.0025394
0.0024224
0.0023701
0.0023627
0.0023728
0.0023729
0.0023542
0.0023285
0.002309
0.0022984
0.002292
0.0022827
0.0022598
0.0022171
0.0021698
0.002148
0.0021663
0.0022153
0.0022766
0.002328
0.0023495
0.00234
0.0023177
0.0022999
0.0022891
0.0022775
0.0022575
0.0022254
0.0021838
0.002148
0.0021391
0.0021638
0.0022125
0.0022734
0.0023312
0.0023675
0.0023767
0.0023699
0.002359
0.0023469
0.00233
0.0023046
0.0022671
0.0022171
0.002166
0.0021309
0.0021186
0.0021274
0.0021558
0.0021924
0.0022175
0.0022247
0.0022246
0.0022268
0.0022319
0.0022396
0.00225
0.0022555
0.0022465
0.0022323
0.0022386
0.002281
0.0023565
0.0024509
0.002538
0.0025918
0.0026086
0.0026055
0.0026005
0.0025999
0.0025973
0.0025771
0.0025235
0.002439
0.0023544
0.0023039
0.0022958
0.0023169
0.0023507
0.0023769
0.0023763
0.0023513
0.0023231
0.0023063
0.0023007
0.0023012
0.002303
0.0022984
0.0022827
0.0022668
0.0022709
0.0023011
0.0023492
0.0024051
0.0024529
0.0024708
0.0024531
0.0024145
0.0023716
0.002331
0.0022937
0.002257
0.0022122
0.0021522
0.0020885
0.0020456
0.0020343
0.0020503
0.0020866
0.0021287
0.0021548
0.0021563
0.0021456
0.0021394
0.0021457
0.0021653
0.0021931
0.0022154
0.002219
0.0022108
0.0022127
0.0022353
0.0022782
0.0023446
0.0024355
0.002543
0.0026662
0.0028191
0.0030113
0.0032298
0.0034456
0.0036351
0.0037932
0.0039302
0.0040573
0.0041712
0.0042521
0.0042826
0.0042628
0.0042016
0.0041096
0.0040027
0.0038912
0.0037662
0.003615
0.0034455
0.0032761
0.0031091
0.002936
0.0027698
0.0026476
0.0025949
0.0026048
0.0026543
0.0027266
0.0028218
0.0029562
0.0031439
0.003373
0.0036113
0.003829
0.004007
0.0041279
0.0041777
0.0041565
0.0040742
0.0039395
0.0037684
0.0035901
0.0034187
0.0032402
0.0030503
0.0028858
0.0028017
0.0028285
0.0029574
0.0031512
0.003361
0.003555
0.0037509
0.0039959
0.0042997
0.0046114
0.0048561
0.0049757
0.0049505
0.0048092
0.0046103
0.0043999
0.0041836
0.0039414
0.0036653
0.0033743
0.0031041
0.0028938
0.0027666
0.002713
0.0027062
0.0027267
0.0027607
0.0027926
0.0028152
0.0028336
0.0028512
0.0028627
0.002862
0.0028479
0.0028178
0.0027661
0.0026976
0.0026282
0.0025692
0.0025249
0.0024982
0.0024791
0.002446
0.00239
0.0023235
0.0022637
0.0022199
0.0021969
0.0021983
0.0022199
0.0022521
0.0022968
0.0023651
0.0024562
0.0025561
0.0026521
0.0027276
0.0027595
0.0027378
0.0026751
0.0025948
0.0025211
0.0024758
0.0024745
0.0025169
0.0025918
0.0026968
0.0028378
0.0030036
0.0031687
0.0033186
0.003446
0.0035395
0.003595
0.0036222
0.0036299
0.0036174
0.0035844
0.0035408
0.0034945
0.0034393
0.003372
0.0033017
0.0032332
0.0031636
0.0030929
0.0030188
0.0029336
0.002841
0.0027601
0.0027077
0.0026836
0.002675
0.0026667
0.002645
0.0026043
0.0025586
0.0025311
0.0025297
0.0025476
0.0025762
0.0026012
0.0026044
0.002583
0.0025532
0.0025298
0.0025132
0.0024957
0.00247
0.0024286
0.0023667
0.0022973
0.0022457
0.0022257
0.0022341
0.0022601
0.0022859
0.0022913
0.0022735
0.0022492
0.0022348
0.0022327
0.002236
0.0022356
0.0022216
0.0021899
0.0021553
0.0021437
0.0021643
0.0022069
0.0022586
0.0023046
0.0023284
0.0023247
0.0023057
0.0022866
0.0022729
0.0022612
0.0022468
0.0022229
0.0021841
0.0021391
0.0021077
0.0021008
0.0021178
0.0021536
0.0021938
0.0022169
0.0022148
0.002198
0.0021811
0.0021701
0.0021642
0.0021589
0.0021466
0.0021251
0.0021115
0.0021273
0.0021727
0.0022344
0.0023016
0.0023588
0.0023883
0.0023878
0.0023708
0.0023457
0.0023109
0.0022673
0.0022215
0.0021724
0.0021156
0.0020635
0.0020397
0.0020531
0.0020947
0.002151
0.0022035
0.0022312
0.0022295
0.0022143
0.0022025
0.0021975
0.0021937
0.0021833
0.0021568
0.0021092
0.0020546
0.0020186
0.0020151
0.0020414
0.0020888
0.0021389
0.0021668
0.0021655
0.0021545
0.0021585
0.0021874
0.0022345
0.0022828
0.0023111
0.0023081
0.0022899
0.002289
0.0023216
0.0023801
0.0024483
0.0025045
0.0025287
0.0025218
0.0025062
0.0025006
0.0025054
0.0025108
0.0025085
0.0024908
0.002453
0.0024053
0.0023692
0.0023566
0.0023667
0.0023934
0.0024222
0.0024321
0.0024162
0.002386
0.002356
0.0023318
0.0023133
0.0022967
0.0022712
0.0022266
0.002173
0.0021353
0.0021272
0.0021461
0.0021847
0.0022271
0.0022514
0.0022492
0.0022322
0.0022159
0.0022066
0.0022041
0.0022063
0.0022077
0.0022026
0.002193
0.0021871
0.0021915
0.0022113
0.0022483
0.0022891
0.0023099
0.0022999
0.0022667
0.0022222
0.0021793
0.0021525
0.0021451
0.0021397
0.0021175
0.0020851
0.002068
0.0020792
0.0021141
0.0021627
0.0022086
0.0022303
0.002222
0.0021994
0.002182
0.0021763
0.0021779
0.002178
0.0021662
0.0021376
0.0021054
0.0020935
0.0021112
0.0021537
0.0022169
0.0022959
0.002386
0.0024987
0.0026601
0.0028868
0.0031723
0.0034968
0.0038382
0.0041712
0.0044716
0.0047325
0.0049632
0.0051682
0.0053448
0.0054931
0.0056146
0.0057123
0.0058043
0.0059238
0.0060973
0.0063299
0.0066073
0.0069002
0.0071699
0.0073849
0.0075392
0.0076428
0.0076977
0.0076955
0.0076293
0.0074948
0.0072977
0.0070731
0.006877
0.0067472
0.0066813
0.0066501
0.006617
0.006549
0.0064317
0.0062879
0.0061628
0.0060841
0.0060469
0.0060347
0.0060348
0.0060449
0.0060826
0.0061812
0.0063644
0.0066261
0.0069322
0.0072392
0.007509
0.0077132
0.0078387
0.0078885
0.0078686
0.0077793
0.0076154
0.0073594
0.0069874
0.0064945
0.0059087
0.0052869
0.0046967
0.0041878
0.0037744
0.0034415
0.0031699
0.0029606
0.0028322
0.0027943
0.0028369
0.0029319
0.0030324
0.0030915
0.0030948
0.0030627
0.0030219
0.0029861
0.0029581
0.0029382
0.0029267
0.0029342
0.0029988
0.003172
0.0034715
0.0038644
0.0042925
0.0046947
0.0050238
0.0052652
0.0054335
0.0055411
0.0055721
0.0054918
0.0052833
0.0049663
0.0045901
0.0042184
0.0039037
0.0036581
0.0034595
0.003284
0.003118
0.0029554
0.0028036
0.0026784
0.0025869
0.0025212
0.0024682
0.0024205
0.0023736
0.0023247
0.0022845
0.0022732
0.0022969
0.0023461
0.0024124
0.002487
0.0025565
0.0026152
0.0026691
0.0027224
0.0027725
0.0028134
0.0028381
0.0028365
0.0027999
0.0027369
0.0026706
0.0026165
0.0025806
0.0025667
0.0025663
0.0025601
0.0025403
0.0025168
0.002501
0.0024989
0.0025124
0.0025365
0.0025503
0.0025309
0.0024838
0.0024393
0.0024166
0.0024182
0.00244
0.0024645
0.002466
0.0024391
0.0024057
0.0023861
0.0023787
0.0023718
0.0023577
0.0023283
0.0022772
0.0022157
0.0021669
0.0021392
0.0021274
0.0021294
0.0021379
0.0021357
0.0021168
0.0020955
0.0020874
0.0020953
0.0021117
0.002125
0.0021215
0.0020932
0.0020539
0.0020301
0.0020338
0.0020588
0.0020949
0.0021266
0.0021355
0.0021198
0.0020968
0.0020824
0.0020791
0.0020807
0.002079
0.0020643
0.002031
0.0019915
0.0019707
0.0019794
0.0020117
0.0020581
0.0021033
0.0021297
0.0021347
0.0021319
0.0021332
0.0021394
0.0021456
0.0021462
0.0021338
0.0021038
0.0020676
0.002046
0.0020469
0.002065
0.0020946
0.0021244
0.0021365
0.0021257
0.0021041
0.0020848
0.0020701
0.0020567
0.0020411
0.0020162
0.001975
0.0019274
0.0018975
0.0018986
0.0019283
0.0019785
0.0020336
0.0020716
0.0020834
0.0020798
0.0020779
0.0020894
0.0021156
0.0021424
0.0021438
0.0021063
0.0020497
0.0020097
0.0020049
0.0020317
0.002076
0.0021127
0.0021151
0.0020846
0.0020503
0.0020336
0.0020317
0.0020318
0.0020247
0.0020051
0.0019733
0.0019476
0.0019572
0.0020164
0.0021183
0.0022468
0.0023773
0.002483
0.0025534
0.002598
0.002629
0.0026481
0.0026481
0.0026197
0.0025547
0.0024545
0.0023423
0.0022523
0.0022024
0.002191
0.0022081
0.0022333
0.0022421
0.002229
0.0022102
0.0022015
0.0022019
0.0022013
0.0021896
0.0021553
0.0020927
0.0020178
0.0019597
0.0019324
0.0019321
0.001951
0.0019738
0.0019802
0.001967
0.0019597
0.0019963
0.002109
0.0023146
0.0026113
0.0029747
0.0033708
0.0037829
0.0042138
0.0046574
0.0050901
0.0054824
0.0057988
0.0059987
0.0060567
0.0059802
0.0058063
0.0055818
0.0053438
0.005112
0.0048862
0.0046515
0.0044005
0.0041492
0.0039266
0.0037556
0.0036368
0.0035408
0.0034295
0.0032893
0.0031397
0.0030143
0.0029386
0.0029118
0.0029051
0.0028819
0.0028254
0.002751
0.0026889
0.0026545
0.0026428
0.0026359
0.002605
0.0025295
0.0024239
0.0023257
0.0022604
0.0022282
0.0022178
0.0022207
0.0022309
0.0022447
0.0022746
0.0023442
0.0024605
0.0026075
0.0027615
0.0028979
0.0029935
0.0030399
0.0030452
0.0030218
0.0029772
0.0029148
0.0028361
0.0027398
0.0026281
0.002519
0.002439
0.0023977
0.0023862
0.0023924
0.0023986
0.0023819
0.0023355
0.0022756
0.0022225
0.002185
0.0021619
0.0021469
0.0021296
0.0021031
0.0020804
0.0020878
0.0021358
0.0022153
0.0023129
0.0024107
0.0024883
0.0025406
0.0025828
0.0026298
0.0026804
0.0027232
0.0027472
0.0027428
0.0027056
0.0026487
0.0025966
0.0025616
0.0025403
0.0025257
0.0025054
0.0024642
0.0024028
0.0023402
0.0022928
0.0022625
0.0022437
0.0022299
0.0022104
0.0021758
0.0021354
0.0021121
0.0021172
0.0021458
0.002189
0.0022304
0.0022491
0.0022412
0.0022264
0.0022265
0.0022421
0.0022575
0.0022608
0.0022474
0.0022191
0.0021924
0.0021917
0.0022235
0.0022728
0.002321
0.0023551
0.0023681
0.0023619
0.0023474
0.0023341
0.0023218
0.0023054
0.002281
0.0022459
0.0021998
0.0021563
0.0021369
0.0021482
0.0021816
0.0022255
0.0022627
0.0022751
0.0022629
0.0022427
0.002228
0.0022197
0.0022124
0.0021996
0.0021744
0.0021394
0.0021199
0.0021473
0.0022258
0.002337
0.0024624
0.0025833
0.0026801
0.0027462
0.0027889
0.002812
0.0028095
0.0027761
0.0027146
0.0026323
0.0025425
0.0024754
0.0024677
0.002533
0.0026571
0.0028152
0.0029771
0.0031134
0.003213
0.0032849
0.003337
0.0033632
0.0033537
0.0033093
0.0032415
0.0031665
0.0031074
0.0030861
0.0031057
0.0031556
0.003223
0.0032862
0.003313
0.0032843
0.0032092
0.0031106
0.0030059
0.0029026
0.0027994
0.0026855
0.0025522
0.0024156
0.0023111
0.0022604
0.0022595
0.0022905
0.0023262
0.0023422
0.0023384
0.0023375
0.0023529
0.0023757
0.0023935
0.0024021
0.0023943
0.0023603
0.0023076
0.0022601
0.002232
0.0022225
0.0022302
0.0022473
0.0022529
0.0022332
0.0021985
0.0021713
0.0021718
0.0022138
0.0022987
0.0024101
0.0025291
0.0026619
0.0028347
0.0030585
0.003315
0.0035696
0.0037836
0.0039292
0.0040084
0.0040446
0.0040543
0.0040331
0.0039669
0.003848
0.0036865
0.0035106
0.0033539
0.0032304
0.003125
0.0030192
0.002914
0.0028151
0.0027197
0.0026296
0.0025543
0.0024953
0.0024439
0.0023931
0.0023408
0.0022823
0.0022122
0.0021417
0.0020946
0.0020808
0.0020933
0.0021224
0.0021537
0.0021697
0.0021681
0.0021637
0.0021703
0.0021884
0.0022095
0.0022245
0.0022226
0.0021974
0.0021617
0.0021422
0.0021537
0.0021951
0.0022607
0.0023365
0.0024008
0.0024443
0.0024759
0.0025061
0.0025366
0.0025658
0.0025907
0.0026
0.0025797
0.002534
0.0024861
0.0024531
0.0024385
0.0024411
0.0024511
0.0024534
0.0024437
0.0024274
0.0024063
0.0023817
0.0023582
0.0023371
0.0023094
0.0022661
0.0022146
0.0021697
0.0021357
0.002117
0.0021249
0.0021525
0.0021731
0.0021731
0.0021634
0.0021579
0.0021598
0.0021658
0.0021699
0.0021596
0.0021243
0.0020766
0.0020448
0.0020427
0.0020674
0.0021128
0.0021642
0.0021976
0.0022031
0.0021944
0.0021903
0.0021955
0.0022017
0.002199
0.0021776
0.0021315
0.0020738
0.002033
0.0020256
0.0020485
0.0020908
0.0021337
0.0021564
0.0021551
0.0021447
0.0021419
0.0021526
0.0021724
0.0021911
0.0021949
0.0021755
0.0021452
0.0021297
0.0021414
0.0021758
0.0022224
0.0022604
0.002266
0.0022363
0.002192
0.0021534
0.0021277
0.0021114
0.0020957
0.002068
0.0020206
0.0019692
0.0019444
0.0019596
0.0020053
0.0020668
0.0021245
0.0021578
0.0021648
0.002163
0.002168
0.0021797
0.0021882
0.0021885
0.0021865
0.0022041
0.0022821
0.0024599
0.0027414
0.0030952
0.0034831
0.0038723
0.0042332
0.0045405
0.0047759
0.0049279
0.0049902
0.0049648
0.0048653
0.0047116
0.0045265
0.0043401
0.0041869
0.0040926
0.004065
0.0040889
0.0041261
0.0041349
0.0040995
0.0040314
0.0039441
0.0038375
0.0037072
0.0035537
0.0033788
0.0031873
0.0029992
0.0028444
0.0027394
0.0026856
0.0026805
0.0027097
0.0027455
0.0027696
0.0027848
0.0028003
0.0028199
0.0028414
0.0028526
0.0028287
0.0027516
0.0026386
0.0025322
0.0024611
0.0024306
0.0024348
0.0024518
0.0024509
0.0024218
0.0023828
0.0023549
0.0023423
0.0023366
0.0023286
0.0023096
0.0022762
0.0022453
0.0022463
0.0022913
0.0023706
0.0024681
0.0025626
0.0026313
0.0026674
0.0026821
0.0026887
0.0026909
0.0026854
0.0026678
0.0026308
0.0025692
0.0024965
0.0024408
0.0024185
0.0024276
0.0024577
0.0024864
0.0024864
0.0024528
0.0024103
0.0023851
0.0023826
0.002389
0.0023868
0.0023659
0.0023361
0.0023403
0.0024387
0.0026655
0.0030119
0.0034422
0.0039069
0.0043569
0.0047691
0.0051497
0.0055062
0.0058199
0.0060517
0.0061646
0.0061394
0.0059857
0.0057496
0.0054962
0.0052686
0.005069
0.0048776
0.0046728
0.0044418
0.0041937
0.0039596
0.0037664
0.0036176
0.0034981
0.0033923
0.0032934
0.0032015
0.0031242
0.0030724
0.0030454
0.0030318
0.0030206
0.0029995
0.0029545
0.0028825
0.0027926
0.0026953
0.0025983
0.0025074
0.0024235
0.0023392
0.0022482
0.0021627
0.0021073
0.0020916
0.0021069
0.0021411
0.0021785
0.0022006
0.0022035
0.0022002
0.0022019
0.0022077
0.0022116
0.0022075
0.0021881
0.0021496
0.0021053
0.0020799
0.0020832
0.0021088
0.0021482
0.0021876
0.0022074
0.0022023
0.0021866
0.0021758
0.0021722
0.0021708
0.0021658
0.0021471
0.002105
0.0020513
0.0020132
0.0020052
0.0020256
0.0020683
0.0021156
0.0021417
0.0021394
0.0021287
0.0021332
0.0021607
0.0022081
0.0022677
0.0023201
0.0023463
0.0023559
0.0023813
0.0024404
0.0025274
0.0026235
0.002692
0.0026928
0.0026237
0.0025272
0.0024509
0.002416
0.0024151
0.0024255
0.0024206
0.0023881
0.0023517
0.0023543
0.0024105
0.0024976
0.0025825
0.0026342
0.0026308
0.0025769
0.0025016
0.0024344
0.0023878
0.0023557
0.0023237
0.0022789
0.0022174
0.0021548
0.0021179
0.0021202
0.0021567
0.0022152
0.002275
0.0023138
0.0023274
0.00233
0.0023332
0.0023373
0.0023375
0.0023288
0.0023037
0.0022564
0.0021981
0.0021517
0.0021284
0.0021269
0.0021455
0.0021742
0.0021919
0.0021876
0.00217
0.0021534
0.0021444
0.0021416
0.0021398
0.0021274
0.002094
0.0020477
0.0020143
0.0020113
0.0020405
0.0020955
0.0021598
0.0022088
0.0022325
0.0022438
0.0022609
0.0022916
0.0023322
0.0023711
0.0023929
0.0023887
0.0023707
0.002364
0.0023794
0.0024111
0.0024526
0.0024979
0.0025391
0.0025787
0.0026286
0.0026931
0.0027693
0.0028602
0.0029699
0.0030823
0.0031651
0.0032007
0.0032002
0.0031858
0.0031755
0.0031719
0.0031504
0.0030747
0.0029384
0.0027766
0.0026354
0.0025399
0.0024854
0.0024446
0.0023854
0.0022993
0.0022139
0.0021658
0.0021643
0.002196
0.0022448
0.0022918
0.0023166
0.0023154
0.0023021
0.0022903
0.0022836
0.0022802
0.0022758
0.0022615
0.0022297
0.0021885
0.0021585
0.0021516
0.0021674
0.0022023
0.0022453
0.0022778
0.0022908
0.0022895
0.0022814
0.0022713
0.0022635
0.0022587
0.0022493
0.0022257
0.002192
0.0021652
0.0021555
0.0021646
0.0021937
0.0022337
0.0022647
0.0022793
0.0022909
0.0023121
0.0023411
0.0023675
0.0023821
0.0023767
0.0023485
0.0023104
0.0022843
0.0022773
0.0022816
0.0022917
0.0023022
0.0023032
0.0022931
0.0022819
0.0022767
0.0022748
0.0022722
0.0022675
0.0022551
0.0022297
0.0022029
0.0021979
0.0022234
0.0022721
0.0023345
0.0023958
0.0024356
0.0024469
0.0024425
0.0024368
0.0024349
0.0024364
0.0024369
0.0024226
0.0023816
0.0023272
0.0022941
0.0023044
0.0023514
0.0024117
0.0024556
0.0024581
0.0024188
0.0023649
0.0023237
0.0022988
0.0022748
0.002235
0.0021728
0.0020959
0.0020258
0.0019865
0.0019855
0.0020142
0.0020621
0.0021149
0.0021542
0.0021735
0.0021842
0.002201
0.0022283
0.0022618
0.0022922
0.0023073
0.0022983
0.002274
0.0022563
0.0022563
0.0022709
0.0022943
0.0023147
0.0023167
0.0022995
0.0022799
0.0022759
0.0023001
0.0023667
0.002489
0.0026669
0.0028889
0.0031528
0.0034665
0.0038235
0.0041973
0.0045593
0.0048888
0.0051725
0.0054048
0.0055843
0.0057091
0.0057798
0.0058086
0.0058174
0.0058262
0.0058471
0.0058829
0.0059241
0.0059497
0.0059428
0.0058939
0.0057834
0.0055862
0.0053012
0.0049555
0.0045787
0.0041881
0.003796
0.0034171
0.0030668
0.0027646
0.0025399
0.0024143
0.002377
0.002396
0.0024445
0.0025021
0.0025577
0.0026297
0.0027627
0.0029973
0.0033495
0.003812
0.0043635
0.0049761
0.0056278
0.0063145
0.0070267
0.0077103
0.0082712
0.0086221
0.0087152
0.0085521
0.0081817
0.0076782
0.0071101
0.0065326
0.0060009
0.0055754
0.0053054
0.0052139
0.005303
0.0055593
0.0059461
0.0064036
0.0068623
0.0072432
0.0074689
0.0075023
0.0073676
0.0071229
0.0068191
0.0064789
0.0061061
0.0057069
0.0053057
0.0049501
0.00469
0.0045375
0.0044608
0.0044124
0.0043473
0.0042353
0.0040762
0.0038956
0.0037198
0.0035572
0.0034042
0.0032593
0.0031251
0.0030059
0.0029155
0.0028765
0.0028984
0.002967
0.0030546
0.0031285
0.0031603
0.0031405
0.0030797
0.0029957
0.0029041
0.002812
0.0027197
0.0026254
0.0025311
0.002449
0.0023941
0.0023714
0.0023792
0.0024134
0.0024575
0.0024872
0.002494
0.0024903
0.0024915
0.0025057
0.0025335
0.0025677
0.0025944
0.0026083
0.0026318
0.0026984
0.0028132
0.0029508
0.0030799
0.0031715
0.0032054
0.0031851
0.0031352
0.0030782
0.0030176
0.0029449
0.002855
0.0027498
0.0026403
0.0025508
0.0025025
0.0024943
0.0025119
0.0025418
0.0025659
0.0025649
0.0025388
0.0025049
0.0024742
0.0024439
0.0024132
0.0023863
0.0023579
0.002316
0.0022655
0.0022275
0.0022132
0.0022194
0.0022408
0.0022651
0.0022741
0.0022621
0.0022409
0.0022235
0.0022117
0.0022013
0.0021882
0.0021648
0.0021262
0.0020852
0.002067
0.002082
0.0021241
0.0021838
0.0022441
0.0022824
0.0022915
0.0022849
0.0022776
0.0022727
0.0022664
0.002255
0.0022309
0.0021876
0.002138
0.0021104
0.0021207
0.0021649
0.0022329
0.0023058
0.0023582
0.00238
0.0023848
0.0023921
0.002409
0.0024279
0.0024329
0.0024079
0.0023473
0.0022721
0.0022236
0.0022337
0.002313
0.002456
0.0026377
0.002824
0.0029979
0.0031625
0.0033201
0.0034601
0.0035644
0.003614
0.00359
0.0034851
0.0033208
0.0031397
0.0029735
0.0028354
0.0027296
0.002647
0.0025683
0.0024876
0.0024205
0.0023851
0.0023868
0.002421
0.0024817
0.0025623
0.0026559
0.0027616
0.0028825
0.0030145
0.0031475
0.0032703
0.0033647
0.0034072
0.0033896
0.0033226
0.0032228
0.0031086
0.0029975
0.0028958
0.0027937
0.0026823
0.0025745
0.0024962
0.002457
0.0024479
0.0024562
0.0024644
0.002452
0.0024142
0.0023654
0.0023197
0.0022797
0.0022422
0.0022048
0.0021647
0.0021203
0.0020854
0.0020832
0.002122
0.0021931
0.0022846
0.0023778
0.0024479
0.0024845
0.0024964
0.002497
0.0024946
0.0024953
0.0025014
0.0025017
0.0024791
0.0024377
0.0024046
0.0024041
0.0024436
0.0025131
0.0025813
0.0026102
0.0025882
0.0025384
0.00249
0.0024546
0.0024256
0.0023876
0.0023238
0.0022298
0.0021294
0.0020578
0.0020281
0.0020323
0.0020603
0.0020967
0.0021192
0.0021184
0.0021048
0.0020936
0.0020884
0.0020839
0.0020746
0.002053
0.0020134
0.0019684
0.0019448
0.0019568
0.0020027
0.0020751
0.0021562
0.0022192
0.0022522
0.0022653
0.0022741
0.0022857
0.0023015
0.0023229
0.0023444
0.0023515
0.0023427
0.0023401
0.0023642
0.0024192
0.0025
0.0025928
0.002676
0.0027352
0.0027721
0.0028019
0.0028402
0.0028894
0.0029384
0.0029687
0.0029666
0.0029383
0.002905
0.0028788
0.0028575
0.0028359
0.002804
0.0027469
0.0026641
0.0025731
0.0024924
0.0024284
0.0023778
0.0023356
0.0022961
0.0022543
0.0022194
0.0022125
0.0022423
0.0023033
0.0023847
0.0024658
0.0025225
0.0025501
0.0025656
0.0025853
0.0026108
0.0026377
0.0026695
0.0027159
0.0027908
0.0029177
0.0031151
0.0033769
0.0036827
0.0040135
0.0043427
0.0046355
0.0048679
0.005028
0.0050999
0.0050664
0.0049319
0.0047299
0.0045103
0.0043313
0.0042556
0.0043269
0.0045466
0.0048864
0.0053151
0.0058002
0.0063011
0.0067763
0.0071832
0.0074727
0.0076076
0.0075886
0.0074516
0.0072425
0.007002
0.0067677
0.0065661
0.0064003
0.0062646
0.0061628
0.006093
0.0060269
0.0059246
0.0057618
0.0055394
0.0052802
0.0050181
0.0047801
0.0045645
0.0043479
0.0041232
0.0039125
0.0037404
0.0036192
0.0035471
0.0034985
0.0034318
0.0033224
0.0031829
0.0030447
0.0029268
0.002831
0.0027521
0.0026784
0.0025957
0.0025075
0.0024395
0.0024127
0.0024304
0.0024849
0.0025531
0.0026016
0.0026108
0.0025866
0.0025474
0.0025063
0.0024643
0.0024171
0.0023565
0.002275
0.0021837
0.0021109
0.0020766
0.0020845
0.0021283
0.0021861
0.0022266
0.0022356
0.0022228
0.0022034
0.002184
0.0021646
0.0021415
0.0021036
0.0020407
0.0019661
0.0019128
0.0018998
0.001923
0.0019699
0.0020216
0.0020555
0.0020651
0.0020637
0.0020678
0.0020824
0.0021025
0.0021178
0.0021147
0.0020852
0.0020423
0.0020138
0.0020157
0.002046
0.0020945
0.0021405
0.0021588
0.0021436
0.0021133
0.002089
0.002078
0.0020757
0.0020717
0.0020521
0.0020103
0.0019623
0.0019364
0.0019446
0.0019793
0.0020282
0.0020743
0.0020977
0.0020943
0.0020798
0.0020721
0.0020811
0.0021092
0.0021456
0.002165
0.00215
0.0021147
0.0020925
0.0021016
0.0021375
0.0021851
0.0022196
0.0022152
0.0021749
0.0021318
0.002112
0.0021143
0.0021227
0.0021229
0.0021046
0.0020644
0.0020169
0.0019873
0.0019877
0.002014
0.0020577
0.0021027
0.0021286
0.00213
0.002121
0.0021162
0.0021187
0.0021238
0.002124
0.0021091
0.0020737
0.0020314
0.0020086
0.0020187
0.0020586
0.0021192
0.0021812
0.0022206
0.0022306
0.0022254
0.0022186
0.0022122
0.0022026
0.002187
0.002161
0.0021229
0.0020891
0.0020896
0.0021415
0.0022432
0.0023881
0.0025653
0.002758
0.002957
0.0031667
0.0033896
0.0036165
0.0038288
0.0040054
0.0041287
0.0041978
0.0042381
0.0042819
0.004339
0.0043979
0.0044465
0.0044743
0.0044742
0.0044597
0.0044624
0.0044996
0.0045586
0.004616
0.0046564
0.0046713
0.0046579
0.0046303
0.0046095
0.0045955
0.0045679
0.004511
0.0044201
0.0042999
0.0041754
0.0040938
0.0041032
0.0042267
0.0044481
0.0047187
0.0049803
0.0051903
0.0053371
0.0054287
0.0054668
0.00544
0.0053323
0.005127
0.0048259
0.0044687
0.0041138
0.0038023
0.0035471
0.0033445
0.0031869
0.0030624
0.0029542
0.0028565
0.0027797
0.0027311
0.0027116
0.0027297
0.0027947
0.0029002
0.0030284
0.0031602
0.0032787
0.0033686
0.0034221
0.0034501
0.0034738
0.0035031
0.0035367
0.0035759
0.0036213
0.0036708
0.0037232
0.0037718
0.0038028
0.0038064
0.0037804
0.0037238
0.0036354
0.0035174
0.0033745
0.0032125
0.0030439
0.0028966
0.0027998
0.0027588
0.0027583
0.0027811
0.0028082
0.0028167
0.0027952
0.0027536
0.0027089
0.0026693
0.0026345
0.0026007
0.0025587
0.0024995
0.0024313
0.0023783
0.0023576
0.0023718
0.0024129
0.0024591
0.0024827
0.0024741
0.0024468
0.0024189
0.0024001
0.0023937
0.0024037
0.0024344
0.0024975
0.0026235
0.0028447
0.0031647
0.0035628
0.0040166
0.0045027
0.0049918
0.0054568
0.0058753
0.0062201
0.0064591
0.0065757
0.0065846
0.0065155
0.006382
0.0061828
0.0059251
0.0056321
0.0053331
0.0050475
0.0047737
0.0045004
0.0042235
0.0039482
0.0036842
0.003447
0.0032489
0.0030871
0.0029457
0.0028157
0.0027099
0.0026443
0.0026108
0.0025915
0.002581
0.0025731
0.0025516
0.0025102
0.0024623
0.0024235
0.0024
0.0023935
0.0024013
0.0024069
0.0023922
0.0023691
0.0023745
0.00243
0.002533
0.0026695
0.0028118
0.0029258
0.003001
0.0030573
0.0031164
0.0031775
0.0032248
0.003243
0.0032178
0.0031442
0.0030445
0.0029584
0.0029089
0.0028957
0.0029108
0.0029368
0.0029467
0.0029236
0.0028737
0.0028169
0.0027685
0.0027316
0.0026996
0.0026571
0.0025898
0.0025063
0.0024377
0.0024085
0.0024229
0.0024681
0.0025145
0.0025309
0.0025412
0.0025423
0.0025406
0.0025473
