0.0018243
0.0018467
0.0018664
0.001892
0.0019246
0.0019509
0.0019841
0.0019825
0.0019571
0.001921
0.0018806
0.0018376
0.0017908
0.0017347
0.0016662
0.001597
0.0015479
0.0015286
0.0015353
0.0015601
0.00159
0.001608
0.0016094
0.0016048
0.0016048
0.001609
0.0016117
0.0016086
0.0015946
0.001567
0.001535
0.0015157
0.0015162
0.0015327
0.0015596
0.0015874
0.0016027
0.001602
0.0015951
0.0015912
0.001591
0.0015909
0.0015875
0.0015754
0.0015509
0.0015235
0.001511
0.0015185
0.0015387
0.0015653
0.0015914
0.0016074
0.0016113
0.0016106
0.0016126
0.0016167
0.001619
0.0016173
0.0016089
0.0015901
0.0015676
0.0015565
0.0015635
0.0015832
0.0016094
0.0016338
0.0016465
0.0016452
0.0016375
0.0016315
0.0016283
0.0016246
0.0016181
0.0016103
0.001608
0.0016271
0.0016862
0.0017923
0.001942
0.0021291
0.0023403
0.0025539
0.0027516
0.0029253
0.0030739
0.0032016
0.0033158
0.0034171
0.0034873
0.0034994
0.0034474
0.0033581
0.0032643
0.0031815
0.0031054
0.0030141
0.0028792
0.0026941
0.0024859
0.0022966
0.0021511
0.0020465
0.0019662
0.0018966
0.0018339
0.0017877
0.001774
0.0017972
0.0018468
0.0019076
0.0019608
0.0019887
0.0019898
0.0019774
0.0019623
0.0019448
0.0019214
0.0018897
0.0018465
0.0017903
0.0017333
0.0016948
0.0016819
0.0016885
0.0017082
0.0017316
0.0017451
0.001744
0.0017364
0.0017307
0.0017275
0.0017231
0.0017139
0.0016945
0.0016614
0.0016237
0.0015991
0.0015956
0.0016099
0.0016366
0.0016651
0.0016802
0.001676
0.0016604
0.0016439
0.0016295
0.0016159
0.0016004
0.0015785
0.0015467
0.0015139
0.0014974
0.001505
0.001533
0.0015743
0.0016169
0.0016454
0.0016554
0.0016566
0.0016584
0.0016618
0.0016635
0.0016608
0.0016501
0.0016289
0.0016046
0.0015909
0.0015931
0.0016075
0.0016294
0.0016501
0.0016581
0.0016513
0.0016398
0.0016321
0.0016293
0.0016292
0.0016288
0.0016216
0.0016032
0.0015822
0.0015752
0.0015883
0.0016153
0.0016479
0.0016763
0.0016898
0.0016882
0.0016828
0.0016824
0.0016858
0.0016866
0.0016791
0.0016581
0.0016225
0.0015838
0.0015607
0.0015622
0.0015857
0.0016263
0.0016712
0.0017017
0.0017105
0.0017094
0.001714
0.0017294
0.0017504
0.0017669
0.0017675
0.0017469
0.0017179
0.0017043
0.001718
0.001753
0.0017976
0.0018364
0.0018536
0.0018478
0.0018333
0.0018245
0.0018259
0.0018343
0.0018424
0.0018405
0.0018234
0.0018016
0.0017937
0.0018072
0.0018351
0.0018676
0.0018924
0.0018978
0.0018856
0.0018697
0.0018589
0.0018513
0.0018407
0.0018221
0.0017905
0.0017458
0.0017009
0.0016743
0.0016707
0.0016842
0.0017082
0.0017314
0.0017395
0.0017306
0.0017173
0.0017119
0.0017192
0.0017434
0.0017916
0.001867
0.0019703
0.0021114
0.0023041
0.0025456
0.002818
0.0031093
0.0034131
0.0037095
0.0039652
0.0041515
0.0042553
0.0042746
0.0042153
0.0040912
0.0039176
0.0037012
0.0034472
0.0031732
0.0029079
0.0026826
0.0025232
0.0024395
0.0024225
0.0024579
0.0025358
0.0026457
0.0027748
0.0029144
0.0030595
0.0031988
0.0033147
0.003399
0.0034582
0.003501
0.0035314
0.0035499
0.0035456
0.0034998
0.0034104
0.0032992
0.0031895
0.0030889
0.0029932
0.0028961
0.0027952
0.0026967
0.0026208
0.0025905
0.0026103
0.0026679
0.0027496
0.0028403
0.0029232
0.0029902
0.0030415
0.0030731
0.0030755
0.0030411
0.0029666
0.0028491
0.0026926
0.0025229
0.0023796
0.0022891
0.0022561
0.0022741
0.0023278
0.0024008
0.0024969
0.0026363
0.0028245
0.0030376
0.003238
0.0033964
0.0034973
0.003541
0.0035474
0.0035386
0.003511
0.0034431
0.0033298
0.0031886
0.0030463
0.0029318
0.0028703
0.0028714
0.0029259
0.0030132
0.0031104
0.0031939
0.0032442
0.0032602
0.0032612
0.0032694
0.0032966
0.0033415
0.0033886
0.0034212
0.0034407
0.0034653
0.0035073
0.00356
0.0035999
0.0035984
0.0035329
0.0034005
0.0032268
0.0030528
0.0029056
0.0027889
0.0026945
0.0026081
0.0025139
0.0024081
0.0023011
0.0022044
0.00212
0.0020413
0.0019627
0.0018827
0.0018054
0.0017425
0.0017077
0.0017023
0.0017161
0.0017394
0.0017617
0.0017694
0.0017565
0.00173
0.0017026
0.00168
0.0016599
0.0016385
0.0016114
0.0015756
0.0015377
0.0015135
0.0015131
0.0015366
0.0015788
0.0016273
0.0016656
0.0016868
0.0017
0.0017219
0.0017651
0.0018348
0.0019278
0.0020302
0.0021245
0.0022053
0.0022816
0.00236
0.0024387
0.002514
0.0025791
0.0026237
0.0026445
0.0026501
0.0026532
0.0026627
0.0026785
0.0026906
0.0026837
0.0026485
0.0025928
0.0025365
0.0024941
0.0024693
0.0024606
0.0024582
0.0024513
0.0024466
0.0024677
0.0025311
0.002629
0.0027363
0.0028333
0.0029185
0.0030034
0.0031
0.0032123
0.0033324
0.0034455
0.0035378
0.003596
0.0036093
0.003574
0.0034893
0.0033541
0.0031778
0.002984
0.0027934
0.0026107
0.0024323
0.002265
0.0021292
0.0020403
0.0019981
0.0019918
0.0020007
0.0020005
0.0019815
0.0019534
0.0019304
0.0019189
0.0019154
0.00191
0.0018924
0.0018593
0.0018228
0.0018023
0.0018047
0.0018252
0.001858
0.001891
0.001904
0.0018889
0.0018581
0.00183
0.0018138
0.0018095
0.0018106
0.0018041
0.0017782
0.0017408
0.0017187
0.0017282
0.001762
0.0018055
0.0018451
0.0018667
0.0018651
0.0018471
0.0018217
0.0017917
0.0017558
0.0017152
0.0016715
0.0016238
0.0015776
0.0015472
0.0015421
0.0015616
0.0015996
0.0016442
0.0016787
0.0016955
0.0017013
0.0017063
0.0017147
0.0017251
0.0017342
0.0017378
0.0017329
0.0017249
0.0017263
0.0017437
0.0017738
0.0018098
0.001839
0.0018457
0.001826
0.00179
0.0017507
0.0017157
0.0016867
0.0016615
0.0016347
0.0016024
0.0015716
0.0015569
0.0015645
0.0015916
0.0016341
0.0016831
0.0017229
0.0017454
0.0017561
0.001764
0.0017719
0.0017777
0.0017785
0.0017684
0.0017426
0.0017089
0.0016875
0.0016926
0.0017253
0.0017807
0.0018473
0.0019077
0.0019505
0.001978
0.0019989
0.00202
0.0020438
0.0020662
0.0020748
0.0020577
0.0020218
0.0020035
0.002054
0.0022151
0.0024934
0.0028484
0.0032148
0.0035426
0.0038144
0.0040346
0.004217
0.0043726
0.004494
0.0045541
0.0045334
0.0044486
0.0043424
0.0042477
0.0041741
0.0041198
0.0040732
0.0040071
0.0038915
0.0037148
0.0034907
0.0032449
0.0030019
0.0027822
0.0026011
0.0024656
0.0023789
0.0023457
0.0023703
0.0024539
0.0025904
0.0027553
0.0029088
0.0030204
0.0030863
0.0031234
0.0031531
0.0031869
0.0032221
0.0032432
0.003236
0.0032054
0.0031738
0.0031613
0.003175
0.0032048
0.0032211
0.0031913
0.0031065
0.0029815
0.0028328
0.0026698
0.002503
0.0023437
0.002195
0.0020556
0.0019352
0.0018513
0.0018112
0.0018134
0.0018627
0.0019671
0.0021267
0.0023387
0.0026022
0.0029124
0.0032561
0.0036127
0.0039548
0.0042505
0.0044733
0.0046156
0.0046874
0.0046987
0.0046521
0.0045491
0.0043915
0.0041875
0.0039632
0.0037542
0.0035799
0.0034354
0.0033024
0.0031626
0.0030049
0.0028309
0.0026566
0.0024995
0.0023626
0.00224
0.0021293
0.0020272
0.0019273
0.001833
0.0017572
0.0017062
0.0016743
0.0016522
0.0016328
0.0016087
0.0015748
0.0015387
0.0015169
0.0015163
0.0015326
0.0015602
0.0015895
0.0016074
0.0016112
0.00161
0.0016118
0.0016167
0.0016217
0.0016237
0.0016167
0.001595
0.001565
0.0015435
0.0015399
0.0015553
0.0015897
0.0016365
0.0016802
0.0017116
0.0017385
0.00178
0.0018594
0.0019985
0.002207
0.0024743
0.0027798
0.0031138
0.003479
0.0038704
0.0042647
0.0046238
0.0048982
0.0050418
0.0050397
0.0049151
0.004705
0.0044381
0.0041332
0.0038076
0.0034823
0.0031827
0.0029422
0.0027918
0.0027417
0.0027784
0.0028804
0.0030237
0.0031861
0.0033573
0.0035356
0.0037131
0.0038733
0.0039995
0.0040788
0.0040976
0.0040472
0.0039373
0.0037924
0.0036312
0.0034622
0.0032941
0.0031286
0.0029587
0.0027841
0.0026199
0.0024818
0.002373
0.0022847
0.002203
0.002115
0.0020161
0.001918
0.0018411
0.0017941
0.0017717
0.001765
0.0017606
0.0017452
0.0017235
0.0017192
0.0017534
0.0018297
0.0019366
0.0020562
0.0021696
0.0022644
0.0023447
0.0024251
0.0025078
0.002578
0.0026175
0.0026117
0.0025538
0.0024554
0.0023428
0.0022409
0.002165
0.0021229
0.0021188
0.0021535
0.0022265
0.0023415
0.0024975
0.0026753
0.0028476
0.0030002
0.0031254
0.0032102
0.0032441
0.0032271
0.0031645
0.0030629
0.0029354
0.0028007
0.0026722
0.0025502
0.0024346
0.0023339
0.0022566
0.0022066
0.0021864
0.0021927
0.0022171
0.0022614
0.0023417
0.0024744
0.0026616
0.0028875
0.0031213
0.0033279
0.0034819
0.00358
0.0036353
0.0036562
0.0036411
0.0035845
0.0034816
0.0033361
0.0031698
0.0030114
0.0028768
0.0027654
0.0026692
0.0025818
0.0024999
0.002425
0.0023655
0.0023303
0.0023177
0.0023204
0.0023346
0.002354
0.0023683
0.0023747
0.0023763
0.0023722
0.0023556
0.0023206
0.0022649
0.0021881
0.002093
0.001995
0.0019157
0.0018639
0.0018351
0.0018232
0.0018204
0.0018184
0.0018204
0.0018447
0.0019089
0.0020194
0.0021715
0.002353
0.0025422
0.0027146
0.0028605
0.0029897
0.0031129
0.0032317
0.00334
0.0034218
0.0034558
0.0034325
0.0033627
0.0032669
0.0031646
0.00307
0.0029872
0.0029087
0.0028228
0.0027294
0.0026401
0.0025644
0.002508
0.002477
0.0024689
0.0024691
0.0024656
0.0024573
0.002446
0.0024319
0.0024172
0.0024052
0.0023954
0.0023832
0.002368
0.002355
0.0023446
0.0023334
0.0023196
0.0022959
0.0022505
0.0021837
0.0021103
0.0020451
0.0019939
0.001955
0.0019218
0.0018854
0.0018449
0.0018174
0.0018265
0.0018779
0.0019578
0.0020481
0.0021294
0.0021864
0.0022201
0.002244
0.0022655
0.0022793
0.0022764
0.0022522
0.0022046
0.0021365
0.0020625
0.0020022
0.0019619
0.0019368
0.0019227
0.0019111
0.0018891
0.0018532
0.001814
0.0017815
0.0017564
0.0017345
0.0017122
0.001685
0.0016497
0.0016144
0.0015951
0.0015976
0.0016156
0.001643
0.0016717
0.0016907
0.0016959
0.0016937
0.0016909
0.0016889
0.0016854
0.001677
0.0016581
0.0016258
0.001589
0.0015645
0.0015585
0.0015672
0.0015857
0.0016052
0.0016138
0.0016099
0.0016041
0.0016041
0.0016074
0.001608
0.0016028
0.0015889
0.0015633
0.0015336
0.0015146
0.0015127
0.0015251
0.0015488
0.0015765
0.0015954
0.0016002
0.0015975
0.0015957
0.0015984
0.0016046
0.0016105
0.0016076
0.0015902
0.0015682
0.0015611
0.0015781
0.0016165
0.0016726
0.00174
0.0018092
0.0018772
0.0019469
0.0020158
0.0020749
0.0021182
0.002147
0.0021622
0.0021617
0.0021485
0.0021311
0.0021135
0.0020974
0.0020883
0.002085
0.0020757
0.0020527
0.0020212
0.0019893
0.001959
0.0019287
0.0018966
0.0018593
0.0018141
0.0017687
0.0017387
0.0017322
0.0017462
0.0017739
0.0018018
0.0018135
0.001807
0.0017978
0.0018005
0.0018161
0.0018355
0.0018477
0.0018486
0.0018532
0.0019007
0.0020301
0.0022465
0.0025204
0.0028168
0.0031105
0.0033893
0.0036562
0.0039204
0.0041783
0.0044054
0.0045741
0.0046764
0.0047252
0.0047367
0.0047208
0.0046822
0.0046212
0.0045351
0.00442
0.0042693
0.0040787
0.0038533
0.0036054
0.0033506
0.003108
0.0028959
0.0027205
0.0025722
0.0024384
0.0023211
0.002235
0.0021903
0.002188
0.0022239
0.0022841
0.0023463
0.0023971
0.0024385
0.002479
0.0025293
0.0026004
0.0026987
0.0028187
0.0029443
0.0030606
0.0031604
0.0032407
0.0033052
0.0033628
0.0034124
0.0034372
0.0034234
0.0033765
0.0033178
0.0032752
0.0032709
0.003308
0.0033729
0.0034555
0.003567
0.0037315
0.0039583
0.0042287
0.0045032
0.0047369
0.0049089
0.0050505
0.0052187
0.0054331
0.0056522
0.0058066
0.0058422
0.0057455
0.0055495
0.0053191
0.0051068
0.0049124
0.0046992
0.0044461
0.0041646
0.0038838
0.0036388
0.0034567
0.0033387
0.0032604
0.0031914
0.0031093
0.0030006
0.0028621
0.0027108
0.0025767
0.0024779
0.0024117
0.0023654
0.0023218
0.0022662
0.0022004
0.0021426
0.0021086
0.0020973
0.0020954
0.0020899
0.0020749
0.0020545
0.0020446
0.0020629
0.0021107
0.0021747
0.0022411
0.0022961
0.0023268
0.0023327
0.0023259
0.0023158
0.0023029
0.0022832
0.0022534
0.0022093
0.0021482
0.0020789
0.002019
0.0019778
0.001954
0.0019437
0.0019387
0.0019266
0.0019022
0.0018726
0.0018465
0.0018267
0.0018102
0.0017902
0.0017575
0.0017075
0.0016509
0.0016082
0.0015892
0.0015909
0.0016074
0.0016284
0.0016403
0.0016401
0.0016371
0.0016399
0.0016476
0.0016536
0.0016524
0.0016392
0.0016117
0.0015778
0.0015524
0.0015424
0.0015459
0.0015607
0.0015814
0.0015981
0.0016069
0.0016115
0.0016156
0.0016197
0.001624
0.0016271
0.0016227
0.0016037
0.0015755
0.0015542
0.0015499
0.0015639
0.0015937
0.0016276
0.0016477
0.0016483
0.0016397
0.0016336
0.0016329
0.0016338
0.0016303
0.0016147
0.0015824
0.0015436
0.0015184
0.0015166
0.0015358
0.001569
0.0016017
0.0016168
0.0016114
0.0015975
0.0015869
0.0015823
0.0015807
0.0015773
0.0015651
0.0015406
0.0015134
0.001501
0.0015101
0.0015365
0.0015757
0.0016209
0.001661
0.0016907
0.0017122
0.0017288
0.0017419
0.0017524
0.0017602
0.0017617
0.0017534
0.0017392
0.0017284
0.0017262
0.0017337
0.0017502
0.0017662
0.0017676
0.0017531
0.001733
0.0017138
0.0016934
0.0016694
0.0016422
0.0016104
0.001573
0.0015398
0.0015254
0.0015313
0.0015494
0.0015762
0.0016087
0.0016359
0.0016488
0.0016498
0.0016466
0.0016428
0.0016379
0.0016314
0.001621
0.001603
0.001582
0.0015729
0.0015875
0.0016289
0.0016935
0.0017688
0.0018371
0.0018902
0.0019326
0.0019712
0.0020088
0.002045
0.0020761
0.0020939
0.0020915
0.0020749
0.0020611
0.0020605
0.0020736
0.0020962
0.0021162
0.0021167
0.002092
0.0020526
0.0020115
0.0019731
0.0019331
0.0018848
0.0018218
0.0017449
0.0016693
0.0016172
0.0015974
0.0016026
0.001622
0.0016441
0.0016581
0.0016637
0.0016728
0.001697
0.0017388
0.0017958
0.0018653
0.0019406
0.002013
0.0020833
0.0021632
0.0022605
0.0023717
0.002488
0.0025955
0.002678
0.0027279
0.0027484
0.0027447
0.0027221
0.0026864
0.0026413
0.0025825
0.002502
0.0024015
0.0022951
0.0021964
0.0021152
0.0020585
0.0020195
0.0019781
0.0019218
0.0018557
0.0017926
0.0017416
0.0017041
0.001675
0.0016465
0.0016169
0.0015982
0.0016089
0.0016534
0.0017219
0.0018019
0.00188
0.0019432
0.0019872
0.0020176
0.0020397
0.0020535
0.0020568
0.0020471
0.0020217
0.0019801
0.0019325
0.0018949
0.0018751
0.001871
0.001877
0.0018817
0.0018716
0.0018469
0.0018213
0.0018054
0.001799
0.0017967
0.001793
0.001781
0.0017576
0.0017329
0.0017219
0.0017275
0.0017423
0.0017608
0.0017758
0.0017767
0.0017623
0.0017426
0.0017259
0.0017115
0.0016964
0.0016791
0.0016571
0.0016271
0.0015951
0.0015743
0.001571
0.0015837
0.0016097
0.0016396
0.0016581
0.001661
0.00166
0.0016699
0.0016955
0.0017303
0.0017618
0.0017763
0.0017671
0.001746
0.0017358
0.0017476
0.0017746
0.0018033
0.0018189
0.0018108
0.0017836
0.0017535
0.0017326
0.0017214
0.0017136
0.0017039
0.0016888
0.0016688
0.0016546
0.0016599
0.0016853
0.001722
0.0017642
0.0018062
0.0018393
0.0018609
0.0018777
0.0018948
0.0019106
0.0019247
0.0019397
0.0019541
0.0019622
0.001966
0.0019752
0.0019933
0.0020169
0.002042
0.0020589
0.0020524
0.0020187
0.001971
0.0019247
0.0018845
0.0018472
0.0018097
0.0017694
0.0017271
0.0016945
0.001687
0.0017068
0.0017446
0.0017897
0.00183
0.0018536
0.0018579
0.0018522
0.0018458
0.0018412
0.0018374
0.0018333
0.0018227
0.0017978
0.0017648
0.0017421
0.0017404
0.0017572
0.0017855
0.0018147
0.0018307
0.0018289
0.0018192
0.0018153
0.0018273
0.001866
0.0019342
0.0020078
0.002049
0.00205
0.0020398
0.0020459
0.0020762
0.0021266
0.0021768
0.002192
0.0021556
0.0020953
0.0020576
0.0020603
0.0020836
0.0021027
0.0021148
0.0021344
0.0021696
0.0022091
0.0022369
0.0022522
0.0022648
0.0022762
0.0022795
0.0022696
0.0022395
0.0021786
0.0020989
0.0020443
0.0020562
0.0021414
0.002287
0.0024894
0.0027565
0.0030898
0.0034793
0.0039099
0.0043578
0.0047906
0.0051827
0.0055234
0.0058081
0.0060306
0.0061887
0.0062848
0.0063186
0.0062878
0.0061997
0.0060705
0.0059079
0.0057123
0.0054926
0.0052589
0.005008
0.004734
0.0044503
0.0041917
0.0039943
0.0038736
0.0038191
0.0037995
0.0037747
0.0037225
0.0036567
0.0036118
0.0036156
0.0036677
0.0037333
0.0037656
0.0037393
0.0036591
0.0035461
0.0034261
0.0033226
0.0032465
0.003187
0.0031235
0.0030544
0.0030024
0.0029874
0.0030095
0.0030535
0.0030936
0.0031055
0.0030875
0.0030579
0.0030317
0.0030054
0.0029629
0.002892
0.0027946
0.002691
0.0026178
0.0026029
0.0026366
0.002684
0.0027186
0.0027311
0.0027244
0.002714
0.0027217
0.0027566
0.002805
0.00284
0.0028368
0.0027833
0.002684
0.0025631
0.0024531
0.0023717
0.002318
0.0022852
0.0022635
0.0022468
0.0022474
0.0022866
0.0023655
0.0024566
0.0025261
0.0025626
0.0025829
0.0026182
0.0026969
0.0028287
0.0029964
0.0031758
0.0033626
0.0035711
0.0038145
0.0040888
0.0043685
0.0046178
0.0048137
0.004952
0.0050362
0.0050684
0.0050533
0.0050041
0.0049357
0.0048558
0.0047692
0.0046798
0.0045758
0.0044344
0.004249
0.004039
0.0038383
0.003687
0.0036254
0.0036844
0.0038768
0.0042048
0.0046769
0.00531
0.0061119
0.0070575
0.0080716
0.0090391
0.0098564
0.01048
0.010918
0.01119
0.01131
0.011286
0.011121
0.010826
0.010428
0.009978
0.0095256
0.0090939
0.0086877
0.0083117
0.0079671
0.0076444
0.0073341
0.0070313
0.0067287
0.0064196
0.0061101
0.0058161
0.0055454
0.0052907
0.0050506
0.0048402
0.0046755
0.0045718
0.0045566
0.0046554
0.004866
0.0051646
0.0055333
0.005974
0.0065006
0.0071287
0.0078679
0.0086943
0.0095264
0.010257
0.010815
0.011184
0.011376
0.011407
0.011278
0.010978
0.010513
0.0099292
0.0093162
0.0087805
0.008391
0.0081478
0.0080065
0.0079198
0.0078585
0.0078077
0.007752
0.007674
0.0075578
0.0073881
0.0071574
0.00688
0.006583
0.0062775
0.005952
0.0055894
0.0051845
0.004748
0.0043055
0.0038913
0.0035316
0.003228
0.002969
0.0027504
0.0025726
0.0024311
0.002318
0.0022264
0.0021507
0.0020851
0.0020231
0.0019578
0.0018823
0.0017966
0.0017183
0.0016736
0.0016728
0.001706
0.001756
0.0018022
0.0018257
0.0018239
0.0018098
0.0017953
0.0017835
0.0017716
0.0017554
0.0017284
0.001686
0.0016374
0.0016034
0.001597
0.0016178
0.0016587
0.0017039
0.0017342
0.0017436
0.0017419
0.0017418
0.0017498
0.0017668
0.0017892
0.0018094
0.0018221
0.0018352
0.001864
0.0019117
0.0019698
0.0020277
0.0020694
0.0020779
0.0020518
0.0020075
0.0019607
0.0019164
0.0018738
0.001832
0.0017878
0.0017388
0.0016944
0.0016705
0.0016711
0.0016877
0.0017122
0.0017346
0.0017425
0.0017344
0.001722
0.0017156
0.0017167
0.001722
0.001728
0.001727
0.0017097
0.0016799
0.0016541
0.0016419
0.0016424
0.0016528
0.0016658
0.0016687
0.0016569
0.0016382
0.0016228
0.0016147
0.0016115
0.0016078
0.001596
0.0015711
0.0015416
0.0015237
0.0015232
0.0015385
0.0015754
0.0016456
0.0017582
0.001923
0.0021524
0.0024526
0.0028166
0.0032276
0.003667
0.0041177
0.0045686
0.005016
0.0054571
0.0058842
0.0062881
0.0066641
0.0070091
0.0073235
0.0076217
0.0079281
0.0082546
0.0085931
0.0089236
0.0092193
0.0094449
0.0095665
0.009568
0.0094512
0.0092185
0.0088708
0.0084212
0.007893
0.0073089
0.0066945
0.0060818
0.0055078
0.0050166
0.004661
0.0044868
0.0044949
0.0046192
0.0047687
0.0048955
0.0050055
0.0051262
0.0052733
0.005428
0.0055414
0.0055731
0.0055239
0.0054327
0.005345
0.0052799
0.0052295
0.0051781
0.0051162
0.0050497
0.0049947
0.0049524
0.004902
0.0048219
0.0047011
0.0045381
0.0043444
0.0041402
0.0039386
0.0037346
0.0035114
0.0032581
0.0029821
0.0027074
0.0024693
0.0022943
0.0021787
0.0020986
0.0020358
0.0019794
0.0019197
0.0018548
0.0017937
0.0017461
0.0017128
0.0016878
0.0016637
0.0016314
0.0015839
0.0015312
0.0014965
0.0014913
0.001511
0.0015463
0.0015825
0.0016029
0.0016042
0.001598
0.0015954
0.0015981
0.0016012
0.001599
0.0015839
0.0015516
0.0015137
0.0014907
0.001491
0.0015106
0.0015443
0.0015811
0.0016048
0.0016106
0.0016083
0.0016085
0.001613
0.0016186
0.0016215
0.0016142
0.0015893
0.0015543
0.0015297
0.0015258
0.0015407
0.0015698
0.0016027
0.0016237
0.001627
0.0016209
0.0016166
0.0016174
0.0016195
0.0016173
0.0016033
0.0015723
0.0015341
0.0015092
0.0015074
0.0015258
0.0015588
0.0015952
0.0016205
0.0016316
0.0016377
0.0016468
0.0016579
0.0016652
0.0016649
0.0016522
0.0016228
0.0015859
0.0015607
0.0015557
0.0015682
0.001594
0.0016227
0.0016389
0.0016379
0.00163
0.0016262
0.0016276
0.0016281
0.0016212
0.0016002
0.001563
0.0015254
0.0015146
0.0015447
0.0016135
0.0017119
0.0018218
0.0019201
0.0019972
0.0020616
0.0021241
0.0021847
0.0022349
0.0022648
0.0022637
0.0022263
0.002167
0.0021145
0.0020864
0.0020816
0.0020912
0.0021006
0.0020956
0.002082
0.0020915
0.0021664
0.0023396
0.0026228
0.0030042
0.0034547
0.0039456
0.0044651
0.005007
0.0055449
0.006037
0.0064507
0.0067722
0.0070047
0.0071682
0.0072888
0.0073812
0.0074474
0.0074913
0.0075274
0.0075692
0.007615
0.0076572
0.0076973
0.0077481
0.0078261
0.0079375
0.0080622
0.008161
0.0082078
0.0082123
0.0082123
0.0082447
0.0083168
0.0083996
0.00845
0.0084455
0.0084031
0.0083677
0.0083712
0.0083893
0.008347
0.00817
0.0078293
0.0073508
0.0067949
0.0062232
0.0056755
0.0051609
0.0046672
0.004194
0.0037676
0.0034179
0.0031561
0.0029691
0.0028285
0.0027066
0.0025814
0.0024416
0.002295
0.0021623
0.0020605
0.0019941
0.0019563
0.0019335
0.0019099
0.0018754
0.001837
0.0018132
0.0018125
0.00183
0.0018579
0.0018831
0.0018893
0.0018734
0.0018483
0.0018271
0.0018113
0.0017955
0.0017755
0.0017473
0.0017071
0.0016612
0.0016269
0.001615
0.0016243
0.0016475
0.0016703
0.0016762
0.0016632
0.0016445
0.0016323
0.0016272
0.0016233
0.001615
0.0015968
0.0015662
0.0015341
0.001519
0.0015275
0.0015526
0.0015857
0.0016179
0.0016392
0.0016486
0.001655
0.0016648
0.0016749
0.001679
0.001673
0.0016536
0.0016195
0.0015806
0.0015529
0.001543
0.0015482
0.0015653
0.0015866
0.001599
0.0015978
0.0015904
0.0015861
0.0015885
0.0015963
0.0016051
0.001606
0.001594
0.0015793
0.0015793
0.0015998
0.0016348
0.001676
0.0017098
0.0017201
0.0017047
0.0016776
0.0016524
0.0016318
0.0016125
0.0015918
0.0015655
0.0015304
0.0014949
0.0014744
0.0014751
0.0014923
0.0015197
0.0015476
0.0015646
0.0015691
0.0015707
0.0015772
0.0015876
0.0015976
0.0016055
0.0016086
0.001604
0.0015974
0.0015991
0.001612
0.0016342
0.0016662
0.0017018
0.0017261
0.0017309
0.0017216
0.0017074
0.0016931
0.001681
0.0016705
0.0016541
0.0016236
0.0015862
0.0015601
0.0015541
0.0015655
0.0015887
0.0016136
0.0016253
0.0016187
0.001602
0.0015849
0.0015716
0.001563
0.0015576
0.0015483
0.0015265
0.0014969
0.0014772
0.0014806
0.0015097
0.0015592
0.0016121
0.0016468
0.0016563
0.0016525
0.0016495
0.0016528
0.0016594
0.0016614
0.0016488
0.0016166
0.0015778
0.0015564
0.0015632
0.0015924
0.0016342
0.0016747
0.0016978
0.0017003
0.0016949
0.0016945
0.0016997
0.0017029
0.0016971
0.0016776
0.0016455
0.0016163
0.0016122
0.0016414
0.001699
0.0017813
0.0018843
0.0019952
0.0021028
0.0022074
0.0023117
0.0024105
0.0024942
0.0025548
0.0025836
0.0025724
0.0025265
0.0024678
0.0024165
0.0023806
0.0023607
0.0023487
0.0023283
0.0022913
0.0022448
0.0022042
0.0021829
0.0021852
0.0022035
0.002219
0.0022138
0.0021876
0.0021583
0.0021477
0.0021781
0.0022725
0.0024352
0.0026431
0.0028679
0.0031012
0.0033535
0.0036415
0.0039736
0.004339
0.0047045
0.0050319
0.0053128
0.005579
0.0058731
0.0062145
0.0065927
0.0069783
0.0073439
0.007677
0.0079766
0.0082377
0.0084491
0.0086073
0.00873
0.0088483
0.0089887
0.0091682
0.0093938
0.009649
0.0098959
0.010104
0.010255
0.010321
0.010258
0.010035
0.0096427
0.0090895
0.0084005
0.0076352
0.0068789
0.0061982
0.0056274
0.0051958
0.0049345
0.0048619
0.0049738
0.0052379
0.0055996
0.0060052
0.0064149
0.0067979
0.0071258
0.0073733
0.0075198
0.0075513
0.0074709
0.0073146
0.0071362
0.0069685
0.0068128
0.0066595
0.0064974
0.006315
0.0061108
0.0058972
0.0056894
0.0054921
0.0052978
0.0050938
0.0048703
0.0046297
0.0043929
0.0041863
0.0040188
0.0038797
0.0037501
0.0036054
0.0034238
0.0032058
0.0029749
0.002757
0.0025661
0.002406
0.0022739
0.0021586
0.0020486
0.0019487
0.0018782
0.0018491
0.0018593
0.0018996
0.0019536
0.0019993
0.0020232
0.0020295
0.0020303
0.0020342
0.0020434
0.0020546
0.0020568
0.0020372
0.0019964
0.001951
0.0019189
0.0019098
0.001925
0.0019511
0.0019651
0.0019546
0.0019277
0.0019018
0.0018879
0.001886
0.0018871
0.0018768
0.0018455
0.0018022
0.0017698
0.0017629
0.001781
0.0018176
0.0018622
0.0019056
0.0019549
0.0020318
0.0021556
0.0023314
0.0025547
0.0028164
0.0031048
0.0034116
0.0037414
0.0041045
0.0044948
0.0048874
0.005255
0.0055742
0.0058282
0.0060164
0.0061535
0.0062556
0.0063321
0.0063853
0.0064166
0.0064323
0.0064459
0.0064776
0.006542
0.0066351
0.0067437
0.0068603
0.0069764
0.0070712
0.0071179
0.0070943
0.0069872
0.0067969
0.0065443
0.0062699
0.0060057
0.0057484
0.0054764
0.0051875
0.0049074
0.0046741
0.0045159
0.0044295
0.0043771
0.004308
0.0041861
0.0040078
0.003798
0.0035868
0.003386
0.0031842
0.0029661
0.0027382
0.0025276
0.0023562
0.0022328
0.0021573
0.0021119
0.0020673
0.0020111
0.0019561
0.0019178
0.0018972
0.0018847
0.0018703
0.0018458
0.0018085
0.0017704
0.0017502
0.0017516
0.0017644
0.0017801
0.0017893
0.001781
0.0017553
0.0017241
0.0016977
0.0016775
0.0016601
0.0016426
0.0016203
0.0015879
0.0015526
0.0015314
0.0015326
0.0015526
0.001586
0.0016222
0.001646
0.0016524
0.0016498
0.0016477
0.0016484
0.0016487
0.0016445
0.0016299
0.0016009
0.0015665
0.0015452
0.0015457
0.0015651
0.0015979
0.0016324
0.0016533
0.0016564
0.001652
0.0016511
0.001656
0.0016622
0.0016639
0.0016542
0.0016292
0.001599
0.0015822
0.0015871
0.0016107
0.001648
0.0016877
0.0017179
0.0017459
0.0018032
0.0019267
0.0021403
0.0024497
0.0028417
0.0032874
0.0037567
0.0042339
0.0047084
0.0051585
0.0055589
0.0058961
0.0061677
0.0063804
0.0065529
0.0067043
0.0068374
0.0069443
0.007028
0.0071036
0.00718
0.0072573
0.0073373
0.0074151
0.0074677
0.0074717
0.0074272
0.0073482
0.0072423
0.007111
0.0069545
0.0067671
0.0065389
0.006272
0.0059897
0.0057215
0.0054871
0.0052981
0.00516
0.005069
0.0050155
0.0049882
0.0049701
0.0049389
0.0048816
0.0047969
0.0046848
0.0045422
0.0043708
0.0041802
0.0039839
0.0037964
0.0036355
0.0035179
0.0034531
0.0034489
0.0035199
0.0036833
0.0039537
0.004336
0.0048137
0.0053467
0.0058865
0.0063845
0.0067928
0.0070713
0.007201
0.0071935
0.0070849
0.006916
0.0067176
0.0065042
0.0062708
0.0060193
0.0057976
0.0056843
0.0057241
0.0058852
0.0060758
0.0061973
0.0061974
0.0060907
0.0059357
0.0057848
0.0056434
0.0054806
0.0052776
0.005048
0.0048245
0.0046486
0.0045597
0.0045776
0.0046937
0.0048619
0.0050077
0.005073
0.0050503
0.0049731
0.0048852
0.0048057
0.0047174
0.0045838
0.0043765
0.0041094
0.0038432
0.00363
0.0034713
0.0033366
0.0031995
0.0030529
0.0029009
0.0027471
0.0026002
0.0024753
0.0023799
0.0023119
0.0022686
0.0022411
0.0022104
0.0021617
0.0020952
0.002023
0.0019585
0.0019058
0.0018604
0.0018128
0.001756
0.0016974
0.0016553
0.0016401
0.0016493
0.0016747
0.0017028
0.0017179
0.0017167
0.0017086
0.0017012
0.0016939
0.0016841
0.0016696
0.0016449
0.0016056
0.0015605
0.0015289
0.0015213
0.0015353
0.0015634
0.0015924
0.0016073
0.0016064
0.001602
0.0016047
0.0016147
0.0016252
0.0016284
0.0016164
0.0015875
0.0015542
0.0015332
0.0015288
0.0015358
0.0015509
0.0015687
0.0015781
0.0015746
0.0015657
0.0015599
0.0015596
0.0015626
0.0015647
0.0015584
0.0015383
0.0015124
0.0014986
0.0015064
0.0015332
0.001573
0.0016166
0.0016534
0.0016816
0.0017086
0.0017374
0.0017621
0.0017762
0.0017779
0.0017666
0.0017414
0.0017085
0.0016803
0.0016629
0.0016558
0.001659
0.0016675
0.0016694
0.0016591
0.0016433
0.0016311
0.0016262
0.0016276
0.0016306
0.0016265
0.0016102
0.0015924
0.0015931
0.0016211
0.0016706
0.0017311
0.001788
0.0018265
0.0018443
0.0018524
0.0018598
0.0018653
0.0018635
0.0018506
0.0018222
0.0017767
0.0017251
0.0016851
0.0016643
0.0016602
0.0016715
0.001692
0.001708
0.0017126
0.0017134
0.0017202
0.001735
0.0017542
0.0017734
0.0017852
0.001781
0.0017647
0.0017523
0.0017546
0.0017715
0.001798
0.0018224
0.0018296
0.0018156
0.0017919
0.0017723
0.0017614
0.0017561
0.0017499
0.0017343
0.0017054
0.0016727
0.001653
0.0016514
0.0016617
0.001678
0.0016926
0.0016966
0.001693
0.0016983
0.0017256
0.001775
0.00184
0.0019139
0.0019875
0.0020548
0.0021278
0.0022308
0.0023724
0.002536
0.0026937
0.0028188
0.0028961
0.0029329
0.0029498
0.0029573
0.0029474
0.0029041
0.0028181
0.0026924
0.0025429
0.0023963
0.0022752
0.0021826
0.0021116
0.0020605
0.0020264
0.0019978
0.0019673
0.0019391
0.0019194
0.0019092
0.0019063
0.0019082
0.0019103
0.001909
0.0019096
0.0019232
0.0019515
0.001987
0.0020228
0.0020521
0.0020735
0.0021026
0.0021648
0.0022748
0.0024312
0.0026296
0.0028743
0.0031754
0.0035416
0.003976
0.0044672
0.0049812
0.0054754
0.0059221
0.0063067
0.0066182
0.0068533
0.0070199
0.0071306
0.0072021
0.0072567
0.0073168
0.0073971
0.0075079
0.0076688
0.0079058
0.0082256
0.0085976
0.0089572
0.0092294
0.0093675
0.0093726
0.0092721
0.0090889
0.0088339
0.0085113
0.008124
0.007678
0.0071921
0.0066987
0.0062218
0.0057644
0.0053261
0.0049136
0.0045186
0.0041152
0.0036924
0.0032739
0.0029013
0.0026093
0.00241
0.0022888
0.0022093
0.0021349
0.0020581
0.001999
0.0019697
0.0019627
0.0019655
0.0019631
0.0019407
0.0018989
0.0018547
0.0018236
0.0018071
0.0017968
0.0017831
0.0017567
0.0017126
0.0016616
0.0016256
0.0016154
0.0016283
0.0016589
0.0016963
0.0017239
0.0017355
0.001739
0.0017435
0.0017493
0.0017516
0.0017459
0.0017264
0.0016887
0.0016416
0.0016052
0.0015908
0.0015976
0.0016219
0.0016532
0.001675
0.0016808
0.001677
0.0016718
0.0016675
0.0016625
0.001655
0.0016399
0.0016111
0.0015751
0.0015497
0.0015454
0.0015624
0.0015981
0.0016416
0.0016749
0.0016901
0.0016947
0.0016988
0.0017055
0.0017125
0.0017149
0.0017044
0.0016749
0.0016358
0.0016063
0.0015958
0.0016022
0.0016219
0.0016444
0.0016547
0.0016497
0.0016396
0.0016335
0.0016319
0.0016315
0.0016299
0.0016216
0.0016005
0.0015736
0.0015576
0.0015596
0.0015773
0.0016079
0.001642
0.0016636
0.0016665
0.0016588
0.0016503
0.0016443
0.0016394
0.001632
0.0016142
0.0015797
0.0015396
0.0015196
0.0015382
0.0016013
0.0017079
0.0018454
0.0019907
0.0021268
0.0022498
0.002359
0.0024481
0.0025074
0.0025275
0.0024996
0.0024221
0.0023128
0.0022032
0.0021177
0.002068
0.0020605
0.0020899
0.0021373
0.0021877
0.0022368
0.002281
0.002311
0.002318
0.0022985
0.002252
0.0021801
0.0020974
0.0020275
0.0019827
0.0019622
0.001962
0.0019734
0.0019828
0.0019843
0.001983
0.0019845
0.001987
0.0019869
0.0019828
0.0019717
0.001949
0.0019208
0.0019015
0.0018985
0.0019098
0.0019325
0.0019566
0.0019651
0.0019503
0.0019219
0.0018947
0.0018768
0.0018698
0.001871
0.0018723
0.0018648
0.0018535
0.0018554
0.0018789
0.0019212
0.0019775
0.0020397
0.0020962
0.0021449
0.0021937
0.0022469
0.0023022
0.0023598
0.0024252
0.0024973
0.0025629
0.0026082
0.0026288
0.0026259
0.0026054
0.0025762
0.0025385
0.0024833
0.0024093
0.0023297
0.0022616
0.0022184
0.0022042
0.0022105
0.0022195
0.0022193
0.002215
0.0022182
0.0022288
0.0022378
0.0022394
0.0022277
0.0021957
0.0021459
0.0020906
0.0020388
0.0019911
0.0019443
0.0018936
0.0018314
0.0017542
0.0016749
0.001617
0.0015916
0.0015938
0.0016139
0.0016377
0.0016499
0.0016473
0.0016405
0.0016402
0.0016469
0.0016529
0.0016503
0.001633
0.0015996
0.0015618
0.0015382
0.001536
0.0015516
0.0015806
0.0016133
0.0016351
0.001641
0.001639
0.0016381
0.0016403
0.0016428
0.001642
0.0016313
0.0016047
0.0015703
0.001547
0.001545
0.0015626
0.001595
0.001631
0.0016552
0.0016632
0.0016638
0.0016652
0.0016687
0.0016715
0.0016704
0.0016596
0.0016345
0.001603
0.0015825
0.001581
0.0015969
0.0016273
0.0016626
0.0016864
0.0016909
0.0016833
0.001675
0.0016705
0.0016678
0.001663
0.0016498
0.0016221
0.0015869
0.0015626
0.00156
0.0015774
0.0016082
0.0016398
0.0016572
0.0016573
0.0016499
0.0016454
0.0016459
0.0016479
0.0016465
0.0016356
0.0016114
0.0015831
0.0015674
0.0015714
0.0015924
0.0016258
0.0016615
0.0016838
0.0016869
0.0016787
0.0016688
0.00166
0.0016511
0.0016405
0.0016234
0.0015949
0.0015633
0.0015478
0.0015594
0.0015969
0.0016557
0.001724
0.0017832
0.0018224
0.0018463
0.001865
0.0018834
0.0018996
0.0019091
0.0019044
0.0018793
0.0018412
0.0018104
0.0018016
0.0018193
0.001862
0.0019175
0.0019646
0.0019926
0.002008
0.0020227
0.002044
0.0020719
0.0020985
0.0021079
0.0020857
0.0020373
0.0019867
0.0019539
0.0019454
0.0019583
0.0019787
0.0019861
0.001972
0.0019445
0.0019167
0.0018975
0.0018909
0.0018925
0.0018876
0.0018609
0.0018141
0.0017666
0.0017386
0.0017459
0.0018015
0.0019078
0.0020566
0.0022452
0.0024843
0.0027878
0.003162
0.0036035
0.0041014
0.0046367
0.0051818
0.0057059
0.0061796
0.0065732
0.006866
0.0070618
0.0071839
0.0072565
0.0072963
0.0073077
0.007284
0.0072227
0.0071365
0.0070492
0.0069776
0.0069119
0.0068181
0.0066539
0.0063886
0.0060287
0.0056244
0.0052387
0.004918
0.0046904
0.0045723
0.0045705
0.0046935
0.0049564
0.0053643
0.0058878
0.0064763
0.0071009
0.0077602
0.0084446
0.0091269
0.0097833
0.010384
0.010871
0.011189
0.011331
0.011333
0.01122
0.010994
0.010664
0.010267
0.0098482
0.0094562
0.0091368
0.0089088
0.0087486
0.0086213
0.0085087
0.0084014
0.0082831
0.0081274
0.0079046
0.0075982
0.0072198
0.0068101
0.0064136
0.0060483
0.0057056
0.0053704
0.0050339
0.0046989
0.0043766
0.0040725
0.0037861
0.0035251
0.0033005
0.0031112
0.0029479
0.0028084
0.002698
0.0026164
0.0025549
0.0025082
0.0024772
0.0024607
0.0024603
0.0024856
0.0025382
0.0026031
0.002663
0.0027099
0.0027435
0.0027676
0.002785
0.0027907
0.0027693
0.0027065
0.0026073
0.0024963
0.0023949
0.0023126
0.0022512
0.0022028
0.0021555
0.0021094
0.0020755
0.0020584
0.0020506
0.002042
0.002028
0.0020045
0.0019668
0.00192
0.0018782
0.0018487
0.001832
0.0018312
0.0018415
0.0018475
0.0018429
0.0018389
0.0018448
0.0018558
0.0018642
0.0018674
0.0018608
0.0018395
0.0018142
0.0018068
0.0018227
0.0018467
0.0018664
0.0018764
0.0018714
0.0018521
0.001829
0.0018128
0.0018089
0.0018183
0.0018377
0.0018597
0.0018775
0.0018918
0.00191
0.0019358
0.0019669
0.0019962
0.0020079
0.0019843
0.0019263
0.0018529
0.0017816
0.0017221
0.0016789
0.0016517
0.0016344
0.0016214
0.0016159
0.0016264
0.0016536
0.0016926
0.0017403
0.0017905
0.0018305
0.0018525
0.0018598
0.0018593
0.0018543
0.0018457
0.0018331
0.0018121
0.0017784
0.0017389
0.0017086
0.0016945
0.001694
0.001705
0.0017242
0.0017447
0.0017663
0.0017971
0.0018421
0.001897
0.0019554
0.0020115
0.0020545
0.0020725
0.0020671
0.0020528
0.0020378
0.002022
0.0020062
0.0019879
0.0019582
0.0019158
0.0018739
0.0018463
0.0018352
0.0018331
0.0018306
0.001817
0.0017858
0.0017452
0.0017127
0.0016971
0.0016963
0.0017056
0.0017146
0.0017095
0.0016878
0.0016614
0.0016405
0.0016247
0.0016094
0.0015911
0.0015651
0.0015285
0.0014914
0.0014725
0.0014789
0.0015038
0.0015383
0.0015723
0.0015931
0.0015968
0.0015928
0.0015924
0.001597
0.0016008
0.0016001
0.0015933
0.0015788
0.0015621
0.0015541
0.0015605
0.0015819
0.001619
0.0016636
0.0016972
0.0017087
0.0017022
0.0016891
0.0016779
0.0016717
0.0016678
0.0016572
0.0016318
0.0016005
0.0015851
0.0015957
0.0016253
0.0016624
0.0016936
0.0017078
0.0017051
0.0016956
0.0016856
0.0016734
0.0016556
0.0016327
0.0016071
0.001581
0.0015642
0.0015698
0.0015983
0.0016389
0.001682
0.0017174
0.0017352
0.0017358
0.001729
0.0017227
0.0017177
0.0017119
0.0017036
0.0016872
0.0016593
0.00163
0.0016157
0.0016224
0.0016466
0.0016826
0.0017171
0.0017321
0.0017241
0.0017072
0.0016939
0.0016848
0.0016761
0.0016639
0.0016403
0.001599
0.0015504
0.0015156
0.0015038
0.0015112
0.0015335
0.0015605
0.0015756
0.0015724
0.0015608
0.001553
0.0015514
0.0015523
0.0015513
0.001541
0.0015155
0.0014835
0.0014644
0.0014672
0.0014884
0.0015209
0.0015522
0.0015668
0.0015616
0.0015495
0.0015426
0.0015409
0.0015384
0.0015305
0.0015132
0.0014851
0.0014571
0.0014486
0.0014707
0.0015234
0.001601
0.001688
0.0017635
0.0018173
0.0018532
0.0018769
0.00189
0.0018906
0.0018732
0.0018286
0.0017546
0.0016689
0.0015985
0.0015567
0.0015424
0.0015506
0.0015687
0.0015787
0.0015739
0.0015632
0.0015572
0.0015573
0.0015579
0.0015523
0.001534
0.0015006
0.0014643
0.0014455
0.0014525
0.0014789
0.0015148
0.0015469
0.0015628
0.0015633
0.0015602
0.0015618
0.0015665
0.0015688
0.0015649
0.0015519
0.0015288
0.0015061
0.0014996
0.0015136
0.0015426
0.0015805
0.0016182
0.0016449
0.0016628
0.0016901
0.0017421
0.0018185
0.0019094
0.0020071
0.0021079
0.0022092
0.0023122
0.002422
0.0025353
0.0026374
0.0027129
0.002751
0.0027483
0.0027115
0.0026531
0.0025843
0.0025151
0.0024514
0.0023892
0.0023182
0.0022344
0.0021501
0.0020843
0.002044
0.0020242
0.0020185
0.0020169
0.0020067
0.0019908
0.00199
0.0020273
0.0021201
0.0022801
0.002509
0.0027901
0.0030965
0.0034142
0.003755
0.0041411
0.0045874
0.0050898
0.0056191
0.0061308
0.0065962
0.007017
0.0074074
0.007771
0.008097
0.0083697
0.0085768
0.0087189
0.008817
0.0089012
0.0089862
0.00907
0.0091557
0.0092586
0.009384
0.0095104
0.0096016
0.0096335
0.0095989
0.0094866
0.0092779
0.0089681
0.0085723
0.0081123
0.0076126
0.0071073
0.0066384
0.0062356
0.0059012
0.0056356
0.0054606
0.0053889
0.005394
0.0054256
0.0054408
0.0054123
0.005322
0.0051613
0.00494
0.004677
0.0043811
0.0040587
0.0037309
0.0034229
0.0031495
0.0029199
0.0027391
0.002602
0.0024953
0.0024079
0.0023342
0.0022676
0.0022028
0.0021471
0.0021134
0.0021016
0.0021016
0.0021081
0.0021148
0.0021096
0.0020893
0.0020634
0.0020417
0.0020279
0.0020243
0.0020321
0.0020448
0.0020493
0.0020421
0.0020346
0.0020396
0.0020645
0.0021106
0.0021631
0.0021973
0.0022047
0.0022031
0.002218
0.002263
0.0023334
0.0024092
0.0024644
0.0024844
0.0024804
0.002478
0.0024903
0.0025143
0.0025423
0.0025623
0.002561
0.0025411
0.0025251
0.002534
0.0025704
0.0026218
0.0026725
0.0027087
0.0027241
0.0027302
0.00275
0.0027939
0.0028504
0.0028986
0.0029187
0.002898
0.0028401
0.0027613
0.0026759
0.00259
0.0025044
0.0024186
0.0023301
0.0022405
0.0021666
0.0021337
0.0021504
0.0022059
0.0022821
0.002356
0.0024027
0.0024142
0.0024021
0.0023812
0.0023556
0.0023212
0.0022732
0.0022082
0.0021285
0.0020514
0.002001
0.0019873
0.0020049
0.0020433
0.0020842
0.0021059
0.0021034
0.0020897
0.0020776
0.0020699
0.0020633
0.0020518
0.0020269
0.0019856
0.0019421
0.0019192
0.0019259
0.0019575
0.0020057
0.0020556
0.0020878
0.002096
0.0020912
0.0020856
0.0020817
0.0020765
0.0020643
0.0020381
0.0019969
0.0019578
0.0019477
0.0019784
0.0020396
0.002112
0.0021738
0.0022085
0.0022191
0.0022225
0.0022267
0.0022234
0.0022017
0.0021614
0.0021104
0.0020571
0.0020118
0.0019838
0.0019728
0.0019739
0.0019857
0.0020014
0.0020061
0.0019921
0.0019648
0.0019331
0.0019044
0.0018844
0.0018754
0.0018705
0.0018581
0.0018389
0.0018264
0.0018294
0.0018476
0.0018791
0.0019168
0.001948
0.0019652
0.0019712
0.0019722
0.0019731
0.0019744
0.0019713
0.0019536
0.0019145
0.0018621
0.0018144
0.0017811
0.0017649
0.0017653
0.0017703
0.0017617
0.001736
0.0017064
0.0016845
0.0016722
0.0016663
0.0016623
0.001651
0.0016246
0.0015924
0.0015748
0.0015792
0.0016006
0.0016339
0.0016683
0.0016883
0.0016902
0.0016837
0.0016792
0.0016806
0.0016865
0.0016934
0.0016934
0.0016787
0.0016558
0.0016421
0.0016449
0.0016625
0.0016947
0.0017344
0.0017648
0.0017762
0.0017737
0.001766
0.0017573
0.0017484
0.0017387
0.0017224
0.0016901
0.0016456
0.0016071
0.0015874
0.0015894
0.0016123
0.0016458
0.0016724
0.0016842
0.0016887
0.0016973
0.001715
0.0017406
0.0017696
0.0017924
0.0018002
0.0017988
0.001805
0.0018255
0.0018547
0.0018868
0.0019137
0.0019238
0.001914
0.0018943
0.0018746
0.0018567
0.0018385
0.0018212
0.0018056
0.0017886
0.0017724
0.0017675
0.0017797
0.0018061
0.0018415
0.0018758
0.0018957
0.0018987
0.0018945
0.0018915
0.0018898
0.0018856
0.0018762
0.0018584
0.0018307
0.0018033
0.0017938
0.0018064
0.0018316
0.0018607
0.0018866
0.0019012
0.0019051
0.0019079
0.0019161
0.001927
0.001933
0.0019288
0.0019122
0.0018846
0.0018567
0.0018418
0.001841
0.0018483
0.0018613
0.0018751
0.0018808
0.0018787
0.0018783
0.0018841
0.0018916
0.0018953
0.0018921
0.0018766
0.0018447
0.001806
0.0017798
0.0017744
0.0017866
0.0018139
0.0018508
0.0018842
0.001906
0.0019202
0.0019344
0.0019505
0.0019656
0.0019745
0.0019695
0.0019436
0.0019037
0.001869
0.0018524
0.0018563
0.0018791
0.0019102
0.0019325
0.0019375
0.0019302
0.0019182
0.0019042
0.0018874
0.0018657
0.0018325
0.0017815
0.0017208
0.0016705
0.0016415
0.0016337
0.0016454
0.0016669
0.0016813
0.0016816
0.0016757
0.0016731
0.0016747
0.0016761
0.001673
0.0016598
0.0016318
0.0015981
0.0015779
0.0015807
0.0016038
0.0016413
0.0016806
0.0017044
0.001708
0.0017017
0.0016965
0.0016935
0.0016882
0.0016761
0.001652
0.0016121
0.0015665
0.0015354
0.0015281
0.0015408
0.0015671
0.0015958
0.0016126
0.0016139
0.0016092
0.001608
0.0016112
0.0016142
0.0016125
0.0016003
0.0015736
0.0015412
0.0015202
0.0015175
0.0015308
0.0015578
0.0015902
0.0016136
0.0016226
0.0016243
0.0016279
0.0016359
0.0016454
0.0016512
0.0016447
0.0016191
0.0015833
0.0015572
0.0015506
0.0015621
0.0015883
0.0016203
0.001644
0.0016546
0.0016598
0.0016667
0.0016753
0.001682
0.0016839
0.0016757
0.0016514
0.0016171
0.0015892
0.0015776
0.0015835
0.0016053
0.0016321
0.0016474
0.001647
0.001641
0.0016398
0.0016471
0.0016612
0.0016782
0.0016891
0.0016864
0.0016781
0.001681
0.0017003
0.0017317
0.0017714
0.0018095
0.00183
0.0018291
0.0018186
0.0018098
0.001804
0.001797
0.0017858
0.0017651
0.0017308
0.0016931
0.0016705
0.0016688
0.0016817
0.0017037
0.0017258
0.0017359
0.0017336
0.0017305
0.0017344
0.0017429
0.0017502
0.0017531
0.0017468
0.0017265
0.001701
0.001689
0.0016977
0.0017219
0.0017563
0.0017923
0.0018165
0.0018246
0.001825
0.0018275
0.0018344
0.0018414
0.0018423
0.0018296
0.0017991
0.0017612
0.0017365
0.001735
0.0017523
0.0017796
0.0018048
0.0018175
0.0018192
0.0018199
0.0018242
0.0018298
0.001832
0.0018271
0.0018101
0.0017797
0.0017488
0.0017337
0.0017366
0.0017522
0.0017801
0.001814
0.0018382
0.0018461
0.0018473
0.0018549
0.0018729
0.0018975
0.0019203
0.0019276
0.0019091
0.0018744
0.0018453
0.0018344
0.001842
0.0018623
0.0018796
0.001876
0.0018538
0.0018328
0.0018256
0.0018269
0.0018266
0.0018211
0.0018062
0.0017768
0.0017412
0.0017174
0.0017106
0.0017161
0.0017328
0.0017559
0.0017722
0.0017744
0.0017685
0.0017651
0.0017691
0.0017781
0.0017881
0.0017909
0.0017767
0.0017525
0.0017401
0.0017513
0.0017829
0.0018284
0.0018757
0.0019081
0.0019162
0.0019052
0.0018897
0.0018786
0.0018694
0.0018562
0.0018316
0.0017889
0.0017343
0.0016863
0.0016591
0.001657
0.0016757
0.001699
0.0017102
0.001709
0.0017095
0.0017234
0.0017498
0.0017797
0.0018029
0.0018087
0.0017913
0.0017639
0.0017481
0.0017501
0.0017614
0.0017737
0.0017764
0.0017593
0.001726
0.0016924
0.0016694
0.0016548
0.0016401
0.0016188
0.0015851
0.0015375
0.0014892
0.0014613
0.0014612
0.0014827
0.0015179
0.0015547
0.001578
0.0015849
0.0015853
0.0015885
0.0015951
0.0016005
0.0016007
0.0015898
0.0015625
0.0015281
0.0015055
0.0015035
0.0015197
0.0015498
0.0015848
0.0016105
0.0016212
0.001624
0.0016273
0.0016334
0.0016398
0.0016424
0.0016335
0.0016065
0.0015691
0.0015396
0.0015279
0.0015349
0.0015596
0.001593
0.0016183
0.0016285
0.0016312
0.0016351
0.0016415
0.0016478
0.0016513
0.0016443
0.0016192
0.0015826
0.0015535
0.0015419
0.0015476
0.0015686
0.0015964
0.0016148
0.0016175
0.001613
0.0016108
0.0016128
0.0016154
0.0016155
0.0016073
0.0015857
0.0015583
0.0015421
0.0015448
0.0015634
0.0015936
0.0016259
0.0016464
0.0016509
0.0016473
0.0016435
0.001641
0.0016374
0.0016306
0.0016163
0.0015896
0.0015576
0.0015361
0.0015322
0.001544
0.0015698
0.0016022
0.0016269
0.0016363
0.0016354
0.0016324
0.0016308
0.0016299
0.0016266
0.0016138
0.0015842
0.0015453
0.001516
0.0015072
0.0015186
0.0015468
0.0015811
0.0016061
0.001616
0.0016191
0.0016238
0.001631
0.0016372
0.0016384
0.001628
0.0016012
0.0015663
0.0015415
0.0015353
0.0015461
0.0015706
0.0015993
0.0016171
0.0016187
0.0016122
0.0016068
0.0016045
0.0016027
0.0015987
0.0015868
0.0015603
0.0015265
0.0015033
0.0014995
0.0015139
0.0015438
0.0015795
0.0016051
0.0016143
0.0016148
0.0016161
0.001621
0.0016277
0.0016349
0.0016391
0.0016357
0.0016322
0.001646
0.0016842
0.0017428
0.0018161
0.0018914
0.0019502
0.0019839
0.0019979
0.002001
0.0019964
0.0019833
0.0019606
0.0019242
0.001871
0.0018119
0.001767
0.0017456
0.0017447
0.0017598
0.0017807
0.0017928
0.0017926
0.0017902
0.0017943
0.0018031
0.0018096
0.0018088
0.0017954
0.001766
0.0017309
0.0017089
0.0017071
0.001721
0.001746
0.0017749
0.0017969
0.0018099
0.0018219
0.001838
0.001855
0.0018669
0.0018689
0.0018548
0.0018211
0.0017782
0.0017449
0.0017289
0.0017283
0.001741
0.0017589
0.0017671
0.0017606
0.0017481
0.0017392
0.0017345
0.0017294
0.0017197
0.0016999
0.001666
0.0016272
0.0016023
0.0016
0.0016167
0.0016463
0.0016774
0.0016953
0.0016971
0.0016934
0.0016946
0.0017021
0.0017116
0.0017177
0.0017136
0.0016946
0.0016693
0.001655
0.0016583
0.001675
0.0016998
0.0017232
0.0017321
0.0017241
0.0017098
0.0016996
0.0016967
0.0017
0.001705
0.0017021
0.0016824
0.0016523
0.001629
0.0016218
0.0016298
0.0016496
0.0016698
0.0016741
0.001661
0.0016462
0.0016448
0.0016599
0.0016856
0.0017127
0.0017302
0.0017302
0.0017208
0.0017209
0.0017383
0.0017678
0.0018014
0.0018266
0.0018303
0.0018124
0.0017862
0.0017627
0.001744
0.0017267
0.001707
0.0016784
0.0016355
0.0015875
0.0015538
0.0015433
0.0015521
0.0015748
0.0016014
0.0016177
0.0016192
0.0016144
0.0016138
0.0016197
0.0016279
0.0016323
0.0016247
0.0015995
0.0015664
0.0015438
0.0015392
0.0015498
0.0015726
0.0015983
0.0016106
0.0016035
0.0015879
0.001577
0.0015733
0.0015718
0.001567
0.0015524
0.0015213
0.0014821
0.0014557
0.0014541
0.0014757
0.0015134
0.0015546
0.0015839
0.0015971
0.0016024
0.001608
0.0016156
0.0016219
0.0016225
0.00161
0.0015794
0.0015415
0.0015173
0.0015161
0.0015346
0.0015675
0.0016032
0.0016254
0.0016293
0.0016247
0.0016222
0.0016231
0.0016222
0.0016148
0.0015954
0.0015605
0.0015203
0.001495
0.0014946
0.0015161
0.0015534
0.0015938
0.0016208
0.0016302
0.0016318
0.0016357
0.0016431
0.0016494
0.0016489
0.0016341
0.0016011
0.0015611
0.0015349
0.0015315
0.0015466
0.0015737
0.0016015
0.001616
0.0016153
0.0016101
0.0016093
0.0016128
0.0016152
0.0016125
0.0015994
0.0015716
0.0015378
0.0015158
0.0015133
0.001528
0.0015561
0.0015864
0.0016018
0.0015981
0.0015877
0.0015844
0.0015909
0.0016011
0.001607
0.0015997
0.0015743
0.0015434
0.0015287
0.0015376
0.0015623
0.0015932
0.0016184
0.0016249
0.0016122
0.0015926
0.0015793
0.0015835
0.00162
0.0017054
0.0018473
0.0020432
0.0022951
0.0026109
0.0029914
0.0034342
0.003941
0.0045033
0.0050902
0.0056644
0.0061995
0.0066796
0.0070932
0.0074331
0.0076948
0.0078706
0.0079508
0.0079356
0.0078379
0.0076722
0.0074517
0.0071927
0.0069067
0.0065964
0.0062656
0.0059228
0.0055737
0.0052182
0.0048581
0.0044984
0.0041429
0.0037948
0.0034664
0.0031749
0.0029277
0.0027207
0.0025473
0.0023962
0.0022537
0.002118
0.0019994
0.0019055
0.0018339
0.0017784
0.0017334
0.0016932
0.0016536
0.0016199
0.0016036
0.0016076
0.0016258
0.001651
0.0016724
0.0016766
0.0016618
0.0016382
0.0016152
0.0015963
0.0015813
0.0015664
0.0015444
0.0015104
0.001474
0.0014523
0.001452
0.0014686
0.0014965
0.0015255
0.0015415
0.0015413
0.0015348
0.0015318
0.0015328
0.0015337
0.0015303
0.0015172
0.001491
0.0014608
0.0014435
0.0014467
0.0014668
0.001497
0.0015252
0.0015376
0.0015334
0.0015243
0.0015193
0.0015178
0.0015149
0.0015061
0.0014866
0.0014542
0.0014206
0.0014043
0.0014106
0.0014324
0.0014631
0.0014953
0.0015217
0.0015481
0.0015952
0.0016845
0.0018284
0.0020299
0.0022846
0.0025819
0.0029104
0.0032692
0.003663
0.0040831
0.0045066
0.004907
0.005256
0.0055278
0.0057152
0.0058312
0.0058935
0.0059123
0.0058879
0.0058134
0.0056768
0.0054702
0.0052051
0.0049138
0.0046367
0.004412
0.0042664
0.0042015
0.0041987
0.0042424
0.0043285
0.0044528
0.0046052
0.0047744
0.0049473
0.0051015
0.0052115
0.0052704
0.0052971
0.005324
0.0053849
0.0055045
0.005681
0.005886
0.0060836
0.0062408
0.006329
0.0063351
0.0062726
0.0061735
0.0060631
0.0059508
0.0058394
0.0057304
0.0056201
0.005511
0.0054188
0.0053537
0.0053
0.0052248
0.0050997
0.0049128
0.0046718
0.0043965
0.0041047
0.0038071
0.0035162
0.0032555
0.003048
0.0028961
0.0027864
0.0027068
0.0026446
0.0025842
0.00252
0.0024585
0.0024038
0.0023496
0.0022867
0.0022102
0.0021183
0.0020142
0.0019132
0.0018388
0.0018042
0.0018074
0.0018379
0.0018776
0.0019067
0.0019208
0.0019325
0.0019542
0.0019867
0.0020222
0.0020521
0.0020701
0.0020748
0.002075
0.0020841
0.0021035
0.0021239
0.0021374
0.0021377
0.0021186
0.0020824
0.0020405
0.002002
0.0019691
0.0019393
0.001908
0.0018692
0.0018208
0.0017743
0.0017482
0.001748
0.0017648
0.0017872
0.001803
0.0018014
0.0017838
0.0017629
0.0017475
0.0017363
0.0017245
0.0017087
0.001685
0.0016506
0.0016141
0.0015965
0.0016145
0.0016721
0.0017635
0.0018723
0.0019778
0.0020718
0.0021622
0.0022594
0.002364
0.0024662
0.0025516
0.0026082
0.0026372
0.002657
0.0026887
0.0027328
0.0027746
0.0028069
0.00283
0.0028417
0.0028407
0.0028293
0.0028049
0.0027571
0.0026797
0.0025805
0.0024732
0.0023637
0.0022536
0.0021484
0.0020536
0.0019736
0.0019141
0.0018747
0.0018465
0.0018248
0.0018128
0.0018145
0.0018294
0.0018539
0.0018818
0.0019031
0.0019103
0.0019103
0.0019201
0.0019484
0.0019911
0.0020399
0.0020827
0.0021067
0.0021117
0.0021092
0.0021081
0.0021053
0.0020922
0.0020621
0.0020115
0.0019431
0.001871
0.0018133
0.0017764
0.0017558
0.0017479
0.0017482
0.0017492
0.0017481
0.0017495
0.0017561
0.0017645
0.0017695
0.0017681
0.0017566
0.0017317
0.0017007
0.001678
0.0016704
0.0016766
0.001693
0.0017099
0.0017139
0.0017026
0.0016858
0.0016727
0.0016649
0.0016597
0.0016519
0.001633
0.001598
0.0015579
0.0015337
0.0015343
0.0015546
0.0015856
0.0016134
0.0016226
0.0016121
0.0015973
0.0015936
0.0016077
0.0016387
0.0016816
0.0017261
0.0017612
0.0017883
0.0018197
0.0018609
0.0019082
0.0019556
0.0019903
0.0019952
0.0019651
0.001912
0.001853
0.0018021
0.0017687
0.0017546
0.0017488
0.0017345
0.001709
0.001687
0.0016832
0.0017044
0.0017508
0.0018086
0.0018533
0.001872
0.0018729
0.0018722
0.0018788
0.0018911
0.0018993
0.0018892
0.001852
0.0017973
0.0017456
0.0017088
0.0016876
0.0016803
0.0016782
0.0016668
0.0016419
0.0016133
0.0015912
0.0015789
0.0015736
0.0015695
0.0015569
0.0015289
0.0014939
0.0014694
0.0014646
0.0014793
0.0015095
0.0015426
0.0015622
0.0015658
0.0015681
0.0015854
0.0016283
0.0017022
0.0018013
0.0019011
0.0019725
0.0020093
0.0020322
0.0020647
0.0021171
0.0021872
0.0022562
0.0022949
0.0022877
0.0022473
0.0022011
0.0021699
0.0021553
0.0021423
0.0021112
0.0020513
0.0019708
0.0018924
0.0018347
0.0018047
0.0017999
0.0018065
0.0018069
0.0017958
0.0017796
0.0017626
0.0017461
0.0017386
0.0017603
0.0018396
0.0020104
0.002304
0.0027194
0.0032105
0.0037226
0.0042241
0.0046948
0.0051119
0.0054533
0.005695
0.0058029
0.0057483
0.0055488
0.0052748
0.0050016
0.0047722
0.0045995
0.0044759
0.0043818
0.0043061
0.0042563
0.0042387
0.0042402
0.0042361
0.0042079
0.004153
0.0040923
0.0040638
0.0040934
0.0041707
0.0042656
0.0043637
0.0044677
0.0045722
0.0046547
0.0046875
0.0046411
0.004493
0.0042528
0.0039671
0.0036892
0.0034514
0.0032677
0.0031451
0.0030873
0.0030937
0.0031662
0.0032038
0.0033088
0.0034615
0.0036329
