39.961929
39.285099
38.542927
37.879498
36.679562
34.365078
33.580875
33.624382
33.840347
34.060635
34.247501
34.411606
34.522415
34.642906
34.72961
34.77808
34.814701
34.857014
34.908405
34.986259
35.082726
35.205475
35.353546
35.478699
35.669746
35.811749
35.976791
36.101357
36.354538
36.551235
36.162273
35.993092
36.105961
36.382492
36.737339
37.147709
37.383926
37.520962
37.558163
37.678455
37.823261
38.022884
38.23436
38.458652
38.662411
38.766159
38.804668
38.794575
38.868225
38.978195
39.124546
39.24567
39.361214
39.424797
39.417278
39.402199
39.350521
39.227154
39.039566
38.819492
38.575039
38.332737
38.003597
37.731621
37.382912
37.037243
36.688881
36.323959
35.926254
35.588726
35.223007
34.901562
34.686985
34.423317
34.175167
33.872238
33.577034
33.266434
32.995758
32.5695
32.25872
31.89563
31.591743
31.340559
31.089767
30.845078
30.589991
30.332956
30.046249
29.850721
29.54789
29.332481
29.034056
28.841909
28.599918
28.411234
28.118237
27.829062
27.432077
27.071178
26.721199
26.28805
25.884628
25.367422
25.046041
24.656885
24.487478
24.240458
23.987549
23.964512
24.077341
24.249807
24.405449
24.28454
24.102674
23.949341
23.802893
23.690035
23.501034
23.33474
23.134527
23.136595
23.132664
23.21394
23.279743
23.441362
23.644707
23.922329
24.228148
24.439163
24.628054
24.715904
24.889286
24.997242
25.143808
25.236485
25.352531
25.42696
25.559208
25.647949
25.731199
25.82276
25.836456
25.893696
25.994509
26.112843
26.181475
26.255247
26.230711
26.352875
26.354351
26.390909
26.41724
26.446692
26.514103
26.665998
26.79911
26.921797
27.096233
27.217505
27.574484
27.689323
27.554951
27.62459
27.9223
28.337585
28.978399
29.610973
30.11718
30.610592
31.038198
31.574457
32.080994
32.612022
33.071735
33.533318
33.900047
34.221798
34.448082
34.634338
34.803631
35.003456
35.174923
35.295105
35.455803
35.546219
35.635582
35.649212
35.640659
35.575821
35.516712
35.441959
35.383949
35.315689
35.164921
35.025692
34.84811
34.677536
34.447887
34.240253
33.99332
33.842609
33.633842
33.483932
33.282108
33.1175
32.939297
32.734497
32.603596
32.453087
32.308228
32.108189
31.950514
31.75136
31.642456
31.425043
31.256128
31.016598
30.780706
30.564161
30.395901
30.173683
29.980268
29.780403
29.493563
29.339317
28.990683
28.71909
28.363871
28.093346
27.760925
27.534147
27.184441
26.887411
26.48807
26.15626
25.703869
25.546242
25.654219
25.686728
25.721193
25.64027
25.52561
25.253052
25.062803
24.855247
24.764233
24.670618
24.663961
24.664381
24.660795
24.682495
24.750753
24.87434
25.0285
25.256155
25.38257
25.642693
25.829538
26.027363
26.164459
26.261387
26.343727
26.430277
26.549753
26.64422
26.743635
26.729864
26.821875
26.828253
26.876928
26.84647
26.886065
26.904987
26.993437
27.060522
27.155783
27.264868
27.255327
27.326899
27.382772
27.485975
27.544928
27.599867
27.566269
27.657906
27.728809
27.904299
28.087889
28.273699
28.404209
28.595417
28.81715
29.005249
29.284925
29.544239
29.845362
30.000385
30.419954
30.780573
31.137724
31.497112
31.951254
32.317749
32.659752
33.026875
33.351013
33.760735
34.109222
34.492317
34.740757
34.97813
35.172192
35.362148
35.510704
35.644131
35.739429
35.792652
35.865913
35.86544
35.897461
35.87434
35.835258
35.800064
35.733128
35.579197
35.423801
35.207127
35.017784
34.8428
34.570866
34.338177
34.058353
33.774342
33.495815
33.269569
32.970974
32.79108
32.580597
32.426025
32.252644
32.139778
31.938776
31.673269
31.398741
31.088173
30.851067
30.47933
30.169752
29.81352
29.615936
29.318457
29.122255
28.793169
28.430267
28.087372
27.795233
27.482546
27.127684
26.786745
26.332821
26.082424
25.635042
25.466768
24.995865
24.697697
24.754972
24.824568
24.875696
24.917234
24.862684
24.778137
24.707874
24.675303
24.674297
24.609186
24.563881
24.447294
24.441486
24.440121
24.551176
24.624022
24.807352
25.019846
25.281643
25.583399
25.828789
26.058678
26.15881
26.270918
26.260637
26.306358
26.296389
26.397242
26.444872
26.594706
26.693455
26.777889
26.859652
26.875868
26.944111
26.997662
27.018812
27.012348
27.105635
27.163649
27.359083
27.511217
27.672071
27.798843
27.929964
28.061064
28.265009
28.435019
28.606991
28.901518
29.190046
29.672131
29.953381
30.0268
30.188971
30.51973
30.767366
31.097437
31.464424
31.895639
32.316708
32.709198
33.164577
33.551975
33.909912
34.124355
34.39986
34.609489
34.839291
35.043427
35.256718
35.502098
35.638088
35.729168
35.715981
35.69981
35.664963
35.6884
35.683613
35.656929
35.55917
35.438587
35.266636
35.060616
34.771652
34.456238
34.134872
33.835815
33.679787
33.486988
33.397396
33.226299
33.036972
32.782276
32.585876
32.261189
31.982161
31.676851
31.444778
31.286402
31.163847
31.035343
30.863071
30.734413
30.508236
30.3932
30.169872
30.028524
29.846569
29.703947
29.514385
29.420809
29.225044
29.0382
28.794859
28.52557
28.273466
27.987036
27.776379
27.429661
27.207804
26.880646
26.734743
26.443026
26.152935
25.703844
25.482023
25.196888
24.859535
24.918734
24.973085
25.057087
25.11801
25.141596
25.034861
24.995592
24.88401
24.826138
24.744768
24.687468
24.601446
24.505615
24.44976
24.518688
24.639965
24.773453
25.00312
25.146626
25.410709
25.597328
25.795797
25.881245
25.982557
26.006411
26.143843
26.296448
26.397747
26.532085
26.605566
26.778082
26.857988
26.909864
26.928186
27.015633
27.03261
27.14353
27.168404
27.211262
27.217394
27.198404
27.234776
27.332203
27.459288
27.58173
27.754587
27.864061
28.100159
28.279495
28.506008
28.711412
28.861498
29.02169
29.361189
29.777439
29.900501
30.037033
30.357494
30.904551
31.345053
31.816763
32.283928
32.817108
33.242619
33.658623
34.031219
34.394901
34.751915
35.077053
35.382896
35.629494
35.837818
35.964672
36.106956
36.20739
36.27821
36.313332
36.339527
36.318169
36.302921
36.282417
36.198372
36.122845
36.007988
35.943905
35.844372
35.708485
35.478542
35.250038
34.978764
34.730766
34.455219
34.144543
33.871521
33.590858
33.359638
33.078545
32.868023
32.566727
32.293625
31.956606
31.735561
31.452276
31.220291
30.963839
30.724319
30.537968
30.380316
30.214222
30.014465
29.81089
29.525431
29.357893
29.055983
28.80283
28.387518
28.088934
27.771498
27.568909
27.309727
27.055464
26.788071
26.434057
26.140495
25.684067
25.321661
24.755955
24.38221
23.95192
23.930819
23.782803
23.699944
23.719086
23.799931
23.909418
24.07848
24.24291
24.251806
24.233669
24.192522
24.166412
24.095966
24.036058
23.884443
23.860655
23.853331
23.941483
24.086407
24.196083
24.349854
24.531858
24.790129
24.993425
25.284746
25.397873
25.534727
25.621498
25.767473
25.903976
26.008888
26.04838
26.146526
26.298193
26.414717
26.588186
26.652405
26.775528
26.801861
26.8748
26.919619
27.017365
27.064144
27.186913
27.288092
27.397686
27.543619
27.603069
27.706789
27.788626
27.828999
27.851017
27.980701
28.029037
28.227238
28.465118
28.862141
29.318871
29.490913
29.970131
30.631592
31.337122
31.97266
32.608337
33.101173
33.593132
34.017342
34.458912
34.878246
35.305405
35.659508
35.933754
36.197811
36.386341
36.568237
36.71595
36.894314
37.022152
37.165443
37.255009
37.31525
37.393734
37.402737
37.388222
37.333286
37.218121
37.04982
36.911198
36.70599
36.519268
36.221024
35.890518
35.592045
35.311398
34.999752
34.644562
34.339542
34.006058
33.748581
33.391357
33.08395
32.767956
32.427425
32.04681
31.774529
31.444172
31.17993
30.845661
30.519947
30.233908
29.951113
29.724777
29.426149
29.185459
28.786346
28.581783
28.285219
28.07955
27.683205
27.403093
27.074575
26.854364
26.60634
26.339993
26.0515
25.720757
25.48391
25.106333
24.89731
24.581463
24.236855
24.043922
24.141542
24.197262
24.290125
24.296112
24.272631
24.225677
24.223917
24.204887
24.174091
24.142069
24.078377
24.131273
24.197844
24.351339
24.483322
24.662575
24.792549
25.010197
25.145895
25.238535
25.341703
25.388889
25.553425
25.61796
25.762951
25.804083
25.889383
25.88599
26.003302
26.073689
26.193048
26.260744
26.343746
26.500883
26.539156
26.602419
26.602644
26.640505
26.686588
26.826582
26.924351
27.107685
27.213711
27.379421
27.545525
27.741253
27.847868
27.973936
28.156895
28.391916
28.77146
29.122185
29.543552
29.814547
30.378885
31.039629
31.749882
32.381706
32.983715
33.494755
33.959206
34.422104
34.808014
35.212387
35.581173
36.015984
36.34132
36.62421
36.825905
37.009102
37.161152
37.30143
37.394817
37.411274
37.441505
37.437141
37.433117
37.393974
37.285355
37.126728
36.986546
36.803234
36.645329
36.464306
36.217022
35.99123
35.692642
35.384769
35.072468
34.750427
34.38464
34.116512
33.796726
33.556522
33.263882
32.913246
32.556183
32.311775
32.028767
31.775644
31.565107
31.30871
31.126574
30.825853
30.591467
30.29911
30.044909
29.688286
29.451326
29.178019
28.93042
28.687805
28.427496
28.158579
27.831158
27.592373
27.232964
26.894897
26.329367
25.85445
25.360861
25.203873
24.600924
24.360676
24.365103
24.445549
24.508051
24.550957
24.544193
24.488142
24.44648
24.392401
24.380253
24.359005
24.363317
24.352215
24.438519
24.526913
24.671658
24.806746
24.87583
24.955652
25.009773
25.163319
25.222109
25.324249
25.291552
25.380224
25.424261
25.615089
25.738943
25.894709
26.060619
26.221212
26.379051
26.439365
26.555311
26.621042
26.742441
26.758472
26.864443
26.870455
26.959801
27.072201
27.236547
27.435545
27.66214
27.799126
27.894716
28.023884
28.113235
28.371553
28.601526
28.914457
29.108358
29.391897
29.673956
29.921728
29.92046
30.228508
30.734488
31.28944
31.888596
32.426712
32.974178
33.42091
33.916821
34.277813
34.71608
35.088226
35.451889
35.744057
35.970791
36.169849
36.271133
36.382977
36.461494
36.5881
36.682751
36.796204
36.854858
36.922836
36.950371
36.952801
36.905388
36.810577
36.692539
36.567291
36.450966
36.300499
36.163216
35.958527
35.811386
35.595581
35.349907
35.037632
34.734829
34.425449
34.139893
33.882526
33.632462
33.397053
33.070744
32.783798
32.459469
32.210705
31.86758
31.608721
31.313629
31.097443
30.895947
30.709484
30.425976
30.128508
29.825359
29.488914
29.239849
28.852877
28.50972
28.123486
27.870205
27.559269
27.333467
26.945808
26.592228
26.172535
25.71047
25.310339
24.835165
24.449924
24.013721
23.643511
23.389032
23.501253
23.569967
23.653418
23.701418
23.758238
23.7747
23.816969
23.822834
23.803976
23.768398
23.708843
23.633289
23.530405
23.51288
23.403255
23.505737
23.576717
23.740812
23.922247
24.103115
24.284184
24.521322
24.735476
24.87995
25.077759
25.091516
25.270903
25.357059
25.529318
25.636755
25.737314
25.869778
26.053787
26.185959
26.302147
26.429564
26.496624
26.656254
26.754679
26.906149
26.980827
27.088913
27.174593
27.375515
27.495089
27.669044
27.821423
27.967684
28.167086
28.278961
28.422476
28.522186
28.691099
28.818108
29.121992
29.303988
29.779383
30.240225
30.629841
30.967581
31.357527
31.751162
32.092163
32.5224
32.915943
33.426563
33.86121
34.25938
34.573837
34.854023
35.07785
35.326767
35.564285
35.788651
36.003422
36.148705
36.262779
36.280602
36.321636
36.311813
36.30777
36.27504
36.240456
36.161068
36.057083
35.897099
35.715626
35.558609
35.318447
35.092159
34.814232
34.57983
34.367149
34.136459
33.81488
33.56638
33.243202
32.948895
32.681293
32.347309
32.144733
31.849569
31.578123
31.303621
31.102179
30.786001
30.507477
30.123253
29.856007
29.549196
29.278547
29.035746
28.773827
28.494011
28.24482
28.074968
27.808449
27.573936
27.201572
26.992599
26.724213
26.524475
26.229153
25.901751
25.497704
25.039522
24.646441
24.321007
23.823183
23.651424
23.716995
23.763933
23.849522
23.867973
23.869577
23.781868
23.746965
23.714773
23.713482
23.692806
23.666573
23.671041
23.717848
23.875721
23.985279
24.199303
24.313536
24.554844
24.752731
25.004929
25.14513
25.251972
25.364016
25.430567
25.546909
25.572899
25.712191
25.746098
25.880114
25.95941
26.07913
26.1108
26.198856
26.273907
26.466776
26.623764
26.725761
26.877758
26.950228
27.118219
27.273558
27.434547
27.562403
27.716982
27.758913
27.905378
28.053745
28.115442
28.226
28.304354
28.407587
28.58213
28.830206
29.080996
29.571976
29.863422
29.972509
30.321018
30.914978
31.431814
31.89703
32.415901
32.927826
33.430443
33.814487
34.245808
34.659679
35.100105
35.455944
35.80582
36.083054
36.343243
36.579067
36.764851
36.912048
36.98875
37.061459
37.081131
37.123905
37.103279
37.086819
37.047161
37.012657
36.941738
36.845886
36.70763
36.493168
36.24559
35.944752
35.659832
35.327755
34.992069
34.63121
34.363987
34.026543
33.729481
33.377316
32.979599
32.70393
32.406963
32.126541
31.864553
31.627983
31.334774
31.102804
30.717003
30.443439
30.100985
29.774096
29.438824
29.185516
28.850636
28.625347
28.420494
28.121855
27.898506
27.594017
27.400358
27.109335
26.841612
26.448858
26.172298
25.782421
25.46063
25.018461
24.566965
24.131737
23.613104
23.252869
22.797012
22.538658
22.082443
21.901281
21.907909
22.023983
22.089743
22.204105
22.339148
22.430336
22.494198
22.556543
22.541908
22.510786
22.472191
22.389725
22.474325
22.510134
22.65848
22.784229
23.033611
23.291922
23.626747
23.919418
24.132975
24.346132
24.456072
24.610819
24.687326
24.837521
24.907986
25.082371
25.205793
25.438658
25.568592
25.687984
25.802185
25.876497
26.006271
26.090376
26.198586
26.286545
26.434973
26.513275
26.687634
26.758188
26.757175
26.790554
26.831736
26.913923
27.028646
27.091581
27.21319
27.487885
27.8022
28.348059
28.895239
29.470631
29.962519
30.42338
30.597713
31.000612
31.551594
32.098289
32.678123
33.254059
33.842533
34.265667
34.658833
34.97496
35.330227
35.642704
35.96616
36.226631
36.433517
36.620853
36.756836
36.868431
36.901958
36.984127
37.012871
37.077271
37.116833
37.138462
37.152893
37.153286
37.103123
37.025623
36.916744
36.738613
36.570354
36.368393
36.24329
36.079147
35.863811
35.621601
35.386402
35.194183
34.962814
34.714142
34.416893
34.128338
33.836292
33.601177
33.319324
33.086529
32.790104
32.514145
32.21804
31.939339
31.524214
31.160442
30.813026
30.486416
30.232979
29.955395
29.776644
29.551695
29.287069
28.928375
28.6668
28.263668
27.898531
27.439369
27.027601
26.640619
26.261639
25.918959
25.44883
25.073248
24.58823
24.330481
23.773886
23.897251
23.970913
24.064434
24.181581
24.259779
24.203449
24.118141
24.042688
24.005777
24.002829
24.00173
24.022882
24.024254
24.058136
24.079235
24.170677
24.274269
24.425159
24.538527
24.736252
24.966253
25.163265
25.387411
25.473673
25.643381
25.724709
25.892569
25.996243
26.132193
26.216484
26.371418
26.503374
26.655308
26.826296
26.947487
27.128536
27.163845
27.255754
27.287977
27.364449
27.382706
27.414749
27.418047
27.536259
27.632751
27.708191
27.779955
27.895906
28.160772
28.479248
28.922886
29.307175
29.788692
30.229267
30.404684
30.364523
30.644747
30.925215
31.308222
31.784393
32.381882
33.011879
33.472019
33.914761
34.268017
34.665577
35.008503
35.366894
35.619263
35.848518
36.021046
36.144997
36.230202
36.24667
36.317356
36.343838
36.377842
36.36528
36.344219
36.33522
36.346863
36.273102
36.184376
36.032612
35.835735
35.669914
35.391521
35.193375
34.969837
34.725754
34.492466
34.32037
34.054878
33.840771
33.559689
33.290218
33.069477
32.80703
32.522591
32.218304
31.869982
31.525709
31.300245
30.999531
30.802933
30.428411
30.151262
29.831543
29.560722
29.217394
28.907099
28.604689
28.350132
28.155708
27.934296
27.82025
27.524897
27.219629
26.719215
26.32876
25.763796
25.272572
24.821423
24.557663
24.124371
24.231033
24.337109
24.454868
24.524164
24.450336
24.359728
24.234118
24.173609
24.084749
24.043293
23.993324
23.999077
24.007944
24.047661
24.099756
24.193951
24.340111
24.47592
24.661432
24.771231
24.949009
25.06213
25.240316
25.256237
25.312445
25.231287
25.301996
25.419527
25.576273
25.74929
25.856926
26.046709
26.170618
26.29636
26.341148
26.474632
26.508001
26.654882
26.751474
26.857309
26.939137
27.011765
27.046158
27.168747
27.193529
27.233685
27.331728
27.344738
27.465065
27.615616
27.865198
28.20293
28.637362
29.013422
29.599041
29.990349
30.062296
30.326227
30.624193
30.987581
31.41284
31.948418
32.448009
33.065952
33.542732
34.028595
34.412273
34.782715
35.081043
35.346691
35.543961
35.648994
35.723087
35.742752
35.77248
35.807713
35.858677
35.893093
35.955036
35.966133
35.953602
35.902035
35.802792
35.678268
35.508453
35.3396
35.184982
35.039921
34.798836
34.554047
34.270229
34.013233
33.746567
33.455406
33.143017
32.897404
32.66153
32.454456
32.252182
31.994591
31.765919
31.474468
31.253611
31.019836
30.834183
30.575544
30.38319
30.134312
29.858694
29.562622
29.277369
28.974745
28.636299
28.385643
28.132252
27.956036
27.621361
27.342222
26.928865
26.668053
26.254124
25.886436
25.446136
29.507006
29.084631
28.682871
28.372242
27.98859
27.659859
27.243937
26.884417
26.454443
26.172703
25.770733
25.455297
25.002188
24.633383
24.289507
23.836048
23.423639
23.000187
22.608833
22.289272
22.405704
22.485619
22.610683
22.691494
22.736265
22.680668
22.663986
22.627327
22.589378
22.515917
22.395901
22.298111
22.226089
22.254414
22.214458
22.366543
22.52581
22.731451
22.94533
23.215611
23.37431
23.592331
23.755472
23.893822
24.031818
24.061476
24.180857
24.253895
24.39736
24.484119
24.611185
24.673092
24.777521
24.830286
24.937258
25.004467
25.034807
25.081438
25.112789
25.22788
25.268873
25.315643
25.310577
25.383711
25.357639
25.375673
25.34321
25.37645
25.452663
25.627247
25.87788
26.035566
26.071661
26.209042
26.500832
26.747576
27.08745
27.382116
27.74382
28.102356
28.562986
29.027187
29.529543
29.963654
30.249765
30.566372
30.821711
31.099709
31.326101
31.602381
31.880589
32.207253
32.438725
32.659874
32.851852
33.02919
33.209476
33.312866
33.459503
33.529316
33.605114
33.621628
33.613384
33.571865
33.484901
33.323956
33.159271
32.992657
32.778667
32.55761
32.282986
32.024532
31.745136
31.527884
31.221128
30.999186
30.672178
30.420338
30.149025
29.884996
29.585054
29.341398
29.141212
28.967743
28.820988
28.562426
28.341282
28.001442
27.731258
27.343983
27.102503
26.708841
26.472364
26.160074
25.943701
25.770411
25.490458
25.10523
24.57807
24.157814
23.730097
23.516226
23.162046
23.163109
22.914991
22.840414
22.879074
22.930305
22.927471
22.89489
22.791229
22.711447
22.645079
22.517591
22.394016
22.148443
22.154448
22.147991
22.210262
22.238693
22.308472
22.296272
22.489935
22.638422
22.792183
22.954025
23.006126
23.252258
23.398308
23.533514
23.565992
23.675251
23.718441
23.932697
24.062891
24.242802
24.382875
24.484133
24.619196
24.706026
24.77396
24.780216
24.827353
24.824673
24.91399
24.938681
25.074053
25.166729
25.260197
25.342739
25.47822
25.60099
25.720869
25.809067
25.875439
26.069357
26.261543
26.544405
26.604374
26.75975
27.042362
27.522396
27.970137
28.465214
28.953415
29.397526
29.871078
30.303616
30.730204
31.083544
31.454865
31.760073
32.0256
32.250343
32.475803
32.687725
32.898006
33.131134
33.353199
33.588844
33.720989
33.852814
33.943188
33.995949
33.976151
33.935596
33.878456
33.832397
33.788177
33.660511
33.541828
33.417206
33.253376
33.068714
32.866127
32.573906
32.350555
32.094677
31.904316
31.734901
31.514471
31.330889
31.123505
30.906687
30.668646
30.483496
30.176823
29.959085
29.669003
29.463816
29.27235
29.153435
28.964586
28.819826
28.631931
28.455482
28.309874
28.051319
27.833683
27.523232
27.290337
26.966862
26.745491
26.383848
26.051205
25.586962
25.227947
24.804285
24.344475
23.80687
23.103283
22.81074
22.467527
22.231827
22.354746
22.457901
22.563028
22.736286
22.744486
22.741993
22.677254
22.628126
22.565918
22.530169
22.488821
22.403549
22.368073
22.298729
22.403877
22.489344
22.684889
22.882498
23.151085
23.373953
23.649433
23.897926
24.05584
24.167595
24.186405
24.300129
24.343065
24.444706
24.49996
24.611805
24.644102
24.749681
24.796021
24.89546
24.948997
24.994192
25.071518
25.123907
25.17227
25.159321
25.213181
25.23848
25.378845
25.487036
25.653292
25.812271
25.998425
26.13485
26.374575
26.653284
26.898548
26.952051
26.957193
27.282522
27.699257
28.177095
28.628347
29.124483
29.581335
30.099424
30.524263
30.889252
31.233183
31.517599
31.847618
32.10746
32.297749
32.465824
32.687164
32.86879
33.085484
33.242306
33.428234
33.593365
33.704281
33.813511
33.854084
33.932709
33.944027
33.951187
33.952084
33.939331
33.866783
33.795799
33.674072
33.605827
33.513626
33.327057
33.17767
33.003922
32.874134
32.740524
32.60799
32.361309
32.166176
31.863956
31.611387
31.331301
30.945761
30.647362
30.37442
30.136007
29.918781
29.722992
29.468365
29.277176
28.944603
28.734766
28.465611
28.265297
28.000286
27.738195
27.48197
27.285019
27.081133
26.815647
26.558853
26.265791
26.070667
25.735584
25.464571
25.013193
24.645399
24.164825
23.85174
23.44589
23.094255
22.725929
22.405144
22.376818
22.140223
22.142017
22.213573
22.300426
22.358183
22.437929
22.458349
22.489164
22.470005
22.4499
22.40761
22.349762
22.331871
22.305048
22.400404
22.492113
22.713045
22.911652
23.184944
23.406042
23.679419
23.865728
24.076544
24.222683
24.301941
24.402802
24.476814
24.647913
24.787464
24.955418
25.043447
25.188686
25.22296
25.351343
25.396526
25.433613
25.454268
25.418179
25.474842
25.608189
25.709942
25.781933
25.898624
25.910166
26.028236
26.064053
26.157133
26.267757
26.418661
26.592327
26.894857
27.080149
27.206425
27.355299
27.34708
27.417379
27.657944
28.091515
28.594418
29.094555
29.489594
30.021095
30.508595
30.96244
31.354652
31.710575
32.115822
32.433613
32.71719
32.91713
33.183739
33.415924
33.656403
33.847713
34.017067
34.14883
34.241989
34.308262
34.34436
34.430023
34.470963
34.540512
34.609791
34.682396
34.641174
34.579136
34.447624
34.266678
34.059807
33.793339
33.584454
33.321873
33.111431
32.909145
32.707874
32.418694
32.14962
31.830133
31.560198
31.275303
30.972057
30.703686
30.422798
30.158684
29.874689
29.612667
29.267982
28.99666
28.627583
28.375597
28.067551
27.806036
27.482407
27.149826
26.822365
26.507753
26.257635
25.944372
25.676207
25.1905
24.864845
24.371725
23.972191
23.589239
23.366592
22.915634
22.959583
23.028339
23.055874
23.071476
23.06724
23.066673
23.045073
23.050611
23.016579
23.008163
22.952187
22.983715
23.050657
23.18325
23.306583
23.392923
23.577288
23.800217
24.109257
24.284
24.503334
24.62693
24.80995
24.913471
25.080502
25.207687
25.329895
25.441038
25.56064
25.637249
25.65106
25.737455
25.744019
25.869518
25.916752
25.988056
26.013216
26.04257
25.984587
26.026457
26.083387
26.197426
26.31908
26.370461
26.483932
26.659357
26.888601
27.05069
27.349781
27.607672
27.885963
27.913208
28.106585
28.386778
28.647743
28.951614
29.338787
29.779757
30.155741
30.591728
30.979975
31.461601
31.915083
32.355305
32.715847
33.03648
33.267342
33.525299
33.791016
33.997726
34.20565
34.371986
34.57711
34.706802
34.810734
34.873245
34.943588
35.032516
35.03223
34.980976
34.916367
34.823593
34.698559
34.584114
34.353451
34.196407
33.934322
33.668571
33.406723
33.113079
32.808357
32.507908
32.205532
31.886099
31.621109
31.253172
30.92662
30.488375
30.120527
29.73358
29.418457
29.088505
28.795927
28.485853
28.264339
28.084261
27.822355
27.622623
27.26652
27.008339
26.659876
26.403393
26.081736
25.801548
25.380299
25.016235
24.569729
24.206486
23.933645
23.168715
22.854826
22.958044
23.046366
23.160442
23.420578
23.619707
23.797701
23.811945
23.865946
23.810692
23.770191
23.71582
23.662218
23.648842
23.64954
23.685638
23.702156
23.839327
23.936245
24.179117
24.335049
24.530544
24.662575
24.768501
24.922279
25.054974
25.166437
25.215759
25.29125
25.392473
25.523808
25.53993
25.648144
25.661076
25.753937
25.846466
25.972044
26.091602
26.225168
26.315456
26.429239
26.550028
26.55191
26.605131
26.587734
26.672525
26.804558
27.025333
27.278271
27.669729
27.980764
28.231499
28.296251
28.541573
28.901087
29.152729
29.504774
29.872271
30.362206
30.76292
31.200291
31.601336
32.035896
32.443096
32.815815
33.123844
33.384537
33.634995
33.841862
34.09861
34.28159
34.48761
34.642677
34.813805
34.901855
35.035595
35.154819
35.237782
35.311974
35.349945
35.385853
35.359268
35.322803
35.232185
35.131474
34.946301
34.670597
34.299164
33.971241
33.669468
33.416809
33.170925
32.877766
32.721958
32.438118
32.160461
31.831152
31.499104
31.111115
30.881899
30.60763
30.425991
30.202282
29.921818
29.619106
29.269794
28.907326
28.491037
28.061777
27.416126
26.872517
26.177351
25.592024
24.904079
24.579985
23.812435
23.535133
23.677961
23.795753
23.951292
24.125118
24.211418
24.121817
24.107836
24.016676
23.969873
23.881994
23.813868
23.713205
23.705208
23.673252
23.671217
23.688019
23.70978
23.884386
24.031563
24.214645
24.32375
24.428623
24.47044
24.646776
24.700953
24.822477
24.931887
25.095064
25.348785
25.487078
25.618938
25.680136
25.810652
25.91522
26.067457
26.168331
26.335411
26.383621
26.483728
26.575562
26.763872
26.90938
27.008636
27.112419
27.229858
27.407904
27.517887
27.765944
27.943336
28.217024
28.486614
28.805243
29.058811
29.230263
29.196201
29.221243
29.476036
29.860519
30.309464
30.68071
31.182096
31.590458
32.026237
32.346466
32.717014
33.050339
33.355103
33.6614
33.907497
34.13657
34.314472
34.526787
34.715134
34.89661
35.008099
35.143261
35.229752
35.29641
35.292309
35.24118
35.212727
35.17802
35.137829
35.069798
34.962399
34.748077
34.597828
34.386734
34.180088
33.918568
33.593559
33.384594
33.170345
32.922379
32.683449
32.437412
32.134193
31.897558
31.504152
31.218651
30.871016
30.496172
30.118681
29.810581
29.553673
29.354256
29.134035
28.831823
28.588545
28.229959
27.941313
27.552778
27.221081
26.781134
26.457981
26.032871
25.692451
25.237307
25.200319
24.791567
24.785875
24.844742
24.76903
24.665552
24.425983
24.192533
23.848236
23.723452
23.538809
23.470509
23.346191
23.268082
23.253725
23.310318
23.37039
23.430496
23.597446
23.719315
23.938393
24.038427
24.185665
24.236183
24.33033
24.402235
24.593748
24.735874
24.823507
24.965864
25.037971
25.155811
25.217621
25.33839
25.412764
25.563046
25.666975
25.902952
26.063549
26.160425
26.227165
26.236443
26.328108
26.400946
26.432579
26.48292
26.566912
26.560677
26.662653
26.689857
26.836689
26.971182
27.116138
27.310999
27.586893
27.846199
28.149612
28.487474
28.478579
28.840363
29.298708
29.842508
30.371824
30.86841
31.299343
31.742546
32.110779
32.439144
32.809036
33.159607
33.542027
33.796436
34.03495
34.199947
34.397335
34.565228
34.694256
34.847275
34.966759
35.076103
35.156437
35.230659
35.266495
35.309963
35.295883
35.302475
35.309181
35.258831
35.154758
34.99749
34.810394
34.622887
34.456577
34.189945
33.962631
33.5695
33.28336
32.946056
32.63055
32.276123
31.966455
31.696901
31.500713
31.253452
30.95311
30.661345
30.319162
30.056356
29.701574
29.449356
29.146824
28.897806
28.585564
28.358395
28.151592
27.905233
27.612988
27.244507
26.951357
26.596054
26.33223
25.941971
25.579977
25.085686
24.786341
24.424496
24.144285
23.808222
23.622635
23.143473
22.744062
22.699448
22.741137
22.77169
22.756073
22.726088
22.662956
22.680216
22.661175
22.668877
22.634493
22.607428
22.612232
22.640591
22.69853
22.807304
23.035387
23.256042
23.595043
23.796658
24.060181
24.241493
24.418079
24.553181
24.646696
24.680267
24.744812
24.869923
24.991262
25.139696
25.237755
25.403486
25.479113
25.62315
25.741655
25.914278
26.082623
26.210854
26.294317
26.42136
26.549332
26.585655
26.621511
26.588802
26.635382
26.695511
26.819838
26.931683
27.161621
27.323835
27.593479
27.919378
27.933199
27.902418
28.149549
28.676691
29.342043
30.128035
30.801247
31.442965
31.916462
32.310715
32.631607
32.969868
33.328712
33.690254
34.048378
34.358356
34.62859
34.764877
34.899494
34.995071
35.078068
35.080189
35.042774
35.034431
35.019001
34.992802
34.929089
34.824886
34.661396
34.545586
34.411701
34.307777
34.146568
33.93523
33.711296
33.483593
33.214985
32.95874
32.64621
32.312683
32.06073
31.744732
31.515305
31.257551
30.992886
30.660854
30.404062
30.06822
29.814823
29.501507
29.203062
28.941265
28.672724
28.427116
28.118719
27.854984
27.469231
27.219368
26.89282
26.713728
26.469986
26.261776
25.929558
25.631195
25.287165
24.922323
24.512394
24.020405
23.665335
23.430836
23.176588
22.937252
23.031212
23.083454
23.149204
23.206881
23.325994
23.416197
23.48374
23.515327
23.534267
23.568081
23.584917
23.616999
23.617533
23.69141
23.695925
23.870718
23.976189
24.156813
24.330479
24.49892
24.736334
24.846403
24.942356
24.96423
25.090302
25.154358
25.318481
25.364235
25.520714
25.640728
25.775415
25.922699
26.053354
26.089169
26.172621
26.301678
26.361103
26.508945
26.539022
26.662449
26.785248
26.921276
27.056873
27.274038
27.42548
27.577059
27.71464
27.851742
28.119616
28.380989
28.729033
28.755909
28.900862
29.168829
29.586878
29.903046
30.304457
30.783455
31.295982
31.860823
32.317307
32.730534
33.071354
33.435581
33.689701
33.900734
34.030235
34.169357
34.283791
34.425762
34.558289
34.651485
34.749165
34.769077
34.811523
34.818344
34.793186
34.709045
34.621845
34.515575
34.432018
34.30727
34.099667
33.919922
33.673416
33.460217
33.239594
32.9953
32.677464
32.438118
32.179806
32.022095
31.766634
31.505556
31.245394
30.976593
30.721466
30.372322
30.056318
29.687368
29.400349
29.036684
28.800863
28.519888
28.335835
28.047489
27.81427
27.547792
27.339001
27.056904
26.704899
26.413555
26.072969
25.907589
25.661306
25.525877
25.29044
25.124722
24.811668
24.602003
24.229937
23.881033
23.396839
22.884485
22.46356
22.029722
21.702295
21.282248
21.107031
21.046783
21.188295
21.290129
21.418713
21.655722
22.087484
22.440895
22.670385
22.766209
22.760107
22.732101
22.707466
22.700159
22.671211
22.691967
22.656261
22.789503
22.917728
23.163628
23.476713
23.770952
24.036308
24.27523
24.45985
24.543575
24.624655
24.633867
24.773201
24.870621
25.065226
25.207142
25.370647
25.449265
25.592602
25.729631
25.87676
25.971275
26.024055
26.183178
26.306379
26.506645
26.641167
26.783901
26.873098
26.98448
27.014345
27.180363
27.323238
27.473709
27.689453
27.933804
28.315882
28.597637
28.888836
29.109074
29.311497
29.456968
29.920868
30.470715
30.996992
31.460379
31.934336
32.414429
32.841213
33.224735
33.524639
33.897053
34.191967
34.498314
34.715691
34.956459
35.162987
35.343998
35.523357
35.684551
35.844208
35.936359
35.9991
35.997906
35.98243
35.919994
35.85067
35.756443
35.643387
35.495689
35.298008
35.037437
34.740242
34.468838
34.096352
33.785454
33.423683
33.090855
32.777256
32.504295
32.168427
31.807165
31.449423
31.094969
30.802015
30.447006
30.121687
29.77725
29.499128
29.167164
28.978422
28.704691
28.543869
28.29265
28.030048
27.810463
27.606501
27.392778
27.128714
26.866917
26.596764
26.431881
26.164434
26.020775
25.756504
25.603672
25.361227
25.161928
24.895317
24.565363
24.158829
23.706852
23.403728
23.100853
23.003277
22.849989
22.735235
22.706881
22.778986
22.841106
22.953657
23.037922
23.114948
23.171257
23.19886
23.214308
23.192764
23.178328
23.177803
23.321066
23.451607
23.664738
23.778959
23.967497
24.154135
24.367964
24.611126
24.731915
24.82584
24.820625
24.934242
24.98304
25.10321
25.09346
25.188196
25.154272
25.253536
25.376835
25.472406
25.555479
25.646957
25.799925
25.936834
26.081964
26.087057
26.149065
26.142345
26.191988
26.156454
26.195618
26.175917
26.235876
26.330914
26.454649
26.741869
27.041176
27.427195
27.841108
28.111156
28.359655
28.919786
29.518663
30.206654
30.904581
31.593351
32.288532
32.87326
33.359947
33.743481
34.153008
34.487862
34.808949
35.054508
35.301193
35.486931
35.619354
35.710793
35.765602
35.839577
35.839188
35.844807
35.861042
35.831478
35.772495
35.698849
35.554104
35.40414
35.197765
34.939148
34.73597
34.432678
34.127316
33.77388
33.404282
33.051758
32.807907
32.519894
32.311413
32.038853
31.663404
31.33803
31.007273
30.674099
30.325375
29.974869
29.642115
29.447319
29.149048
28.971502
28.663242
28.399996
28.017786
27.652225
27.275129
26.930668
26.5819
26.241436
25.983438
25.793629
25.705862
25.438881
25.204462
24.8225
24.556086
24.125984
23.797127
23.51722
23.194113
22.818033
22.884859
22.958004
23.018349
23.113459
23.125814
23.130932
23.064453
23.046455