 -9.3719000e-001	
  1.1515500e-001	
  7.0027800e-001	
  3.4800100e-001	
  1.0405360e+000	
 -4.1140200e-001	
  1.0752080e+000	
 -7.4192300e-001	
  5.5193200e-001	
  3.5094200e-001	
  9.9315500e-001	
 -2.7561800e-001	
  1.1915950e+000	
 -1.0705440e+000	
 -2.4701200e-001	
  5.9341600e-001	
  4.3289700e-001	
  9.1566500e-001	
 -4.3950000e-002	
  1.2719950e+000	
 -1.2783460e+000	
 -9.0623600e-001	
 -5.3327400e-001	
  3.2999600e-001	
  6.8756100e-001	
  4.3716200e-001	
  9.3871400e-001	
 -1.0250900e-001	
  1.2669030e+000	
 -1.2778130e+000	
 -9.0585700e-001	
 -5.3215100e-001	
  3.3178500e-001	
  6.8624100e-001	
  4.4023800e-001	
  9.3453900e-001	
 -9.0637000e-002	
  1.2688610e+000	
 -1.2812010e+000	
 -9.1740900e-001	
 -5.6265600e-001	
  2.8156300e-001	
  7.2021400e-001	
  3.5827700e-001	
  1.0363570e+000	
 -3.9616600e-001	
  1.0911800e+000	
 -7.8579400e-001	
  4.6289400e-001	
  4.6428300e-001	
  8.3708600e-001	
  1.5828600e-001	
  1.2160500e+000	
 -1.0228010e+000	
 -9.9757000e-002	
  6.7922800e-001	
  3.2418300e-001	
  1.0566360e+000	
 -4.6581700e-001	
  1.0132110e+000	
 -5.7698000e-001	
  8.3789500e-001	
 -1.5598900e-001	
  1.2173030e+000	
 -1.1213540e+000	
 -3.9521700e-001	
  4.4491900e-001	
  6.0430100e-001	
  6.2222400e-001	
  6.3926200e-001	
  6.1454900e-001	
  6.6304000e-001	
  5.6889400e-001	
  7.4581600e-001	
  3.9192900e-001	
  1.0086930e+000	
 -3.0686600e-001	
  1.1707740e+000	
 -1.0110560e+000	
 -7.9896000e-002	
  6.8774600e-001	
  3.1383800e-001	
  1.0684320e+000	
 -5.0401400e-001	
  9.6488800e-001	
 -4.5461600e-001	
  1.0001200e+000	
 -5.3672200e-001	
  8.9673700e-001	
 -2.8681000e-001	
  1.1538580e+000	
 -9.4998500e-001	
  8.2697000e-002	
  7.0543000e-001	
  3.2812500e-001	
  1.0608970e+000	
 -4.7726500e-001	
  9.9937400e-001	
 -5.4142700e-001	
  8.8941100e-001	
 -2.6990100e-001	
  1.1648380e+000	
 -9.8055700e-001	
  3.3610000e-003	
  7.0581700e-001	
  3.0356000e-001	
  1.0827370e+000	
 -5.5018000e-001	
  9.0104500e-001	
 -3.0168800e-001	
  1.1428920e+000	
 -9.1918800e-001	
  1.5999800e-001	
  6.8840400e-001	
  3.8453900e-001	
  9.9950300e-001	
 -2.8324800e-001	
  1.1875300e+000	
 -1.0592920e+000	
 -2.1468000e-001	
  6.1769000e-001	
  4.0143900e-001	
  9.5969200e-001	
 -1.6898100e-001	
  1.2479310e+000	
 -1.2309600e+000	
 -7.4698900e-001	
 -1.5047700e-001	
  7.4420300e-001	
  1.7948400e-001	
  1.1781610e+000	
 -8.8944200e-001	
  2.4589700e-001	
  6.4851600e-001	
  4.8496800e-001	
  8.6528400e-001	
  9.7288000e-002	
  1.2463340e+000	
 -1.1455020e+000	
 -4.6314300e-001	
  3.5604800e-001	
  6.8357900e-001	
  4.5262100e-001	
  9.1826100e-001	
 -4.4699000e-002	
  1.2726810e+000	
 -1.2810140e+000	
 -9.1559100e-001	
 -5.5793500e-001	
  2.8951500e-001	
  7.1527300e-001	
  3.7059200e-001	
  1.0223080e+000	
 -3.5198200e-001	
  1.1332440e+000	
 -9.0353400e-001	
  1.9705000e-001	
  6.7458000e-001	
  4.2203400e-001	
  9.5301600e-001	
 -1.4492600e-001	
  1.2565000e+000	
 -1.2537860e+000	
 -8.2382300e-001	
 -3.2629400e-001	
  6.0379900e-001	
  3.9171000e-001	
  9.6632800e-001	
 -1.8979300e-001	
  1.2394680e+000	
 -1.2077330e+000	
 -6.7022500e-001	
  8.7990000e-003	
  7.9882400e-001	
  1.0927100e-001	
  1.2229310e+000	
 -1.0610030e+000	
 -2.0913800e-001	
  6.2046500e-001	
  3.9829100e-001	
  9.6405000e-001	
 -1.8166100e-001	
  1.2430140e+000	
 -1.2176150e+000	
 -7.0271800e-001	
 -5.6622000e-002	
  7.8469600e-001	
  1.2096600e-001	
  1.2149230e+000	
 -1.0301630e+000	
 -1.2125300e-001	
  6.7036800e-001	
  3.3447400e-001	
  1.0444890e+000	
 -4.2699800e-001	
  1.0580890e+000	
 -6.9547200e-001	
  6.4027200e-001	
  2.1743100e-001	
  1.1258950e+000	
 -7.0946600e-001	
  6.3309000e-001	
  2.2603600e-001	
  1.1183970e+000	
 -6.8332700e-001	
  6.8180900e-001	
  1.4419300e-001	
  1.1754340e+000	
 -8.9104600e-001	
  2.4108300e-001	
  6.5131700e-001	
  4.7842600e-001	
  8.7494700e-001	
  7.1782000e-002	
  1.2552710e+000	
 -1.1844510e+000	
 -5.8751300e-001	
  1.6142400e-001	
  7.8726500e-001	
  1.8072600e-001	
  1.1904530e+000	
 -9.2983200e-001	
  1.4671400e-001	
  6.9091500e-001	
  3.7570500e-001	
  1.0096590e+000	
 -3.1446500e-001	
  1.1644550e+000	
 -9.9267500e-001	
 -3.0230000e-002	
  7.0091800e-001	
  3.0313100e-001	
  1.0816320e+000	
 -5.4696000e-001	
  9.0565900e-001	
 -3.1239300e-001	
  1.1350730e+000	
 -8.9746400e-001	
  2.1290400e-001	
  6.6730100e-001	
  4.4046400e-001	
  9.2857800e-001	
 -7.5022000e-002	
  1.2706940e+000	
 -1.2830350e+000	
 -9.2344200e-001	
 -5.7875300e-001	
  2.5403100e-001	
  7.3603000e-001	
  3.1777300e-001	
  1.0794370e+000	
 -5.3592600e-001	
  9.2172700e-001	
 -3.5019200e-001	
  1.1048300e+000	
 -8.1396800e-001	
  4.0388800e-001	
  5.2743400e-001	
  7.3170500e-001	
  4.0868000e-001	
  9.8568400e-001	
 -2.3759900e-001	
  1.2166700e+000	
 -1.1436820e+000	
 -4.6620900e-001	
  3.5260400e-001	
  6.8607600e-001	
  4.4680100e-001	
  9.2634000e-001	
 -6.7307000e-002	
  1.2715600e+000	
 -1.2838010e+000	
 -9.2593600e-001	
 -5.8544200e-001	
  2.4238000e-001	
  7.4212000e-001	
  3.0167500e-001	
  1.0952250e+000	
 -5.8882200e-001	
  8.4317200e-001	
 -1.7196000e-001	
  1.2115530e+000	
 -1.1065930e+000	
 -3.5090200e-001	
  4.9563700e-001	
  5.5081100e-001	
  7.2394200e-001	
  4.3151400e-001	
  9.5649600e-001	
 -1.5138400e-001	
  1.2548650e+000	
 -1.2499750e+000	
 -8.1095400e-001	
 -2.9569800e-001	
  6.3430100e-001	
  3.4801700e-001	
  1.0207280e+000	
 -3.5423500e-001	
  1.1305430e+000	
 -8.9564800e-001	
  2.1610400e-001	
  6.6592500e-001	
  4.4399300e-001	
  9.2379500e-001	
 -6.1558000e-002	
  1.2718330e+000	
 -1.2830520e+000	
 -9.2316000e-001	
 -5.7802900e-001	
  2.5528800e-001	
  7.3535100e-001	
  3.1954900e-001	
  1.0776490e+000	
 -5.2999300e-001	
  9.3004400e-001	
 -3.6997400e-001	
  1.0873810e+000	
 -7.6634800e-001	
  5.0401000e-001	
  4.1445900e-001	
  9.1071600e-001	
 -3.6828000e-002	
  1.2713160e+000	
 -1.2737910e+000	
 -8.9016500e-001	
 -4.9148900e-001	
  3.9476500e-001	
  6.3437800e-001	
  5.5501900e-001	
  7.5904800e-001	
  3.5988900e-001	
  1.0463860e+000	
 -4.2492600e-001	
  1.0611280e+000	
 -7.0386900e-001	
  6.2473500e-001	
  2.4242900e-001	
  1.1051400e+000	
 -6.3714000e-001	
  7.6321600e-001	
 -6.6410000e-003	
  1.2289030e+000	
 -1.1162760e+000	
 -3.7583100e-001	
  4.6736800e-001	
  5.8144400e-001	
  6.6690200e-001	
  5.5177200e-001	
  7.7383700e-001	
  3.2717900e-001	
  1.0822860e+000	
 -5.4172700e-001	
  9.1383000e-001	
 -3.3163800e-001	
  1.1201720e+000	
 -8.5619100e-001	
  3.0976300e-001	
  6.0880800e-001	
  5.7402300e-001	
  7.2133900e-001	
  4.4374400e-001	
  9.4072900e-001	
 -1.0583600e-001	
  1.2665370e+000	
 -1.2775130e+000	
 -9.0489300e-001	
 -5.2961800e-001	
  3.3583800e-001	
  6.8321200e-001	
  4.4726000e-001	
  9.2490500e-001	
 -6.3451000e-002	
  1.2718350e+000	
 -1.2836260e+000	
 -9.2522200e-001	
 -5.8353700e-001	
  2.4571100e-001	
  7.4041500e-001	
  3.0621300e-001	
  1.0908520e+000	
 -5.7407600e-001	
  8.6586700e-001	
 -2.2183800e-001	
  1.1908630e+000	
 -1.0519680e+000	
 -1.9203200e-001	
  6.3278300e-001	
  3.8181100e-001	
  9.8574300e-001	
 -2.4582300e-001	
  1.2111230e+000	
 -1.1272920e+000	
 -4.1576700e-001	
  4.1980500e-001	
  6.2853900e-001	
  5.7285600e-001	
  7.2913200e-001	
  4.2757000e-001	
  9.6279700e-001	
 -1.6949700e-001	
  1.2486180e+000	
 -1.2335150e+000	
 -7.5559700e-001	
 -1.6935200e-001	
  7.3316900e-001	
  1.9664300e-001	
  1.1658140e+000	
 -8.4378000e-001	
  3.5299400e-001	
  5.7241900e-001	
  6.4716900e-001	
  5.8536600e-001	
  7.1443500e-001	
  4.6102500e-001	
  9.1676900e-001	
 -3.8345000e-002	
  1.2729720e+000	
 -1.2801460e+000	
 -9.1239000e-001	
 -5.4948100e-001	
  3.0358200e-001	
  7.0612900e-001	
  3.9300900e-001	
  9.9560000e-001	
 -2.6980500e-001	
  1.1967670e+000	
 -1.0860950e+000	
 -2.9241200e-001	
  5.5446500e-001	
  4.8187200e-001	
  8.4125800e-001	
  1.5376000e-001	
  1.2192780e+000	
 -1.0351670e+000	
 -1.3441600e-001	
  6.6415500e-001	
  3.4213200e-001	
  1.0353700e+000	
 -3.9814800e-001	
  1.0886800e+000	
 -7.7875900e-001	
  4.7755200e-001	
  4.4709400e-001	
  8.6341500e-001	
  9.0448000e-002	
  1.2475710e+000	
 -1.1518740e+000	
 -4.8326800e-001	
  3.2747100e-001	
  7.0488800e-001	
  4.0262800e-001	
  9.8451300e-001	
 -2.3618400e-001	
  1.2172580e+000	
 -1.1452590e+000	
 -4.7108900e-001	
  3.4572700e-001	
  6.9133500e-001	
  4.3459600e-001	
  9.4297800e-001	
 -1.1451100e-001	
  1.2645350e+000	
 -1.2730230e+000	
 -8.8946200e-001	
 -4.8950800e-001	
  3.9769600e-001	
  6.3172000e-001	
  5.6061000e-001	
  7.4951900e-001	
  3.8169300e-001	
  1.0208900e+000	
 -3.4459600e-001	
  1.1400220e+000	
 -9.2289000e-001	
  1.4959000e-001	
  6.9180500e-001	
  3.7484500e-001	
  1.0108290e+000	
 -3.1803200e-001	
  1.1616470e+000	
 -9.8460200e-001	
 -8.7220000e-003	
  7.0451300e-001	
  3.0250900e-001	
  1.0832370e+000	
 -5.5201200e-001	
  8.9836800e-001	
 -2.9549400e-001	
  1.1472670e+000	
 -9.3135800e-001	
  1.2978100e-001	
  6.9701200e-001	
  3.5877800e-001	
  1.0288940e+000	
 -3.7443800e-001	
  1.1123820e+000	
 -8.4468400e-001	
  3.3482700e-001	
  5.8964200e-001	
  6.1370000e-001	
  6.4961400e-001	
  5.9331100e-001	
  7.0205800e-001	
  4.8795300e-001	
  8.7728000e-001	
  6.8917000e-002	
  1.2565350e+000	
 -1.1897550e+000	
 -6.0476500e-001	
  1.3103600e-001	
  7.9453200e-001	
  1.5551800e-001	
  1.2044990e+000	
 -9.8449100e-001	
  4.4390000e-003	
  7.0462500e-001	
  3.0623600e-001	
  1.0800950e+000	
 -5.4137500e-001	
  9.1370700e-001	
 -3.3121600e-001	
  1.1205260e+000	
 -8.5717500e-001	
  3.0750900e-001	
  6.1046100e-001	
  5.7052600e-001	
  7.2743900e-001	
  4.3032400e-001	
  9.5898100e-001	
 -1.5840600e-001	
  1.2525650e+000	
 -1.2440080e+000	
 -7.9081000e-001	
 -2.4873600e-001	
  6.7613900e-001	
  2.8534900e-001	
  1.0888480e+000	
 -5.7422200e-001	
  8.6503100e-001	
 -2.1985800e-001	
  1.1918370e+000	
 -1.0546230e+000	
 -1.9957100e-001	
  6.2785300e-001	
  3.8825000e-001	
  9.7732300e-001	
 -2.2074900e-001	
  1.2249750e+000	
 -1.1670130e+000	
 -5.3919600e-001	
  2.4287100e-001	
  7.5566000e-001	
  2.7342900e-001	
  1.1220290e+000	
 -6.8050000e-001	
  6.8829600e-001	
  1.3259800e-001	
  1.1818740e+000	
 -9.1577600e-001	
  1.8045700e-001	
  6.7967600e-001	
  4.0739300e-001	
  9.7154600e-001	
 -1.9924400e-001	
  1.2358860e+000	
 -1.1981550e+000	
 -6.3903800e-001	
  6.8836000e-002	
  8.0165500e-001	
  1.2094000e-001	
  1.2200190e+000	
 -1.0475440e+000	
 -1.7028100e-001	
  6.4514300e-001	
  3.6622300e-001	
  1.0057760e+000	
 -3.0635300e-001	
  1.1703400e+000	
 -1.0094790e+000	
 -7.5565000e-002	
  6.8916200e-001	
  3.1240800e-001	
  1.0701100e+000	
 -5.0946900e-001	
  9.5765200e-001	
 -4.3677600e-001	
  1.0202130e+000	
 -5.8820100e-001	
  8.2169100e-001	
 -1.2170600e-001	
  1.2257700e+000	
 -1.1400280e+000	
 -4.5180000e-001	
  3.7222000e-001	
  6.7049400e-001	
  4.8227900e-001	
  8.7551800e-001	
  7.1540000e-002	
  1.2554900e+000	
 -1.1852950e+000	
 -5.9024800e-001	
  1.5666200e-001	
  7.8856500e-001	
  1.7642900e-001	
  1.1929910e+000	
 -9.3959100e-001	
  1.2193300e-001	
  6.9730800e-001	
  3.5584600e-001	
  1.0319150e+000	
 -3.8403400e-001	
  1.1030990e+000	
 -8.1877000e-001	
  3.9239200e-001	
  5.3880900e-001	
  7.1127600e-001	
  4.5336300e-001	
  9.2563000e-001	
 -6.3498000e-002	
  1.2720440e+000	
 -1.2843840e+000	
 -9.2788700e-001	
 -5.9067900e-001	
  2.3317100e-001	
  7.4668000e-001	
  2.8940800e-001	
  1.1067440e+000	
 -6.2801300e-001	
  7.7986300e-001	
 -3.9865000e-002	
  1.2317340e+000	
 -1.1359960e+000	
 -4.3716100e-001	
  3.9164700e-001	
  6.5410900e-001	
  5.1849200e-001	
  8.1986500e-001	
  2.1449800e-001	
  1.1815460e+000	
 -8.9012300e-001	
  2.4521700e-001	
  6.4877900e-001	
  4.8428500e-001	
  8.6628900e-001	
  9.4647000e-002	
  1.2473450e+000	
 -1.1498240e+000	
 -4.7672900e-001	
  3.3687400e-001	
  6.9810300e-001	
  4.1877500e-001	
  9.6391000e-001	
 -1.7513900e-001	
  1.2462300e+000	
 -1.2268660e+000	
 -7.3341200e-001	
 -1.2111100e-001	
  7.5944100e-001	
  1.5621500e-001	
  1.1936680e+000	
 -9.4791700e-001	
  1.0013600e-001	
  7.0158700e-001	
  3.4092700e-001	
  1.0477520e+000	
 -4.3462000e-001	
  1.0498730e+000	
 -6.7351300e-001	
  6.7989400e-001	
  1.5078800e-001	
  1.1721360e+000	
 -8.7822900e-001	
  2.7184100e-001	
  6.3307500e-001	
  5.2045600e-001	
  8.1069900e-001	
  2.3601100e-001	
  1.1652280e+000	
 -8.3005500e-001	
  3.8498100e-001	
  5.4348900e-001	
  7.0196100e-001	
  4.7319800e-001	
  8.9710600e-001	
  1.5240000e-002	
  1.2688070e+000	
 -1.2492460e+000	
 -8.0422100e-001	
 -2.8025300e-001	
  6.4877500e-001	
  3.2665100e-001	
  1.0452520e+000	
 -4.3157600e-001	
  1.0528150e+000	
 -6.8125900e-001	
  6.6608500e-001	
  1.7448500e-001	
  1.1572030e+000	
 -8.2242000e-001	
  4.0023700e-001	
  5.2900900e-001	
  7.2828100e-001	
  4.1615200e-001	
  9.7602900e-001	
 -2.0883900e-001	
  1.2317490e+000	
 -1.1867400e+000	
 -6.0216900e-001	
  1.3632800e-001	
  7.9333000e-001	
  1.5977700e-001	
  1.2022590e+000	
 -9.7566400e-001	
  2.7990000e-002	
  7.0620400e-001	
  3.1018300e-001	
  1.0771620e+000	
 -5.3133500e-001	
  9.2790600e-001	
 -3.6481300e-001	
  1.0920480e+000	
 -7.7904000e-001	
  4.7795000e-001	
  4.4647700e-001	
  8.6430700e-001	
  8.8106000e-002	
  1.2484240e+000	
 -1.1555560e+000	
 -4.9490700e-001	
  3.1042700e-001	
  7.1661700e-001	
  3.7417200e-001	
  1.0189790e+000	
 -3.4139300e-001	
  1.1425240e+000	
 -9.2992500e-001	
  1.3209300e-001	
  6.9659500e-001	
  3.6028600e-001	
  1.0272500e+000	
 -3.6925300e-001	
  1.1172880e+000	
 -8.5844300e-001	
  3.0349300e-001	
  6.1351600e-001	
  5.6408600e-001	
  7.3858500e-001	
  4.0551600e-001	
  9.9135500e-001	
 -2.5424500e-001	
  1.2069100e+000	
 -1.1155580e+000	
 -3.8018500e-001	
  4.6297500e-001	
  5.8586000e-001	
  6.5836800e-001	
  5.6893000e-001	
  7.4435600e-001	
  3.9498700e-001	
  1.0048860e+000	
 -2.9521800e-001	
  1.1794500e+000	
 -1.0361100e+000	
 -1.4909900e-001	
  6.5804400e-001	
  3.4903900e-001	
  1.0268540e+000	
 -3.7148800e-001	
  1.1148510e+000	
 -8.5149700e-001	
  3.1939000e-001	
  6.0173700e-001	
  5.8889500e-001	
  6.9500500e-001	
  5.0042400e-001	
  8.5790700e-001	
  1.1972000e-001	
  1.2373060e+000	
 -1.1073800e+000	
 -3.4561600e-001	
  5.0055500e-001	
  5.4553800e-001	
  7.3351100e-001	
  4.1040800e-001	
  9.8424400e-001	
 -2.3310900e-001	
  1.2191980e+000	
 -1.1509530e+000	
 -4.8881100e-001	
  3.2020300e-001	
  7.0981500e-001	
  3.9068900e-001	
  9.9925100e-001	
 -2.8069600e-001	
  1.1894690e+000	
 -1.0649790e+000	
 -2.3101100e-001	
  6.0579400e-001	
  4.1691600e-001	
  9.3839100e-001	
 -1.0773400e-001	
  1.2652680e+000	
 -1.2735850e+000	
 -8.9124500e-001	
 -4.9412100e-001	
  3.9080900e-001	
  6.3794000e-001	
  5.4748900e-001	
  7.7174100e-001	
  3.3043000e-001	
  1.0786650e+000	
 -5.2979600e-001	
  9.3064200e-001	
 -3.7147000e-001	
  1.0860060e+000	
 -7.6261500e-001	
  5.1158800e-001	
  4.0480500e-001	
  9.2406200e-001	
 -7.4007000e-002	
  1.2695510e+000	
 -1.2786660e+000	
 -9.0811500e-001	
 -5.3814000e-001	
  3.2213300e-001	
  6.9328100e-001	
  4.2374600e-001	
  9.5659900e-001	
 -1.5399000e-001	
  1.2537810e+000	
 -1.2469520e+000	
 -8.0071100e-001	
 -2.7167900e-001	
  6.5645400e-001	
  3.1519300e-001	
  1.0578510e+000	
 -4.7211100e-001	
  1.0053110e+000	
 -5.5654400e-001	
  8.6795600e-001	
 -2.2165000e-001	
  1.1916070e+000	
 -1.0543920e+000	
 -1.9895800e-001	
  6.2826500e-001	
  3.8771000e-001	
  9.7803300e-001	
 -2.2285500e-001	
  1.2238800e+000	
 -1.1638910e+000	
 -5.2933400e-001	
  2.5856000e-001	
  7.4760500e-001	
  2.9509000e-001	
  1.1023720e+000	
 -6.1278800e-001	
  8.0499900e-001	
 -9.1069000e-002	
  1.2298890e+000	
 -1.1449970e+000	
 -4.6646000e-001	
  3.5188200e-001	
  6.8671300e-001	
  4.4536000e-001	
  9.2833000e-001	
 -7.2907000e-002	
  1.2710570e+000	
 -1.2836940e+000	
 -9.2570000e-001	
 -5.8479700e-001	
  2.4350700e-001	
  7.4154700e-001	
  3.0320400e-001	
  1.0937580e+000	
 -5.8386800e-001	
  8.5086400e-001	
 -1.8871900e-001	
  1.2053990e+000	
 -1.0907960e+000	
 -3.0415000e-001	
  5.4325100e-001	
  4.9558400e-001	
  8.1913000e-001	
  2.0931100e-001	
  1.1844040e+000	
 -9.0114300e-001	
  2.1843900e-001	
  6.6285500e-001	
  4.5040300e-001	
  9.1484800e-001	
 -3.6605000e-002	
  1.2725790e+000	
 -1.2782200e+000	
 -9.0561200e-001	
 -5.3165200e-001	
  3.3260100e-001	
  6.8563200e-001	
  4.4165300e-001	
  9.3260900e-001	
 -8.5168000e-002	
  1.2696280e+000	
 -1.2822870e+000	
 -9.2107500e-001	
 -5.7241700e-001	
  2.6495200e-001	
  7.2999600e-001	
  3.3343500e-001	
  1.0633490e+000	
 -4.8296400e-001	
  9.9244900e-001	
 -5.2382600e-001	
  9.1358400e-001	
 -3.2563700e-001	
  1.1256200e+000	
 -8.7152000e-001	
  2.7432000e-001	
  6.3319200e-001	
  5.2099100e-001	
  8.0995400e-001	
  2.3786100e-001	
  1.1637770e+000	
 -8.2476900e-001	
  3.9679200e-001	
  5.3214800e-001	
  7.2258300e-001	
  4.2866700e-001	
  9.5951700e-001	
 -1.6034300e-001	
  1.2518610e+000	
 -1.2421230e+000	
 -7.8445800e-001	
 -2.3416100e-001	
  6.8789900e-001	
  2.6726500e-001	
  1.1063670e+000	
 -6.3348800e-001	
  7.7008100e-001	
 -2.0281000e-002	
  1.2304480e+000	
 -1.1256890e+000	
 -4.0491100e-001	
  4.3275900e-001	
  6.1633400e-001	
  5.9801200e-001	
  6.8423400e-001	
  5.2395700e-001	
  8.2092700e-001	
  2.1369700e-001	
  1.1823450e+000	
 -8.9300700e-001	
  2.3825800e-001	
  6.5262500e-001	
  4.7519100e-001	
  8.7965800e-001	
  5.9239000e-002	
  1.2589850e+000	
 -1.2012870e+000	
 -6.4263200e-001	
  6.1447000e-002	
  8.0192400e-001	
  1.1811900e-001	
  1.2210440e+000	
 -1.0518940e+000	
 -1.8276000e-001	
  6.3767000e-001	
  3.7589900e-001	
  9.9348100e-001	
 -2.6903600e-001	
  1.1967120e+000	
 -1.0856780e+000	
 -2.9116200e-001	
  5.5561100e-001	
  4.8046600e-001	
  8.4349700e-001	
  1.4805800e-001	
  1.2223590e+000	
 -1.0474100e+000	
 -1.6918700e-001	
  6.4570300e-001	
  3.6553900e-001	
  1.0066450e+000	
 -3.0900500e-001	
  1.1683150e+000	
 -1.0036470e+000	
 -5.9735000e-002	
  6.9391000e-001	
  3.0796300e-001	
  1.0753950e+000	
 -5.2667600e-001	
  9.3427600e-001	
 -3.8002200e-001	
  1.0780990e+000	
 -7.4122300e-001	
  5.5425400e-001	
  3.4755700e-001	
  9.9716200e-001	
 -2.8779600e-001	
  1.1831910e+000	
 -1.0462560e+000	
 -1.7755600e-001	
