  3.4481000e-001	
 -2.8115700e-001	
  3.4547000e-002	
  2.1008300e-001	
  1.0440000e-001	
  3.1216100e-001	
 -1.2342100e-001	
  3.2256300e-001	
 -2.2257700e-001	
  1.6558000e-001	
  1.0528300e-001	
  2.9794700e-001	
 -8.2685000e-002	
  3.5747900e-001	
 -3.2116300e-001	
 -7.4104000e-002	
  1.7802500e-001	
  1.2986900e-001	
  2.7470000e-001	
 -1.3185000e-002	
  3.8159900e-001	
 -3.8350400e-001	
 -2.7187100e-001	
 -1.5998200e-001	
  9.8999000e-002	
  2.0626800e-001	
  1.3114900e-001	
  2.8161400e-001	
 -3.0753000e-002	
  3.8007100e-001	
 -3.8334400e-001	
 -2.7175700e-001	
 -1.5964500e-001	
  9.9535000e-002	
  2.0587200e-001	
  1.3207100e-001	
  2.8036200e-001	
 -2.7191000e-002	
  3.8065800e-001	
 -3.8436000e-001	
 -2.7522300e-001	
 -1.6879700e-001	
  8.4469000e-002	
  2.1606400e-001	
  1.0748300e-001	
  3.1090700e-001	
 -1.1885000e-001	
  3.2735400e-001	
 -2.3573800e-001	
  1.3886800e-001	
  1.3928500e-001	
  2.5112600e-001	
  4.7486000e-002	
  3.6481500e-001	
 -3.0684000e-001	
 -2.9927000e-002	
  2.0376800e-001	
  9.7255000e-002	
  3.1699100e-001	
 -1.3974500e-001	
  3.0396300e-001	
 -1.7309400e-001	
  2.5136800e-001	
 -4.6797000e-002	
  3.6519100e-001	
 -3.3640600e-001	
 -1.1856500e-001	
  1.3347600e-001	
  1.8129000e-001	
  1.8666700e-001	
  1.9177900e-001	
  1.8436500e-001	
  1.9891200e-001	
  1.7066800e-001	
  2.2374500e-001	
  1.1757900e-001	
  3.0260800e-001	
 -9.2060000e-002	
  3.5123200e-001	
 -3.0331700e-001	
 -2.3969000e-002	
  2.0632400e-001	
  9.4151000e-002	
  3.2053000e-001	
 -1.5120400e-001	
  2.8946600e-001	
 -1.3638500e-001	
  3.0003600e-001	
 -1.6101700e-001	
  2.6902100e-001	
 -8.6043000e-002	
  3.4615700e-001	
 -2.8499500e-001	
  2.4809000e-002	
  2.1162900e-001	
  9.8437000e-002	
  3.1826900e-001	
 -1.4318000e-001	
  2.9981200e-001	
 -1.6242800e-001	
  2.6682300e-001	
 -8.0970000e-002	
  3.4945100e-001	
 -2.9416700e-001	
  1.0080000e-003	
  2.1174500e-001	
  9.1068000e-002	
  3.2482100e-001	
 -1.6505400e-001	
  2.7031300e-001	
 -9.0506000e-002	
  3.4286700e-001	
 -2.7575600e-001	
  4.7999000e-002	
  2.0652100e-001	
  1.1536200e-001	
  2.9985100e-001	
 -8.4974000e-002	
  3.5625900e-001	
 -3.1778800e-001	
 -6.4404000e-002	
  1.8530700e-001	
  1.2043200e-001	
  2.8790800e-001	
 -5.0694000e-002	
  3.7437900e-001	
 -3.6928800e-001	
 -2.2409700e-001	
 -4.5143000e-002	
  2.2326100e-001	
  5.3845000e-002	
  3.5344800e-001	
 -2.6683300e-001	
  7.3769000e-002	
  1.9455500e-001	
  1.4549000e-001	
  2.5958500e-001	
  2.9186000e-002	
  3.7390000e-001	
 -3.4365000e-001	
 -1.3894300e-001	
  1.0681400e-001	
  2.0507400e-001	
  1.3578600e-001	
  2.7547800e-001	
 -1.3410000e-002	
  3.8180400e-001	
 -3.8430400e-001	
 -2.7467700e-001	
 -1.6738100e-001	
  8.6854000e-002	
  2.1458200e-001	
  1.1117800e-001	
  3.0669200e-001	
 -1.0559500e-001	
  3.3997300e-001	
 -2.7106000e-001	
  5.9115000e-002	
  2.0237400e-001	
  1.2661000e-001	
  2.8590500e-001	
 -4.3478000e-002	
  3.7695000e-001	
 -3.7613600e-001	
 -2.4714700e-001	
 -9.7888000e-002	
  1.8114000e-001	
  1.1751300e-001	
  2.8989800e-001	
 -5.6938000e-002	
  3.7184100e-001	
 -3.6232000e-001	
 -2.0106700e-001	
  2.6400000e-003	
  2.3964700e-001	
  3.2781000e-002	
  3.6687900e-001	
 -3.1830100e-001	
 -6.2741000e-002	
  1.8614000e-001	
  1.1948700e-001	
  2.8921500e-001	
 -5.4498000e-002	
  3.7290400e-001	
 -3.6528500e-001	
 -2.1081500e-001	
 -1.6987000e-002	
  2.3540900e-001	
  3.6290000e-002	
  3.6447700e-001	
 -3.0904900e-001	
 -3.6376000e-002	
  2.0111000e-001	
  1.0034200e-001	
  3.1334700e-001	
 -1.2809900e-001	
  3.1742700e-001	
 -2.0864200e-001	
  1.9208200e-001	
  6.5229000e-002	
  3.3776800e-001	
 -2.1284000e-001	
  1.8992700e-001	
  6.7811000e-002	
  3.3551900e-001	
 -2.0499800e-001	
  2.0454300e-001	
  4.3258000e-002	
  3.5263000e-001	
 -2.6731400e-001	
  7.2325000e-002	
  1.9539500e-001	
  1.4352800e-001	
  2.6248400e-001	
  2.1535000e-002	
  3.7658100e-001	
 -3.5533500e-001	
 -1.7625400e-001	
  4.8427000e-002	
  2.3618000e-001	
  5.4218000e-002	
  3.5713600e-001	
 -2.7894900e-001	
  4.4014000e-002	
  2.0727500e-001	
  1.1271100e-001	
  3.0289800e-001	
 -9.4339000e-002	
  3.4933600e-001	
 -2.9780300e-001	
 -9.0690000e-003	
  2.1027500e-001	
  9.0939000e-002	
  3.2449000e-001	
 -1.6408800e-001	
  2.7169800e-001	
 -9.3718000e-002	
  3.4052200e-001	
 -2.6923900e-001	
  6.3871000e-002	
  2.0019000e-001	
  1.3213900e-001	
  2.7857400e-001	
 -2.2507000e-002	
  3.8120800e-001	
 -3.8491000e-001	
 -2.7703300e-001	
 -1.7362600e-001	
  7.6209000e-002	
  2.2080900e-001	
  9.5332000e-002	
  3.2383100e-001	
 -1.6077800e-001	
  2.7651800e-001	
 -1.0505700e-001	
  3.3144900e-001	
 -2.4419000e-001	
  1.2116600e-001	
  1.5823000e-001	
  2.1951200e-001	
  1.2260400e-001	
  2.9570500e-001	
 -7.1280000e-002	
  3.6500100e-001	
 -3.4310400e-001	
 -1.3986300e-001	
  1.0578100e-001	
  2.0582300e-001	
  1.3404000e-001	
  2.7790200e-001	
 -2.0192000e-002	
  3.8146800e-001	
 -3.8514000e-001	
 -2.7778100e-001	
 -1.7563300e-001	
  7.2714000e-002	
  2.2263600e-001	
  9.0503000e-002	
  3.2856700e-001	
 -1.7664700e-001	
  2.5295100e-001	
 -5.1588000e-002	
  3.6346600e-001	
 -3.3197800e-001	
 -1.0527000e-001	
  1.4869100e-001	
  1.6524300e-001	
  2.1718300e-001	
  1.2945400e-001	
  2.8694900e-001	
 -4.5415000e-002	
  3.7645900e-001	
 -3.7499300e-001	
 -2.4328600e-001	
 -8.8709000e-002	
  1.9029000e-001	
  1.0440500e-001	
  3.0621800e-001	
 -1.0627100e-001	
  3.3916300e-001	
 -2.6869400e-001	
  6.4831000e-002	
  1.9977700e-001	
  1.3319800e-001	
  2.7713900e-001	
 -1.8467000e-002	
  3.8155000e-001	
 -3.8491500e-001	
 -2.7694800e-001	
 -1.7340900e-001	
  7.6586000e-002	
  2.2060500e-001	
  9.5865000e-002	
  3.2329500e-001	
 -1.5899800e-001	
  2.7901300e-001	
 -1.1099200e-001	
  3.2621400e-001	
 -2.2990400e-001	
  1.5120300e-001	
  1.2433800e-001	
  2.7321500e-001	
 -1.1048000e-002	
  3.8139500e-001	
 -3.8213700e-001	
 -2.6705000e-001	
 -1.4744700e-001	
  1.1842900e-001	
  1.9031300e-001	
  1.6650600e-001	
  2.2771500e-001	
  1.0796700e-001	
  3.1391600e-001	
 -1.2747800e-001	
  3.1833900e-001	
 -2.1116100e-001	
  1.8742000e-001	
  7.2729000e-002	
  3.3154200e-001	
 -1.9114200e-001	
  2.2896500e-001	
 -1.9920000e-003	
  3.6867100e-001	
 -3.3488300e-001	
 -1.1274900e-001	
  1.4021000e-001	
  1.7443300e-001	
  2.0007100e-001	
  1.6553200e-001	
  2.3215100e-001	
  9.8154000e-002	
  3.2468600e-001	
 -1.6251800e-001	
  2.7414900e-001	
 -9.9491000e-002	
  3.3605200e-001	
 -2.5685700e-001	
  9.2929000e-002	
  1.8264200e-001	
  1.7220700e-001	
  2.1640200e-001	
  1.3312300e-001	
  2.8221900e-001	
 -3.1751000e-002	
  3.7996100e-001	
 -3.8325400e-001	
 -2.7146800e-001	
 -1.5888600e-001	
  1.0075100e-001	
  2.0496400e-001	
  1.3417800e-001	
  2.7747200e-001	
 -1.9035000e-002	
  3.8155100e-001	
 -3.8508800e-001	
 -2.7756700e-001	
 -1.7506100e-001	
  7.3713000e-002	
  2.2212500e-001	
  9.1864000e-002	
  3.2725500e-001	
 -1.7222300e-001	
  2.5976000e-001	
 -6.6551000e-002	
  3.5725900e-001	
 -3.1559000e-001	
 -5.7610000e-002	
  1.8983500e-001	
  1.1454300e-001	
  2.9572300e-001	
 -7.3747000e-002	
  3.6333700e-001	
 -3.3818800e-001	
 -1.2473000e-001	
  1.2594200e-001	
  1.8856200e-001	
  1.7185700e-001	
  2.1874000e-001	
  1.2827100e-001	
  2.8883900e-001	
 -5.0849000e-002	
  3.7458500e-001	
 -3.7005400e-001	
 -2.2667900e-001	
 -5.0806000e-002	
  2.1995100e-001	
  5.8993000e-002	
  3.4974400e-001	
 -2.5313400e-001	
  1.0589800e-001	
  1.7172600e-001	
  1.9415100e-001	
  1.7561000e-001	
  2.1433100e-001	
  1.3830700e-001	
  2.7503100e-001	
 -1.1504000e-002	
  3.8189200e-001	
 -3.8404400e-001	
 -2.7371700e-001	
 -1.6484400e-001	
  9.1075000e-002	
  2.1183900e-001	
  1.1790300e-001	
  2.9868000e-001	
 -8.0942000e-002	
  3.5903000e-001	
 -3.2582800e-001	
 -8.7724000e-002	
  1.6634000e-001	
  1.4456200e-001	
  2.5237700e-001	
  4.6128000e-002	
  3.6578300e-001	
 -3.1055000e-001	
 -4.0325000e-002	
  1.9924700e-001	
  1.0264000e-001	
  3.1061100e-001	
 -1.1944400e-001	
  3.2660400e-001	
 -2.3362800e-001	
  1.4326600e-001	
  1.3412800e-001	
  2.5902500e-001	
  2.7134000e-002	
  3.7427100e-001	
 -3.4556200e-001	
 -1.4498000e-001	
  9.8241000e-002	
  2.1146600e-001	
  1.2078800e-001	
  2.9535400e-001	
 -7.0855000e-002	
  3.6517700e-001	
 -3.4357800e-001	
 -1.4132700e-001	
  1.0371800e-001	
  2.0740100e-001	
  1.3037900e-001	
  2.8289300e-001	
 -3.4353000e-002	
  3.7936100e-001	
 -3.8190700e-001	
 -2.6683900e-001	
 -1.4685200e-001	
  1.1930900e-001	
  1.8951600e-001	
  1.6818300e-001	
  2.2485600e-001	
  1.1450800e-001	
  3.0626700e-001	
 -1.0337900e-001	
  3.4200700e-001	
 -2.7686700e-001	
  4.4877000e-002	
  2.0754100e-001	
  1.1245400e-001	
  3.0324900e-001	
 -9.5410000e-002	
  3.4849400e-001	
 -2.9538000e-001	
 -2.6170000e-003	
  2.1135400e-001	
  9.0753000e-002	
  3.2497100e-001	
 -1.6560300e-001	
  2.6951000e-001	
 -8.8648000e-002	
  3.4418000e-001	
 -2.7940700e-001	
  3.8934000e-002	
  2.0910400e-001	
  1.0763300e-001	
  3.0866800e-001	
 -1.1233200e-001	
  3.3371500e-001	
 -2.5340500e-001	
  1.0044800e-001	
  1.7689300e-001	
  1.8411000e-001	
  1.9488400e-001	
  1.7799300e-001	
  2.1061800e-001	
  1.4638600e-001	
  2.6318400e-001	
  2.0675000e-002	
  3.7696000e-001	
 -3.5692700e-001	
 -1.8142900e-001	
  3.9311000e-002	
  2.3836000e-001	
  4.6655000e-002	
  3.6135000e-001	
 -2.9534700e-001	
  1.3320000e-003	
  2.1138800e-001	
  9.1871000e-002	
  3.2402800e-001	
 -1.6241300e-001	
  2.7411200e-001	
 -9.9365000e-002	
  3.3615800e-001	
 -2.5715200e-001	
  9.2253000e-002	
  1.8313800e-001	
  1.7115800e-001	
  2.1823200e-001	
  1.2909700e-001	
  2.8769400e-001	
 -4.7522000e-002	
  3.7577000e-001	
 -3.7320300e-001	
 -2.3724300e-001	
 -7.4621000e-002	
  2.0284200e-001	
  8.5605000e-002	
  3.2665400e-001	
 -1.7226700e-001	
  2.5950900e-001	
 -6.5957000e-002	
  3.5755100e-001	
 -3.1638700e-001	
 -5.9871000e-002	
  1.8835600e-001	
  1.1647500e-001	
  2.9319700e-001	
 -6.6225000e-002	
  3.6749200e-001	
 -3.5010400e-001	
 -1.6175900e-001	
  7.2861000e-002	
  2.2669800e-001	
  8.2029000e-002	
  3.3660900e-001	
 -2.0415000e-001	
  2.0648900e-001	
  3.9779000e-002	
  3.5456200e-001	
 -2.7473300e-001	
  5.4137000e-002	
  2.0390300e-001	
  1.2221800e-001	
  2.9146400e-001	
 -5.9773000e-002	
  3.7076600e-001	
 -3.5944600e-001	
 -1.9171100e-001	
  2.0651000e-002	
  2.4049600e-001	
  3.6282000e-002	
  3.6600600e-001	
 -3.1426300e-001	
 -5.1084000e-002	
  1.9354300e-001	
  1.0986700e-001	
  3.0173300e-001	
 -9.1906000e-002	
  3.5110200e-001	
 -3.0284400e-001	
 -2.2669000e-002	
  2.0674900e-001	
  9.3722000e-002	
  3.2103300e-001	
 -1.5284100e-001	
  2.8729500e-001	
 -1.3103300e-001	
  3.0606400e-001	
 -1.7646000e-001	
  2.4650700e-001	
 -3.6512000e-002	
  3.6773100e-001	
 -3.4200900e-001	
 -1.3554000e-001	
  1.1166600e-001	
  2.0114800e-001	
  1.4468400e-001	
  2.6265500e-001	
  2.1462000e-002	
  3.7664700e-001	
 -3.5558900e-001	
 -1.7707400e-001	
  4.6999000e-002	
  2.3657000e-001	
  5.2929000e-002	
  3.5789700e-001	
 -2.8187700e-001	
  3.6580000e-002	
  2.0919200e-001	
  1.0675400e-001	
  3.0957500e-001	
 -1.1521000e-001	
  3.3093000e-001	
 -2.4563100e-001	
  1.1771800e-001	
  1.6164300e-001	
  2.1338300e-001	
  1.3600900e-001	
  2.7768900e-001	
 -1.9049000e-002	
  3.8161300e-001	
 -3.8531500e-001	
 -2.7836600e-001	
 -1.7720400e-001	
  6.9951000e-002	
  2.2400400e-001	
  8.6822000e-002	
  3.3202300e-001	
 -1.8840400e-001	
  2.3395900e-001	
 -1.1960000e-002	
  3.6952000e-001	
 -3.4079900e-001	
 -1.3114800e-001	
  1.1749400e-001	
  1.9623300e-001	
  1.5554800e-001	
  2.4595900e-001	
  6.4349000e-002	
  3.5446400e-001	
 -2.6703700e-001	
  7.3565000e-002	
  1.9463400e-001	
  1.4528600e-001	
  2.5988700e-001	
  2.8394000e-002	
  3.7420400e-001	
 -3.4494700e-001	
 -1.4301900e-001	
  1.0106200e-001	
  2.0943100e-001	
  1.2563200e-001	
  2.8917300e-001	
 -5.2542000e-002	
  3.7386900e-001	
 -3.6806000e-001	
 -2.2002400e-001	
 -3.6333000e-002	
  2.2783200e-001	
  4.6864000e-002	
  3.5810000e-001	
 -2.8437500e-001	
  3.0041000e-002	
  2.1047600e-001	
  1.0227800e-001	
  3.1432600e-001	
 -1.3038600e-001	
  3.1496200e-001	
 -2.0205400e-001	
  2.0396800e-001	
  4.5236000e-002	
  3.5164100e-001	
 -2.6346900e-001	
  8.1552000e-002	
  1.8992200e-001	
  1.5613700e-001	
  2.4321000e-001	
  7.0803000e-002	
  3.4956800e-001	
 -2.4901600e-001	
  1.1549400e-001	
  1.6304700e-001	
  2.1058800e-001	
  1.4195900e-001	
  2.6913200e-001	
  4.5720000e-003	
  3.8064200e-001	
 -3.7477400e-001	
 -2.4126600e-001	
 -8.4076000e-002	
  1.9463300e-001	
  9.7995000e-002	
  3.1357500e-001	
 -1.2947300e-001	
  3.1584400e-001	
 -2.0437800e-001	
  1.9982600e-001	
  5.2345000e-002	
  3.4716100e-001	
 -2.4672600e-001	
  1.2007100e-001	
  1.5870300e-001	
  2.1848400e-001	
  1.2484600e-001	
  2.9280900e-001	
 -6.2652000e-002	
  3.6952500e-001	
 -3.5602200e-001	
 -1.8065100e-001	
  4.0898000e-002	
  2.3799900e-001	
  4.7933000e-002	
  3.6067800e-001	
 -2.9269900e-001	
  8.3970000e-003	
  2.1186100e-001	
  9.3055000e-002	
  3.2314900e-001	
 -1.5940000e-001	
  2.7837200e-001	
 -1.0944400e-001	
  3.2761400e-001	
 -2.3371200e-001	
  1.4338500e-001	
  1.3394300e-001	
  2.5929200e-001	
  2.6432000e-002	
  3.7452700e-001	
 -3.4666700e-001	
 -1.4847200e-001	
  9.3128000e-002	
  2.1498500e-001	
  1.1225200e-001	
  3.0569400e-001	
 -1.0241800e-001	
  3.4275700e-001	
 -2.7897700e-001	
  3.9628000e-002	
  2.0897800e-001	
  1.0808600e-001	
  3.0817500e-001	
 -1.1077600e-001	
  3.3518700e-001	
 -2.5753300e-001	
  9.1048000e-002	
  1.8405500e-001	
  1.6922600e-001	
  2.2157500e-001	
  1.2165500e-001	
  2.9740700e-001	
 -7.6273000e-002	
  3.6207300e-001	
 -3.3466700e-001	
 -1.1405600e-001	
  1.3889300e-001	
  1.7575800e-001	
  1.9751000e-001	
  1.7067900e-001	
  2.2330700e-001	
  1.1849600e-001	
  3.0146600e-001	
 -8.8565000e-002	
  3.5383500e-001	
 -3.1083300e-001	
 -4.4730000e-002	
  1.9741300e-001	
  1.0471200e-001	
  3.0805600e-001	
 -1.1144700e-001	
  3.3445500e-001	
 -2.5544900e-001	
  9.5817000e-002	
  1.8052100e-001	
  1.7666900e-001	
  2.0850100e-001	
  1.5012700e-001	
  2.5737200e-001	
  3.5916000e-002	
  3.7119200e-001	
 -3.3221400e-001	
 -1.0368500e-001	
  1.5016700e-001	
  1.6366100e-001	
  2.2005300e-001	
  1.2312300e-001	
  2.9527300e-001	
 -6.9933000e-002	
  3.6575900e-001	
 -3.4528600e-001	
 -1.4664300e-001	
  9.6061000e-002	
  2.1294400e-001	
  1.1720700e-001	
  2.9977500e-001	
 -8.4209000e-002	
  3.5684100e-001	
 -3.1949400e-001	
 -6.9303000e-002	
  1.8173800e-001	
  1.2507500e-001	
  2.8151700e-001	
 -3.2320000e-002	
  3.7958000e-001	
 -3.8207500e-001	
 -2.6737400e-001	
 -1.4823600e-001	
  1.1724300e-001	
  1.9138200e-001	
  1.6424700e-001	
  2.3152200e-001	
  9.9129000e-002	
  3.2359900e-001	
 -1.5893900e-001	
  2.7919200e-001	
 -1.1144100e-001	
  3.2580200e-001	
 -2.2878500e-001	
  1.5347600e-001	
  1.2144100e-001	
  2.7721900e-001	
 -2.2202000e-002	
  3.8086500e-001	
 -3.8360000e-001	
 -2.7243400e-001	
 -1.6144200e-001	
  9.6640000e-002	
  2.0798400e-001	
  1.2712400e-001	
  2.8698000e-001	
 -4.6197000e-002	
  3.7613400e-001	
 -3.7408600e-001	
 -2.4021300e-001	
 -8.1504000e-002	
  1.9693600e-001	
  9.4558000e-002	
  3.1735500e-001	
 -1.4163300e-001	
  3.0159300e-001	
 -1.6696300e-001	
  2.6038700e-001	
 -6.6495000e-002	
  3.5748200e-001	
 -3.1631800e-001	
 -5.9687000e-002	
  1.8847900e-001	
  1.1631300e-001	
  2.9341000e-001	
 -6.6857000e-002	
  3.6716400e-001	
 -3.4916700e-001	
 -1.5880000e-001	
  7.7568000e-002	
  2.2428100e-001	
  8.8527000e-002	
  3.3071200e-001	
 -1.8383600e-001	
  2.4150000e-001	
 -2.7321000e-002	
  3.6896700e-001	
 -3.4349900e-001	
 -1.3993800e-001	
  1.0556500e-001	
  2.0601400e-001	
  1.3360800e-001	
  2.7849900e-001	
 -2.1872000e-002	
  3.8131700e-001	
 -3.8510800e-001	
 -2.7771000e-001	
 -1.7543900e-001	
  7.3052000e-002	
  2.2246400e-001	
  9.0961000e-002	
  3.2812700e-001	
 -1.7516000e-001	
  2.5525900e-001	
 -5.6616000e-002	
  3.6162000e-001	
 -3.2723900e-001	
 -9.1245000e-002	
  1.6297500e-001	
  1.4867500e-001	
  2.4573900e-001	
  6.2793000e-002	
  3.5532100e-001	
 -2.7034300e-001	
  6.5532000e-002	
  1.9885700e-001	
  1.3512100e-001	
  2.7445400e-001	
 -1.0982000e-002	
  3.8177400e-001	
 -3.8346600e-001	
 -2.7168400e-001	
 -1.5949600e-001	
  9.9780000e-002	
  2.0569000e-001	
  1.3249600e-001	
  2.7978300e-001	
 -2.5550000e-002	
  3.8088800e-001	
 -3.8468600e-001	
 -2.7632300e-001	
 -1.7172500e-001	
  7.9486000e-002	
  2.1899900e-001	
  1.0003000e-001	
  3.1900500e-001	
 -1.4488900e-001	
  2.9773500e-001	
 -1.5714800e-001	
  2.7407500e-001	
 -9.7691000e-002	
  3.3768600e-001	
 -2.6145600e-001	
  8.2296000e-002	
  1.8995800e-001	
  1.5629700e-001	
  2.4298600e-001	
  7.1358000e-002	
  3.4913300e-001	
 -2.4743100e-001	
  1.1903800e-001	
  1.5964400e-001	
  2.1677500e-001	
  1.2860000e-001	
  2.8785500e-001	
 -4.8103000e-002	
  3.7555800e-001	
 -3.7263700e-001	
 -2.3533700e-001	
 -7.0248000e-002	
  2.0637000e-001	
  8.0179000e-002	
  3.3191000e-001	
 -1.9004600e-001	
  2.3102400e-001	
 -6.0840000e-003	
  3.6913500e-001	
 -3.3770700e-001	
 -1.2147300e-001	
  1.2982800e-001	
  1.8490000e-001	
  1.7940400e-001	
  2.0527000e-001	
  1.5718700e-001	
  2.4627800e-001	
  6.4109000e-002	
  3.5470400e-001	
 -2.6790200e-001	
  7.1477000e-002	
  1.9578700e-001	
  1.4255700e-001	
  2.6389800e-001	
  1.7772000e-002	
  3.7769500e-001	
 -3.6038600e-001	
 -1.9279000e-001	
  1.8434000e-002	
  2.4057700e-001	
  3.5436000e-002	
  3.6631300e-001	
 -3.1556800e-001	
 -5.4828000e-002	
  1.9130100e-001	
  1.1277000e-001	
  2.9804400e-001	
 -8.0711000e-002	
  3.5901400e-001	
 -3.2570300e-001	
 -8.7349000e-002	
  1.6668300e-001	
  1.4414000e-001	
  2.5304900e-001	
  4.4417000e-002	
  3.6670800e-001	
 -3.1422300e-001	
 -5.0756000e-002	
  1.9371100e-001	
  1.0966200e-001	
  3.0199300e-001	
 -9.2702000e-002	
  3.5049500e-001	
 -3.0109400e-001	
 -1.7920000e-002	
  2.0817300e-001	
  9.2389000e-002	
  3.2261900e-001	
 -1.5800300e-001	
  2.8028300e-001	
 -1.1400700e-001	
  3.2343000e-001	
 -2.2236700e-001	
  1.6627600e-001	
  1.0426700e-001	
  2.9914800e-001	
 -8.6339000e-002	
  3.5495700e-001	
 -3.1387700e-001	
