  7.5955204e-001	
  7.9951691e-001	
  8.5792710e-001	
  8.8339921e-001	
  8.8427756e-001	
  8.9789196e-001	
  8.9328063e-001	
  8.8449715e-001	
  8.6605182e-001	
  8.3267457e-001	
  7.9776021e-001	
  7.5977163e-001	
  7.1409750e-001	
  6.6600791e-001	
  5.9595960e-001	
  5.3052262e-001	
  4.6179183e-001	
  3.9130435e-001	
  3.3179622e-001	
  2.7931489e-001	
  2.2178305e-001	
  1.6249451e-001	
  1.1330698e-001	
  8.6078173e-002	
  5.0065876e-002	
  2.7887571e-002	
  1.2955643e-002	
  1.7127800e-002	
  1.9323671e-002	
  2.1519543e-002	
  4.1721563e-002	
  8.4321476e-002	
  1.0496267e-001	
  1.3504611e-001	
  1.7654809e-001	
  2.2310057e-001	
  2.7667984e-001	
  3.4672815e-001	
  4.1743522e-001	
  4.7650417e-001	
  5.3908652e-001	
  5.9354414e-001	
  6.3965744e-001	
  6.7391304e-001	
  7.0114185e-001	
  7.1936759e-001	
  7.4549846e-001	
  7.4462011e-001	
  7.3759332e-001	
  7.2968819e-001	
  7.0597277e-001	
  6.7962231e-001	
  6.3680281e-001	
  5.9969258e-001	
  5.5862978e-001	
  5.0592885e-001	
  4.4642073e-001	
  3.8801054e-001	
  3.1993852e-001	
  2.6592007e-001	
  2.2288098e-001	
  1.8115942e-001	
  1.3372859e-001	
  8.6736935e-002	
  6.4778217e-002	
  4.5234958e-002	
  3.2718489e-002	
  2.7228810e-002	
  3.1840141e-002	
  4.6552481e-002	
  5.1163812e-002	
  8.3223540e-002	
  1.2296882e-001	
  1.5590690e-001	
  1.9631094e-001	
  2.5230567e-001	
  3.1906017e-001	
  3.9152394e-001	
  4.6552481e-001	
  5.4479578e-001	
  6.0628019e-001	
  6.5656566e-001	
  7.2463768e-001	
  7.4769433e-001	
  8.0171278e-001	
  8.3157664e-001	
  8.5792710e-001	
  8.5968379e-001	
  8.4848485e-001	
  8.5177866e-001	
  8.3618797e-001	
  8.1488801e-001	
  7.8173035e-001	
  7.3715415e-001	
  6.9675011e-001	
  6.5107598e-001	
  6.0452350e-001	
  5.3689065e-001	
  4.6508564e-001	
  4.1875274e-001	
  3.4321476e-001	
  2.8590250e-001	
  2.2946860e-001	
  1.8357488e-001	
  1.3482653e-001	
  9.9912165e-002	
  6.8730786e-002	
  3.9306105e-002	
  2.9863856e-002	
  2.6570048e-002	
  3.2938076e-002	
  2.9644269e-002	
  5.5775143e-002	
  8.1906017e-002	
  1.2252964e-001	
  1.6469038e-001	
  2.0465525e-001	
  2.5296443e-001	
  3.1488801e-001	
  3.8581467e-001	
  4.6025472e-001	
  5.1010101e-001	
  5.7729469e-001	
  6.3987703e-001	
  6.8686869e-001	
  7.3166447e-001	
  7.4505929e-001	
  7.8107159e-001	
  7.8919631e-001	
  7.9622310e-001	
  7.7997365e-001	
  7.6372420e-001	
  7.3627580e-001	
  7.0202020e-001	
  6.6447079e-001	
  6.2516469e-001	
  5.7268336e-001	
  5.1207729e-001	
  4.3412385e-001	
  3.8098375e-001	
  3.1400966e-001	
  2.5516030e-001	
  1.9521300e-001	
  1.5656566e-001	
  1.2099253e-001	
  7.7075099e-002	
  3.9306105e-002	
  2.3276241e-002	
  1.5151515e-002	
  1.6469038e-002	
  1.9543259e-002	
  4.0404040e-002	
  6.7193676e-002	
  1.1045235e-001	
  1.5173474e-001	
  1.9235837e-001	
  2.4571805e-001	
  3.0808081e-001	
  3.9679403e-001	
  4.8265261e-001	
  5.6433904e-001	
  6.2340799e-001	
  6.9126043e-001	
  7.3913043e-001	
  7.8392622e-001	
  8.0786122e-001	
  8.3399209e-001	
  8.3487044e-001	
  8.3838384e-001	
  8.3157664e-001	
  8.2059728e-001	
  8.1137462e-001	
  7.7140975e-001	
  7.2529644e-001	
  6.7720685e-001	
  6.3263065e-001	
  5.7883180e-001	
  4.9868248e-001	
  4.3170839e-001	
  3.6693017e-001	
  3.0083443e-001	
  2.4088713e-001	
  1.7083882e-001	
  1.3065437e-001	
  6.9609135e-002	
  4.0404040e-002	
  1.5371102e-002	
  3.7329820e-003	
  0.0000000e+000	
  1.1418533e-002	
  2.6350461e-002	
  5.0065876e-002	
  7.2463768e-002	
  1.0803689e-001	
  1.4448836e-001	
  1.9740887e-001	
  2.4659640e-001	
  3.1862099e-001	
  3.9613527e-001	
  4.7452789e-001	
  5.3798858e-001	
  5.9595960e-001	
  6.4756258e-001	
  6.8708827e-001	
  7.2310057e-001	
  7.3254282e-001	
  7.5955204e-001	
  7.4374177e-001	
  7.4352218e-001	
  7.2200264e-001	
  6.9850681e-001	
  6.7149758e-001	
  6.2604304e-001	
  5.8959157e-001	
  5.3996487e-001	
  4.8880105e-001	
  4.2446201e-001	
  3.6078173e-001	
  2.9644269e-001	
  2.3429952e-001	
  1.9696970e-001	
  1.4624506e-001	
  1.0364515e-001	
  8.2125604e-002	
  5.5116381e-002	
  2.3935002e-002	
  2.1080369e-002	
  1.5371102e-002	
  3.1840141e-002	
  4.1941151e-002	
  5.7531840e-002	
  8.9591568e-002	
  1.2384717e-001	
  1.6447079e-001	
  2.1585419e-001	
  2.8173035e-001	
  3.6539306e-001	
  4.3500220e-001	
  4.9692578e-001	
  5.6280193e-001	
  6.0122969e-001	
  6.5920070e-001	
  7.0882740e-001	
  7.3869126e-001	
  7.5384278e-001	
  7.6152833e-001	
  7.6745718e-001	
  7.7426438e-001	
  7.6108915e-001	
  7.4198507e-001	
  7.0816864e-001	
  6.7896355e-001	
  6.4492754e-001	
  5.9991217e-001	
  5.6280193e-001	
  5.1427317e-001	
  4.6201142e-001	
  3.9306105e-001	
  3.4189723e-001	
  2.8063241e-001	
  2.4505929e-001	
  1.9872639e-001	
  1.6600791e-001	
  1.3724199e-001	
  1.0408432e-001	
  9.4202899e-002	
  8.4321476e-002	
  8.0588494e-002	
  9.7057532e-002	
  1.0474308e-001	
  1.3109354e-001	
  1.5898112e-001	
  2.0136144e-001	
  2.3320158e-001	
  2.8787879e-001	
  3.4475187e-001	
  4.2358366e-001	
  5.0680720e-001	
  5.7817303e-001	
  6.4229249e-001	
  7.1168204e-001	
  7.7097058e-001	
  8.0939833e-001	
  8.5529205e-001	
  8.8691260e-001	
  9.0601669e-001	
  9.1018884e-001	
  9.1897233e-001	
  9.1831357e-001	
  8.8449715e-001	
  8.5924462e-001	
  8.3333333e-001	
  7.9732104e-001	
  7.6855512e-001	
  7.2134387e-001	
  6.8159859e-001	
  6.3065437e-001	
  5.6368028e-001	
  5.0724638e-001	
  4.4005270e-001	
  3.7790953e-001	
  3.1927975e-001	
  2.6570048e-001	
  2.2068511e-001	
  1.7391304e-001	
  1.5085639e-001	
  1.2450593e-001	
  1.1067194e-001	
  9.5740009e-002	
  1.0979359e-001	
  1.1703996e-001	
  1.2604304e-001	
  1.4931928e-001	
  1.8357488e-001	
  2.2397892e-001	
  2.6526131e-001	
  3.2125604e-001	
  3.9152394e-001	
  4.6574440e-001	
  5.3754941e-001	
  6.0518226e-001	
  6.7852437e-001	
  7.2463768e-001	
  7.7316645e-001	
  8.0478700e-001	
  8.4453228e-001	
  8.6758893e-001	
  8.9262187e-001	
  8.9130435e-001	
  8.7549407e-001	
  8.6583224e-001	
  8.4189723e-001	
  8.0830040e-001	
  7.6460255e-001	
  7.2639438e-001	
  6.8203777e-001	
  6.3592446e-001	
  5.7114625e-001	
  5.0461133e-001	
  4.3785683e-001	
  3.7834870e-001	
  3.2630654e-001	
  2.6635924e-001	
  2.1870883e-001	
  1.7896355e-001	
  1.4514712e-001	
  1.2516469e-001	
  1.0408432e-001	
  1.0144928e-001	
  1.0474308e-001	
  1.1616162e-001	
  1.5371102e-001	
  1.7720685e-001	
  2.0663153e-001	
  2.4879227e-001	
  2.9051383e-001	
  3.4145806e-001	
  4.1436100e-001	
  4.8989899e-001	
  5.5972771e-001	
  6.3724199e-001	
  6.8884497e-001	
  7.4505929e-001	
  7.9073342e-001	
  8.2520861e-001	
  8.5046113e-001	
  8.6341678e-001	
  8.9152394e-001	
  9.0667545e-001	
  8.9196311e-001	
  8.6956522e-001	
  8.4036012e-001	
  8.1071585e-001	
  7.6877470e-001	
  7.2902942e-001	
  6.7874396e-001	
  6.2670180e-001	
  5.7378129e-001	
  5.0263505e-001	
  4.4137022e-001	
  3.6671058e-001	
  3.2147563e-001	
  2.6240668e-001	
  2.1299956e-001	
  1.7808520e-001	
  1.5656566e-001	
  1.1198946e-001	
  1.1242863e-001	
  1.0781730e-001	
  1.1198946e-001	
  1.2209047e-001	
  1.4800176e-001	
  1.6095740e-001	
  1.9433465e-001	
  2.2463768e-001	
  2.7206851e-001	
  3.1664471e-001	
  3.8471673e-001	
  4.5388669e-001	
  5.1756697e-001	
  5.8410189e-001	
  6.4975845e-001	
  7.2178305e-001	
  7.7975406e-001	
  8.3552921e-001	
  8.7395696e-001	
  9.0579710e-001	
  9.2028986e-001	
  9.4664032e-001	
  9.4093105e-001	
  9.3961353e-001	
  9.2951252e-001	
  9.0360123e-001	
  8.7110233e-001	
  8.3047870e-001	
  7.9161177e-001	
  7.5230567e-001	
  7.0245938e-001	
  6.2582345e-001	
  5.5138340e-001	
  4.6991656e-001	
  4.0865173e-001	
  3.3552921e-001	
  2.6613966e-001	
  2.1102328e-001	
  1.5283267e-001	
  1.1396574e-001	
  7.5977163e-002	
  4.2160738e-002	
  2.2178305e-002	
  2.0421607e-002	
  2.2617479e-002	
  4.1282389e-002	
  7.3781291e-002	
  1.0188845e-001	
  1.4690382e-001	
  1.9828722e-001	
  2.5779534e-001	
  3.2037769e-001	
  4.0557751e-001	
  4.9121651e-001	
  5.6455863e-001	
  6.3746157e-001	
  7.0816864e-001	
  7.7624067e-001	
  8.4123847e-001	
  8.7922705e-001	
  9.2292490e-001	
  9.4707949e-001	
  9.5191041e-001	
  9.5959596e-001	
  9.4949495e-001	
  9.3500220e-001	
  9.0711462e-001	
  8.7088274e-001	
  8.3596838e-001	
  7.9424682e-001	
  7.3781291e-001	
  6.8994291e-001	
  6.1769873e-001	
  5.4743083e-001	
  4.7321036e-001	
  4.0206412e-001	
  3.3552921e-001	
  2.8304787e-001	
  2.2661397e-001	
  1.7874396e-001	
  1.4295125e-001	
  1.0320597e-001	
  6.2801932e-002	
  4.8528766e-002	
  5.0065876e-002	
  4.5234958e-002	
  5.3140097e-002	
  6.9609135e-002	
  9.1787440e-002	
  1.2209047e-001	
  1.4866052e-001	
  1.9587176e-001	
  2.3495828e-001	
  2.9336847e-001	
  3.7132191e-001	
  4.4905578e-001	
  5.2129996e-001	
  5.8893281e-001	
  6.5700483e-001	
  7.2068511e-001	
  7.6723759e-001	
  8.1906017e-001	
  8.4387352e-001	
  8.7066315e-001	
  8.6341678e-001	
  8.7263944e-001	
  8.5046113e-001	
  8.3223540e-001	
  8.0830040e-001	
  7.7843654e-001	
  7.4659640e-001	
  7.0685112e-001	
  6.7149758e-001	
  6.2648221e-001	
  5.6565657e-001	
  5.2151954e-001	
  4.7321036e-001	
  4.1392183e-001	
  3.6780852e-001	
  3.1576636e-001	
  2.7799736e-001	
  2.4132631e-001	
  2.0948617e-001	
  1.8269653e-001	
  1.8181818e-001	
  1.7369346e-001	
  1.7654809e-001	
  1.8796662e-001	
  1.9323671e-001	
  2.2353975e-001	
  2.5010979e-001	
  2.8458498e-001	
  3.2828283e-001	
  3.7966623e-001	
  4.3785683e-001	
  5.1998243e-001	
  5.9156785e-001	
  6.6271410e-001	
  7.1783048e-001	
  7.5999122e-001	
  8.1422925e-001	
  8.4804567e-001	
  8.8010540e-001	
  8.9569609e-001	
  9.0821256e-001	
  9.0996926e-001	
  8.9613527e-001	
  8.6671058e-001	
  8.4760650e-001	
  8.2345191e-001	
  7.8546333e-001	
  7.5032938e-001	
  7.0597277e-001	
  6.6183575e-001	
  6.1067194e-001	
  5.4655248e-001	
  4.8331137e-001	
  4.2446201e-001	
  3.8713219e-001	
  3.3838384e-001	
  2.8414581e-001	
  2.5032938e-001	
  2.0509442e-001	
  1.7259552e-001	
  1.5524813e-001	
  1.4712341e-001	
  1.3131313e-001	
  1.3943786e-001	
  1.4514712e-001	
  1.6293368e-001	
  1.7940272e-001	
  2.1365832e-001	
  2.5977163e-001	
  2.9029425e-001	
  3.3267457e-001	
  4.0250329e-001	
  4.6991656e-001	
  5.3820817e-001	
  6.0957400e-001	
  6.7457181e-001	
  7.0114185e-001	
  7.5230567e-001	
  7.8590250e-001	
  8.1532718e-001	
  8.3025911e-001	
  8.3399209e-001	
  8.4343434e-001	
  8.1598595e-001	
  7.8414581e-001	
  7.4901186e-001	
  7.1124286e-001	
  6.5612648e-001	
  6.0606061e-001	
  5.6214317e-001	
  4.8682477e-001	
  4.1326307e-001	
  3.3904260e-001	
  2.8502415e-001	
  2.2222222e-001	
  1.6754502e-001	
  1.2209047e-001	
  7.3781291e-002	
  4.5674133e-002	
  1.8225736e-002	
  3.2938076e-003	
  4.6113307e-003	
  1.4053579e-002	
  3.7988581e-002	
  6.1923584e-002	
  9.2226614e-002	
  1.3087396e-001	
  1.8313570e-001	
  2.3386034e-001	
  2.8260870e-001	
  3.5902503e-001	
  4.4949495e-001	
  5.3601230e-001	
  6.0122969e-001	
  6.6842336e-001	
  7.2924901e-001	
  7.7404480e-001	
  8.2301274e-001	
  8.6275801e-001	
  8.8120334e-001	
  9.0557751e-001	
  9.0645586e-001	
  8.8317962e-001	
  8.6758893e-001	
  8.3333333e-001	
  7.9600351e-001	
  7.5054897e-001	
  7.0992534e-001	
  6.6578832e-001	
  6.1067194e-001	
  5.5072464e-001	
  4.7233202e-001	
  4.0491875e-001	
  3.4453228e-001	
  2.7755819e-001	
  2.2002635e-001	
  1.6359245e-001	
  1.2143171e-001	
  8.1906017e-002	
  6.6315327e-002	
  5.0505051e-002	
  4.1501976e-002	
  4.2160738e-002	
  5.9727712e-002	
  7.5977163e-002	
  1.0715854e-001	
  1.3812033e-001	
  1.8555116e-001	
  2.3298199e-001	
  2.8568292e-001	
  3.5880545e-001	
  4.4312692e-001	
  5.0614844e-001	
  5.9749671e-001	
  6.6183575e-001	
  7.3144488e-001	
  7.7646025e-001	
  8.4343434e-001	
  8.7263944e-001	
  9.0250329e-001	
  9.2929293e-001	
  9.4224857e-001	
  9.3983311e-001	
  9.3500220e-001	
  9.1545894e-001	
  8.9196311e-001	
  8.6078173e-001	
  8.1949934e-001	
  7.7360562e-001	
  7.2068511e-001	
  6.6490997e-001	
  5.9200703e-001	
  5.0988142e-001	
  4.4202899e-001	
  3.7395696e-001	
  3.0764163e-001	
  2.5625823e-001	
  1.9389548e-001	
  1.5722442e-001	
  1.1220905e-001	
  6.5876153e-002	
  4.8528766e-002	
  4.5674133e-002	
  4.3039087e-002	
  4.8748353e-002	
  7.2902942e-002	
  9.8594642e-002	
  1.3460694e-001	
  1.8159859e-001	
  2.2046552e-001	
  2.7075099e-001	
  3.2630654e-001	
  4.1436100e-001	
  4.8484848e-001	
  5.6741326e-001	
  6.3548529e-001	
  6.9718928e-001	
  7.4769433e-001	
  7.8612209e-001	
  8.2191480e-001	
  8.4628898e-001	
  8.6012297e-001	
  8.6056214e-001	
  8.5090031e-001	
  8.4475187e-001	
  8.3355292e-001	
  7.9007466e-001	
  7.5472112e-001	
  7.1387791e-001	
  6.6776460e-001	
  6.2494510e-001	
  5.5841019e-001	
  4.9011858e-001	
  4.1633729e-001	
  3.4826526e-001	
  2.8722003e-001	
  2.3825209e-001	
  1.7852437e-001	
  1.3065437e-001	
  9.5520422e-002	
  6.8950373e-002	
  3.6890646e-002	
  3.3157664e-002	
  2.6570048e-002	
  3.0303030e-002	
  4.4576197e-002	
  7.0926658e-002	
  9.3324550e-002	
  1.2779974e-001	
  1.6161616e-001	
  2.1058410e-001	
  2.5318401e-001	
  3.1269214e-001	
  3.9437857e-001	
  4.6354853e-001	
  5.3469477e-001	
  6.0254721e-001	
  6.6644708e-001	
  7.1190162e-001	
  7.5559947e-001	
  8.0039526e-001	
  8.2323232e-001	
  8.4036012e-001	
  8.6890646e-001	
  8.6275801e-001	
  8.5990338e-001	
  8.4387352e-001	
  8.2015810e-001	
  7.8546333e-001	
  7.4132631e-001	
  7.0794906e-001	
  6.6029864e-001	
  6.1506368e-001	
  5.4896794e-001	
  4.8594642e-001	
  4.2072903e-001	
  3.5111989e-001	
  2.9490558e-001	
  2.4176548e-001	
  1.9675011e-001	
  1.4141414e-001	
  1.1111111e-001	
  8.5858586e-002	
  7.0267896e-002	
  6.4119455e-002	
  6.6754502e-002	
  8.6078173e-002	
  1.2560386e-001	
  1.5920070e-001	
  1.9806763e-001	
  2.4330259e-001	
  3.0171278e-001	
  3.6209925e-001	
  4.5234958e-001	
  5.3403601e-001	
  6.1989460e-001	
  6.7764603e-001	
  7.5274484e-001	
  8.1752306e-001	
  8.4497145e-001	
  8.8274045e-001	
  9.1458059e-001	
  9.1523935e-001	
  9.1326307e-001	
  9.0557751e-001	
  8.8625384e-001	
  8.5551164e-001	
  8.1884058e-001	
  7.8502415e-001	
  7.3935002e-001	
  6.9433465e-001	
  6.4163373e-001	
  5.7949056e-001	
  5.1581028e-001	
  4.4795784e-001	
  3.8888889e-001	
  3.3992095e-001	
  2.8238911e-001	
  2.3759332e-001	
  2.1409750e-001	
  1.7742644e-001	
  1.4800176e-001	
  1.3921827e-001	
  1.4382960e-001	
  1.4097497e-001	
  1.4888011e-001	
  1.8072025e-001	
  2.0114185e-001	
  2.3605621e-001	
  2.7953448e-001	
  3.3728590e-001	
  3.8339921e-001	
  4.5322793e-001	
  5.2327624e-001	
  5.8849363e-001	
  6.6469038e-001	
  7.0685112e-001	
  7.6548090e-001	
  8.1444884e-001	
  8.4255599e-001	
  8.8274045e-001	
  8.9877031e-001	
  9.2248573e-001	
  9.1743522e-001	
  9.0469917e-001	
  8.9877031e-001	
  8.7922705e-001	
  8.4650856e-001	
  8.2279315e-001	
  7.9270971e-001	
  7.5581906e-001	
  7.1739130e-001	
  6.5436978e-001	
  5.8959157e-001	
  5.2678964e-001	
  4.6288977e-001	
  4.0799297e-001	
  3.5726834e-001	
  3.0808081e-001	
  2.6328502e-001	
  2.2288098e-001	
  1.9740887e-001	
  1.6249451e-001	
  1.5568731e-001	
  1.3833992e-001	
  1.3306983e-001	
  1.5239350e-001	
  1.6161616e-001	
  1.9191919e-001	
  2.1475626e-001	
  2.5230567e-001	
  2.9688186e-001	
  3.4563022e-001	
  3.9547650e-001	
  4.6859903e-001	
  5.2722881e-001	
  5.8937198e-001	
  6.5283267e-001	
  6.8423364e-001	
  7.3451910e-001	
  7.7206851e-001	
  7.8590250e-001	
  7.9556434e-001	
  8.1488801e-001	
  8.0434783e-001	
  7.8458498e-001	
  7.5691700e-001	
  7.3561704e-001	
  6.9082126e-001	
  6.4997804e-001	
  6.0979359e-001	
  5.6807202e-001	
  5.0373298e-001	
  4.4488362e-001	
  3.7768994e-001	
  3.4101888e-001	
  2.9161177e-001	
  2.5186649e-001	
  2.1343874e-001	
  1.9587176e-001	
  1.6447079e-001	
  1.5393061e-001	
  1.4756258e-001	
  1.4448836e-001	
  1.6337286e-001	
  1.8599034e-001	
  2.0992534e-001	
  2.4330259e-001	
  2.8173035e-001	
  3.2586737e-001	
  3.7637242e-001	
  4.3566096e-001	
  5.0527009e-001	
  5.7180501e-001	
  6.4229249e-001	
  6.8072025e-001	
  7.2375933e-001	
  7.6196750e-001	
  7.9249012e-001	
  8.1159420e-001	
  8.3179622e-001	
  8.4167765e-001	
  8.2762407e-001	
  8.1071585e-001	
  7.9139218e-001	
  7.7009223e-001	
  7.4000878e-001	
  7.0158103e-001	
  6.7083882e-001	
  6.2933685e-001	
  5.6565657e-001	
  5.1032060e-001	
  4.4115064e-001	
  3.8120334e-001	
  3.1818182e-001	
  2.8173035e-001	
  2.3693456e-001	
  2.0114185e-001	
  1.7105841e-001	
  1.5678524e-001	
  1.3680281e-001	
  1.3460694e-001	
  1.3526570e-001	
  1.4185332e-001	
  1.5524813e-001	
  1.7479139e-001	
  2.0509442e-001	
  2.4132631e-001	
  2.7580149e-001	
  3.2103645e-001	
  3.6693017e-001	
  4.3214756e-001	
  5.0483092e-001	
  5.6346069e-001	
  6.3350900e-001	
  6.9982433e-001	
  7.5450154e-001	
  7.9468599e-001	
  8.2894159e-001	
  8.5595081e-001	
  8.6473430e-001	
  8.7856829e-001	
  8.7088274e-001	
  8.5836627e-001	
  8.4211682e-001	
  8.1554677e-001	
  7.8151076e-001	
  7.4440053e-001	
  7.0575318e-001	
  6.6425121e-001	
  6.1176987e-001	
  5.4808959e-001	
  4.9077734e-001	
  4.3983311e-001	
  3.7110233e-001	
  3.3728590e-001	
  2.9139218e-001	
  2.4483970e-001	
  2.0816864e-001	
  1.8972332e-001	
  1.6161616e-001	
  1.4492754e-001	
  1.3526570e-001	
  1.4031621e-001	
  1.5436978e-001	
  1.8577075e-001	
  2.1629337e-001	
  2.4044796e-001	
  2.7909530e-001	
  3.2806324e-001	
  3.8449715e-001	
  4.4664032e-001	
  5.0131752e-001	
  5.7839262e-001	
  6.3285024e-001	
  6.9279754e-001	
  7.2332016e-001	
  7.8173035e-001	
  8.1510760e-001	
  8.3684673e-001	
  8.4365393e-001	
  8.6297760e-001	
  8.5068072e-001	
  8.4870444e-001	
  8.2279315e-001	
  8.1291173e-001	
  7.8612209e-001	
  7.6043039e-001	
  7.2727273e-001	
  6.8730786e-001	
  6.4602547e-001	
  5.9288538e-001	
  5.3667106e-001	
  4.8440931e-001	
  4.3148880e-001	
  3.8274045e-001	
  3.3135705e-001	
  2.8304787e-001	
  2.5186649e-001	
  2.3627580e-001	
  2.1299956e-001	
  2.0158103e-001	
  2.0597277e-001	
  2.2310057e-001	
  2.4132631e-001	
  2.6943347e-001	
  2.9995608e-001	
  3.2476943e-001	
  3.6758893e-001	
  4.1106719e-001	
  4.6706192e-001	
  5.3118138e-001	
  6.0584102e-001	
  6.7259552e-001	
  7.0904699e-001	
  7.6372420e-001	
  8.0456741e-001	
  8.3596838e-001	
  8.6451471e-001	
  8.8669302e-001	
  8.8449715e-001	
  8.8274045e-001	
  8.6758893e-001	
  8.5155907e-001	
  8.3025911e-001	
  7.9578393e-001	
  7.5713658e-001	
  7.1256039e-001	
  6.6688625e-001	
  5.9332455e-001	
  5.4369785e-001	
  4.6662275e-001	
  4.0074660e-001	
  3.3487044e-001	
  2.9336847e-001	
  2.4000878e-001	
  1.8379447e-001	
  1.4602547e-001	
  1.2406675e-001	
  9.4422486e-002	
  8.4321476e-002	
  7.0048309e-002	
  7.8831796e-002	
  8.0368906e-002	
  1.0935441e-001	
  1.3746157e-001	
  1.6534914e-001	
  1.9499341e-001	
  2.3956961e-001	
  2.8678085e-001	
  3.5551164e-001	
  4.1897233e-001	
  4.9736495e-001	
  5.7465964e-001	
  6.2626263e-001	
  6.8730786e-001	
  7.4835310e-001	
  7.8897672e-001	
  8.2147563e-001	
  8.6385595e-001	
  8.7615283e-001	
  8.7220026e-001	
  8.7220026e-001	
  8.6758893e-001	
  8.5331577e-001	
  8.2938076e-001	
  7.8765920e-001	
  7.4154589e-001	
  6.9916557e-001	
  6.5502855e-001	
  5.9420290e-001	
  5.2942468e-001	
  4.5871761e-001	
  3.9196311e-001	
  3.4211682e-001	
  2.9161177e-001	
  2.3869126e-001	
  1.9367589e-001	
  1.5898112e-001	
  1.3065437e-001	
  1.0584102e-001	
  1.0144928e-001	
  1.0540184e-001	
  1.1594203e-001	
  1.2560386e-001	
  1.4602547e-001	
  1.8335529e-001	
  2.1190162e-001	
  2.5494071e-001	
  3.0983751e-001	
  3.6912604e-001	
  4.3675889e-001	
  5.1998243e-001	
  5.9266579e-001	
  6.5107598e-001	
  7.1453667e-001	
  7.6372420e-001	
  8.2081686e-001	
  8.6539306e-001	
  8.9811155e-001	
  9.1370224e-001	
  9.2907334e-001	
  9.1941151e-001	
  9.2841458e-001	
  9.0733421e-001	
  8.7944664e-001	
  8.5243742e-001	
  8.1532718e-001	
  7.8985507e-001	
  7.3935002e-001	
  6.8862538e-001	
  6.3087396e-001	
  5.7004831e-001	
  5.1449275e-001	
  4.5871761e-001	
  4.0074660e-001	
  3.4980237e-001	
  3.0895916e-001	
  2.6635924e-001	
  2.3583663e-001	
  2.1058410e-001	
  1.9631094e-001	
  1.8620993e-001	
  2.0026350e-001	
  2.2288098e-001	
  2.3166447e-001	
  2.5713658e-001	
  2.8348704e-001	
  3.2806324e-001	
  3.6539306e-001	
  4.0909091e-001	
  4.6815986e-001	
  5.4940711e-001	
  6.1791831e-001	
  6.8357488e-001	
  7.5186649e-001	
  8.1884058e-001	
  8.6671058e-001	
  9.0250329e-001	
  9.2863417e-001	
  9.6618357e-001	
  9.8177426e-001	
  9.9956083e-001	
  9.9736495e-001	
  1.0000000e+000	
  9.9275362e-001	
  9.6815986e-001	
  9.4356610e-001	
  9.1589811e-001	
  8.8515591e-001	
  8.5353535e-001	
  8.1818182e-001	
  7.7821695e-001	
  7.1299956e-001	
  6.6205534e-001	
  6.1001318e-001	
  5.5709267e-001	
  5.3140097e-001	
  4.8353096e-001	
  4.5696091e-001	
  4.1809398e-001	
  3.9196311e-001	
  3.6517347e-001	
  3.6649100e-001	
  3.6385595e-001	
  3.9064559e-001	
  3.9701361e-001	
  4.1304348e-001	
  4.4554238e-001	
  4.7804128e-001	
  5.0944225e-001	
  5.5489679e-001	
  6.0869565e-001	
  6.6271410e-001	
  7.1783048e-001	
  7.8722003e-001	
  8.2169521e-001	
  8.6363636e-001	
  9.0623628e-001	
  9.4356610e-001	
  9.5959596e-001	
  9.7584541e-001	
  9.7430830e-001	
  9.6596399e-001	
  9.4027229e-001	
  9.3214756e-001	
  9.0052701e-001	
  8.5287659e-001	
  8.1576636e-001	
  7.6745718e-001	
  7.2200264e-001	
  6.7391304e-001	
  6.0232762e-001	
  5.4040404e-001	
  4.8814229e-001	
  4.4246816e-001	
  3.9767238e-001	
  3.5331577e-001	
  3.2433026e-001	
  3.0017567e-001	
  2.6592007e-001	
  2.5472112e-001	
  2.5010979e-001	
  2.5691700e-001	
  2.5889328e-001	
  2.8194993e-001	
  3.2081686e-001	
  3.5133948e-001	
  3.8296004e-001	
  4.3192798e-001	
  4.8682477e-001	
  5.4765042e-001	
  6.2582345e-001	
  6.9587176e-001	
  7.5757576e-001	
  7.9863856e-001	
  8.4145806e-001	
  8.8296004e-001	
  9.1611770e-001	
  9.2490119e-001	
  9.2951252e-001	
  9.0755380e-001	
  8.9569609e-001	
  8.5704875e-001	
  8.2147563e-001	
  7.7492314e-001	
  7.3188406e-001	
  6.8862538e-001	
  6.3943786e-001	
  5.8717611e-001	
  5.1383399e-001	
  4.6003513e-001	
  4.0667545e-001	
  3.6341678e-001	
  3.1291173e-001	
  2.8743961e-001	
  2.4703557e-001	
  2.2090470e-001	
  2.1080369e-001	
  2.0882740e-001	
  2.1014493e-001	
  2.0729029e-001	
  2.2595520e-001	
  2.5120773e-001	
  2.8063241e-001	
  3.1840141e-001	
  3.5551164e-001	
  3.9723320e-001	
  4.5740009e-001	
  5.1690821e-001	
  5.8366271e-001	
  6.5239350e-001	
  7.1541502e-001	
  7.3869126e-001	
  7.7646025e-001	
  8.1664471e-001	
  8.5111989e-001	
  8.6385595e-001	
  8.7198068e-001	
  8.6693017e-001	
  8.5573123e-001	
  8.3926219e-001	
  8.2147563e-001	
  7.8875714e-001	
  7.5362319e-001	
  7.0992534e-001	
  6.6534914e-001	
  6.0869565e-001	
  5.3469477e-001	
  4.8572683e-001	
  4.4158981e-001	
  3.9745279e-001	
  3.6297760e-001	
  3.2169521e-001	
  2.9556434e-001	
  2.6108915e-001	
  2.4418094e-001	
  2.4483970e-001	
  2.3956961e-001	
  2.4659640e-001	
  2.7031181e-001	
  2.9402723e-001	
  3.1576636e-001	
  3.3552921e-001	
  3.7812912e-001	
  4.1436100e-001	
  4.5300834e-001	
  5.0966184e-001	
  5.7290294e-001	
  6.4185332e-001	
  7.0443566e-001	
  7.5450154e-001	
  8.1071585e-001	
  8.4870444e-001	
  8.8427756e-001	
  9.1194554e-001	
  9.2512077e-001	
  9.2709706e-001	
  9.3456302e-001	
  9.1831357e-001	
  8.9920949e-001	
  8.8405797e-001	
  8.5090031e-001	
  8.2696531e-001	
  7.9490558e-001	
  7.5208608e-001	
  7.0882740e-001	
  6.4734300e-001	
  5.7992973e-001	
  5.2415459e-001	
  4.7408871e-001	
  4.2534036e-001	
  3.7044357e-001	
  3.2520861e-001	
  2.8524374e-001	
  2.5384278e-001	
  2.3539745e-001	
  2.1717172e-001	
  2.1168204e-001	
  1.9872639e-001	
  2.0136144e-001	
  2.1212121e-001	
  2.1958718e-001	
  2.4198507e-001	
  2.7448397e-001	
  3.1049627e-001	
  3.4782609e-001	
  4.0184453e-001	
  4.5366711e-001	
  5.1537110e-001	
  5.8344313e-001	
  6.4756258e-001	
  6.9455424e-001	
  7.3386034e-001	
  7.7909530e-001	
  8.0610452e-001	
  8.5880545e-001	
  8.7988581e-001	
  8.9130435e-001	
  8.9437857e-001	
  8.9042600e-001	
  8.9306105e-001	
  8.7812912e-001	
  8.4980237e-001	
  8.2389108e-001	
  7.9292929e-001	
  7.5274484e-001	
  7.1321915e-001	
  6.4756258e-001	
  5.9398331e-001	
  5.2810716e-001	
  4.6486605e-001	
  4.0974967e-001	
  3.5748792e-001	
  3.1049627e-001	
  2.7009223e-001	
  2.3847167e-001	
  2.0729029e-001	
  1.8467282e-001	
  1.6864295e-001	
  1.6337286e-001	
  1.6490997e-001	
  1.7347387e-001	
  1.9016249e-001	
  2.2705314e-001	
  2.4725516e-001	
  2.6987264e-001	
  3.1313131e-001	
  3.5551164e-001	
  4.0030742e-001	
  4.6684234e-001	
  5.2986386e-001	
  5.9903382e-001	
  6.6447079e-001	
  7.0333773e-001	
  7.6086957e-001	
  8.1137462e-001	
  8.4057971e-001	
  8.6868687e-001	
  8.9152394e-001	
  8.9986825e-001	
  9.1128678e-001	
  9.0887132e-001	
  8.9350022e-001	
  8.7747036e-001	
  8.5155907e-001	
  8.3443127e-001	
  7.8919631e-001	
  7.5625823e-001	
  7.2375933e-001	
  6.8225736e-001	
  6.2428634e-001	
  5.7026790e-001	
  5.0527009e-001	
  4.5564339e-001	
  4.0447958e-001	
  3.7022398e-001	
  3.2916118e-001	
  2.8019324e-001	
  2.5208608e-001	
  2.2837066e-001	
  2.1343874e-001	
  2.0289855e-001	
  1.9169960e-001	
  2.0838823e-001	
  2.1234080e-001	
  2.3276241e-001	
  2.5164690e-001	
  2.7953448e-001	
  3.1554677e-001	
  3.6231884e-001	
  4.1721563e-001	
  4.8375055e-001	
  5.3886693e-001	
  6.1242863e-001	
  6.7018006e-001	
  7.1431708e-001	
  7.6526131e-001	
  8.0105402e-001	
  8.3838384e-001	
  8.6012297e-001	
  8.9196311e-001	
  8.9613527e-001	
  8.9789196e-001	
  8.8998682e-001	
  8.7088274e-001	
  8.3684673e-001	
  8.1532718e-001	
  7.8480457e-001	
  7.4132631e-001	
  7.0114185e-001	
  6.5349144e-001	
  5.8805446e-001	
  5.1471234e-001	
  4.6091348e-001	
  3.9503733e-001	
  3.4650856e-001	
  2.8743961e-001	
  2.5054897e-001	
  2.1124286e-001	
  1.8489240e-001	
  1.5305226e-001	
  1.3658322e-001	
  1.3746157e-001	
  1.4448836e-001	
  1.5436978e-001	
  1.7501098e-001	
  2.1321915e-001	
  2.5406236e-001	
  2.9666227e-001	
  3.4343434e-001	
  3.8383838e-001	
  4.6398770e-001	
  5.4633289e-001	
  6.2099253e-001	
  6.7501098e-001	
  7.1936759e-001	
  7.8085200e-001	
  8.2454985e-001	
  8.5309618e-001	
  8.6934563e-001	
  8.9635485e-001	
  8.8823013e-001	
  8.9767238e-001	
  8.8976724e-001	
  8.6078173e-001	
  8.4475187e-001	
  8.0742205e-001	
  7.6635924e-001	
  7.2617479e-001	
  6.9148002e-001	
  6.5722442e-001	
  6.0057093e-001	
  5.3359684e-001	
  4.7650417e-001	
  4.0996926e-001	
  3.6846728e-001	
  3.0588494e-001	
  2.6723759e-001	
  2.1497585e-001	
  1.8203777e-001	
  1.5700483e-001	
  1.2999561e-001	
  1.1835749e-001	
  1.2516469e-001	
  1.3636364e-001	
  1.4734300e-001	
  1.7237593e-001	
  2.0904699e-001	
  2.4659640e-001	
  2.9380764e-001	
  3.3772508e-001	
  4.2116820e-001	
  5.0680720e-001	
  5.9793588e-001	
  6.6095740e-001	
  7.2902942e-001	
  7.8985507e-001	
  8.4299517e-001	
  8.7285903e-001	
  9.2446201e-001	
  9.3610013e-001	
  9.5981555e-001	
  9.6025472e-001	
  9.4861660e-001	
  9.3500220e-001	
  9.1655687e-001	
  8.9240228e-001	
  8.4233641e-001	
