  7.6281479e-001	
  7.4924094e-001	
  7.4924094e-001	
  7.3495267e-001	
  7.2030720e-001	
  7.0405430e-001	
  6.9030184e-001	
  6.6654760e-001	
  6.5190213e-001	
  6.2082515e-001	
  5.7849616e-001	
  5.1455617e-001	
  4.5204501e-001	
  4.1132345e-001	
  3.6238614e-001	
  3.2023576e-001	
  2.9040900e-001	
  2.7201286e-001	
  2.3664940e-001	
  2.0146455e-001	
  1.7610288e-001	
  1.6288623e-001	
  1.7163779e-001	
  1.8288980e-001	
  1.9074835e-001	
  1.9146276e-001	
  2.1271656e-001	
  2.2879086e-001	
  2.4754420e-001	
  2.6754778e-001	
  2.9380246e-001	
  3.2345062e-001	
  3.6488659e-001	
  4.2936239e-001	
  4.7044115e-001	
  5.1223433e-001	
  5.5492052e-001	
  5.7242365e-001	
  6.1475263e-001	
  6.4690123e-001	
  6.8744419e-001	
  7.1101982e-001	
  7.1619932e-001	
  7.1477049e-001	
  7.2352206e-001	
  7.1512770e-001	
  7.1566351e-001	
  6.9851759e-001	
  7.0459011e-001	
  6.8637257e-001	
  6.5833184e-001	
  6.3350598e-001	
  6.0028577e-001	
  5.4241829e-001	
  4.8758707e-001	
  4.2257546e-001	
  3.7917485e-001	
  3.1987855e-001	
  2.8112163e-001	
  2.4486515e-001	
  2.2396857e-001	
  1.9449902e-001	
  1.6985176e-001	
  1.4306126e-001	
  1.4913377e-001	
  1.5395606e-001	
  1.5163422e-001	
  1.5770673e-001	
  1.7788891e-001	
  1.9860689e-001	
  2.2271834e-001	
  2.4379353e-001	
  2.7147705e-001	
  3.1023397e-001	
  3.7328094e-001	
  4.4811573e-001	
  5.3223790e-001	
  5.9010538e-001	
  6.2439721e-001	
  6.5654581e-001	
  6.6404715e-001	
  6.5172352e-001	
  6.3850688e-001	
  6.3761386e-001	
  6.3064833e-001	
  6.2243258e-001	
  6.0725129e-001	
  5.9207001e-001	
  5.6992320e-001	
  5.3580997e-001	
  5.0062511e-001	
  4.6276121e-001	
  4.0560814e-001	
  3.4666905e-001	
  2.8219325e-001	
  2.2664762e-001	
  1.7610288e-001	
  1.2680836e-001	
  1.0001786e-001	
  8.1800321e-002	
  6.0367923e-002	
  4.1435971e-002	
  3.1076978e-002	
  1.5359886e-002	
  2.5004465e-003	
  0.0000000e+000	
  7.3227362e-003	
  2.8576532e-003	
  8.9301661e-003	
  1.4109662e-002	
  3.1434185e-002	
  5.1616360e-002	
  6.8405072e-002	
  9.6445794e-002	
  1.3234506e-001	
  2.0789427e-001	
  3.1827112e-001	
  4.2061082e-001	
  4.9973210e-001	
  5.7349527e-001	
  6.1939632e-001	
  6.4993749e-001	
  6.7101268e-001	
  7.0101804e-001	
  7.2709412e-001	
  7.2334345e-001	
  7.3745312e-001	
  7.2780854e-001	
  7.1334167e-001	
  6.7565637e-001	
  6.6440436e-001	
  6.3654224e-001	
  6.0510806e-001	
  5.8135381e-001	
  5.5492052e-001	
  5.2723701e-001	
  4.8097875e-001	
  4.2686194e-001	
  3.6774424e-001	
  3.1969995e-001	
  2.8808716e-001	
  2.5147348e-001	
  2.3593499e-001	
  2.1075192e-001	
  1.8556885e-001	
  1.7699589e-001	
  1.7538846e-001	
  1.8699768e-001	
  2.0200036e-001	
  2.1861047e-001	
  2.2629041e-001	
  2.5040186e-001	
  2.7897839e-001	
  3.2237900e-001	
  3.7649580e-001	
  4.6633327e-001	
  5.4241829e-001	
  5.9778532e-001	
  6.4047151e-001	
  6.7351313e-001	
  7.2245044e-001	
  7.4602608e-001	
  7.4709770e-001	
  7.5370602e-001	
  7.3923915e-001	
  7.1191284e-001	
  7.0726916e-001	
  6.8798000e-001	
  6.9744597e-001	
  6.9208787e-001	
  6.8458653e-001	
  6.7047687e-001	
  6.4815146e-001	
  6.1207358e-001	
  5.6170745e-001	
  5.2045008e-001	
  4.6043936e-001	
  4.1060904e-001	
  3.6810145e-001	
  3.3505983e-001	
  2.9969637e-001	
  2.7397750e-001	
  2.4343633e-001	
  2.3772102e-001	
  2.2539739e-001	
  2.1986069e-001	
  2.3004108e-001	
  2.4486515e-001	
  2.6111806e-001	
  2.7754956e-001	
  3.1684229e-001	
  3.5559921e-001	
  3.9935703e-001	
  4.4418646e-001	
  4.9437400e-001	
  5.4456153e-001	
  5.9474906e-001	
  6.3761386e-001	
  6.6601179e-001	
  6.7851402e-001	
  6.8440793e-001	
  6.9280229e-001	
  6.9405251e-001	
  7.0994821e-001	
  7.0316128e-001	
  6.9012324e-001	
  6.7512056e-001	
  6.7101268e-001	
  6.6243972e-001	
  6.3957850e-001	
  6.1260939e-001	
  5.9171281e-001	
  5.4795499e-001	
  4.9151634e-001	
  4.2686194e-001	
  3.8596178e-001	
  3.3113056e-001	
  2.9505269e-001	
  2.6683336e-001	
  2.4897303e-001	
  2.1360957e-001	
  1.9949991e-001	
  1.7896053e-001	
  1.7074478e-001	
  1.6056439e-001	
  1.4949098e-001	
  1.4466869e-001	
  1.6038578e-001	
  1.8342561e-001	
  2.1468119e-001	
  2.4575817e-001	
  2.7558493e-001	
  3.0826933e-001	
  3.4666905e-001	
  3.9632077e-001	
  4.4382926e-001	
  4.8294338e-001	
  5.4259689e-001	
  5.8760493e-001	
  6.2814788e-001	
  6.4725844e-001	
  6.5261654e-001	
  6.6529737e-001	
  6.4779425e-001	
  6.2171816e-001	
  6.2796928e-001	
  6.2028934e-001	
  6.1796749e-001	
  6.1493124e-001	
  6.1296660e-001	
  6.0617967e-001	
  5.9314163e-001	
  5.7545990e-001	
  5.4348991e-001	
  5.0258975e-001	
  4.6383283e-001	
  4.3543490e-001	
  3.8685480e-001	
  3.6149312e-001	
  3.4541882e-001	
  3.2095017e-001	
  2.8737275e-001	
  2.6933381e-001	
  2.4611538e-001	
  2.2879086e-001	
  2.1664583e-001	
  2.2896946e-001	
  2.3486337e-001	
  2.5415253e-001	
  2.9630291e-001	
  3.2684408e-001	
  3.6720843e-001	
  4.1203786e-001	
  4.7008394e-001	
  5.4063226e-001	
  6.3046973e-001	
  7.0798357e-001	
  7.6013574e-001	
  8.0818003e-001	
  8.3425612e-001	
  8.5372388e-001	
  8.7265583e-001	
  8.6783354e-001	
  8.7497767e-001	
  8.8069298e-001	
  8.6390427e-001	
  8.5533131e-001	
  8.3979282e-001	
  8.2657617e-001	
  8.0978746e-001	
  7.8674763e-001	
  7.5656367e-001	
  7.2120021e-001	
  6.6279693e-001	
  6.1582425e-001	
  5.6456510e-001	
  5.1348455e-001	
  4.5043758e-001	
  4.2507591e-001	
  3.7220932e-001	
  3.5899268e-001	
  3.2202179e-001	
  3.1023397e-001	
  2.8237185e-001	
  2.7433470e-001	
  2.7826398e-001	
  2.8147884e-001	
  2.9487408e-001	
  3.0755492e-001	
  3.3273799e-001	
  3.4720486e-001	
  3.6810145e-001	
  3.9882122e-001	
  4.3757814e-001	
  5.0598321e-001	
  5.9153420e-001	
  6.8047866e-001	
  7.3852474e-001	
  7.9567780e-001	
  8.2443293e-001	
  8.4568673e-001	
  8.3639936e-001	
  8.4193606e-001	
  8.3086265e-001	
  8.3336310e-001	
  8.0585819e-001	
  7.9031970e-001	
  7.8514020e-001	
  7.7138775e-001	
  7.6370780e-001	
  7.4388284e-001	
  7.1798535e-001	
  6.8833720e-001	
  6.3993570e-001	
  5.7135203e-001	
  5.0598321e-001	
  4.8401500e-001	
  4.3293445e-001	
  3.8399714e-001	
  3.4006073e-001	
  3.0969816e-001	
  2.7290588e-001	
  2.5522415e-001	
  2.4290052e-001	
  2.4325772e-001	
  2.3468477e-001	
  2.2879086e-001	
  2.4879443e-001	
  2.8112163e-001	
  3.1487766e-001	
  3.5363458e-001	
  3.9828541e-001	
  4.3364887e-001	
  4.6954813e-001	
  5.2241472e-001	
  5.9349884e-001	
  6.6797642e-001	
  7.2280764e-001	
  7.7103054e-001	
  8.0996607e-001	
  8.3729237e-001	
  8.4265047e-001	
  8.5211645e-001	
  8.4550813e-001	
  8.3729237e-001	
  8.1871763e-001	
  8.1550277e-001	
  8.1210931e-001	
  8.0567959e-001	
  7.9782104e-001	
  7.7906769e-001	
  7.5459904e-001	
  7.2548669e-001	
  6.9030184e-001	
  6.4940168e-001	
  5.9921415e-001	
  5.6117164e-001	
  5.0080371e-001	
  4.5436685e-001	
  4.1578853e-001	
  3.7917485e-001	
  3.4202536e-001	
  3.3720307e-001	
  3.2612967e-001	
  3.1505626e-001	
  3.0273263e-001	
  3.2416503e-001	
  3.4041793e-001	
  3.5131273e-001	
  3.7292374e-001	
  3.8596178e-001	
  4.0078585e-001	
  4.3239864e-001	
  4.6008216e-001	
  4.8812288e-001	
  5.3420254e-001	
  5.9439186e-001	
  6.3600643e-001	
  6.7065547e-001	
  7.0191106e-001	
  7.3620289e-001	
  7.7549562e-001	
  8.1621718e-001	
  8.4836578e-001	
  8.7712091e-001	
  8.8801572e-001	
  8.9373102e-001	
  8.9605287e-001	
  8.7497767e-001	
  8.4729416e-001	
  8.3300589e-001	
  8.1943204e-001	
  7.9692802e-001	
  7.7996071e-001	
  7.5245580e-001	
  7.2012859e-001	
  6.7262011e-001	
  6.1118057e-001	
  5.5277728e-001	
  4.8008573e-001	
  4.0221468e-001	
  3.6470798e-001	
  3.1541347e-001	
  2.7772817e-001	
  2.5861761e-001	
  2.4397214e-001	
  2.2236114e-001	
  2.1771745e-001	
  2.2289695e-001	
  2.0753706e-001	
  2.3093410e-001	
  2.3825683e-001	
  2.6290409e-001	
  2.9308805e-001	
  3.2737989e-001	
  3.6560100e-001	
  4.0453652e-001	
  4.5240221e-001	
  5.2813002e-001	
  6.0082158e-001	
  6.6297553e-001	
  7.2012859e-001	
  7.5924272e-001	
  8.0675121e-001	
  8.2550455e-001	
  8.5908198e-001	
  8.9837471e-001	
  8.9319521e-001	
  9.0998393e-001	
  9.0676907e-001	
  9.1051974e-001	
  8.9533845e-001	
  8.9355242e-001	
  8.8658689e-001	
  8.7444186e-001	
  8.4925880e-001	
  8.0317914e-001	
  7.5995714e-001	
  6.9405251e-001	
  6.3386319e-001	
  5.7224504e-001	
  5.0241114e-001	
  4.6901232e-001	
  4.2721915e-001	
  3.8756921e-001	
  3.5720664e-001	
  3.3023754e-001	
  3.0362565e-001	
  2.7737096e-001	
  2.6594035e-001	
  2.7004822e-001	
  2.6415431e-001	
  2.6897660e-001	
  2.7379889e-001	
  3.0523308e-001	
  3.4166816e-001	
  3.8328273e-001	
  4.3168423e-001	
  4.9437400e-001	
  5.8224683e-001	
  6.6476156e-001	
  7.2048580e-001	
  7.8924808e-001	
  8.2032506e-001	
  8.4818718e-001	
  8.7033399e-001	
  8.9641007e-001	
  9.2838007e-001	
  9.4606180e-001	
  9.6642258e-001	
  9.5392034e-001	
  9.5927844e-001	
  9.5588498e-001	
  9.3213074e-001	
  9.1784247e-001	
  9.0694767e-001	
  8.8890873e-001	
  8.6354706e-001	
  8.3193427e-001	
  7.8853367e-001	
  7.3209502e-001	
  6.6422575e-001	
  6.1189498e-001	
  5.4795499e-001	
  5.0419718e-001	
  4.6811931e-001	
  4.3150563e-001	
  3.7345955e-001	
  3.4559743e-001	
  3.2988034e-001	
  3.0666190e-001	
  3.0380425e-001	
  3.2291481e-001	
  3.4238257e-001	
  3.5059832e-001	
  3.5934988e-001	
  3.8899804e-001	
  4.2632613e-001	
  4.8240757e-001	
  5.5295588e-001	
  6.3779246e-001	
  7.3388105e-001	
  8.0032149e-001	
  8.4247187e-001	
  8.7319164e-001	
  8.6961957e-001	
  8.9140918e-001	
  8.8765851e-001	
  8.9105197e-001	
  8.9194499e-001	
  8.8926594e-001	
  8.9569566e-001	
  8.9158778e-001	
  8.9426683e-001	
  8.8515806e-001	
  8.6640472e-001	
  8.4140025e-001	
  8.0782283e-001	
  7.5977853e-001	
  6.9958921e-001	
  6.1546705e-001	
  5.5759957e-001	
  5.1580639e-001	
  4.6419003e-001	
  4.2775496e-001	
  4.0132166e-001	
  3.7292374e-001	
  3.5417039e-001	
  3.2505805e-001	
  3.2184319e-001	
  3.1684229e-001	
  3.2863011e-001	
  3.3988212e-001	
  3.7006608e-001	
  3.9149848e-001	
  4.1275228e-001	
  4.5240221e-001	
  5.0098232e-001	
  5.7367387e-001	
  6.9101625e-001	
  7.8085372e-001	
  8.3157707e-001	
  8.6676192e-001	
  8.9426683e-001	
  9.0283979e-001	
  8.7640650e-001	
  8.6944097e-001	
  8.8355063e-001	
  8.8747991e-001	
  8.7694231e-001	
  8.8497946e-001	
  8.8087158e-001	
  8.7301304e-001	
  8.6872656e-001	
  8.4050723e-001	
  8.1210931e-001	
  7.7871048e-001	
  7.1905697e-001	
  6.5083051e-001	
  5.9599929e-001	
  5.3259511e-001	
  4.8669405e-001	
  4.3989998e-001	
  4.1043043e-001	
  3.8649759e-001	
  3.5684944e-001	
  3.3505983e-001	
  3.0934095e-001	
  3.0005358e-001	
  2.8255046e-001	
  2.8415789e-001	
  2.9148062e-001	
  3.0791213e-001	
  3.4006073e-001	
  3.7595999e-001	
  4.0560814e-001	
  4.5597428e-001	
  5.1348455e-001	
  5.8939096e-001	
  6.6529737e-001	
  7.5549205e-001	
  7.9549920e-001	
  8.2121807e-001	
  8.3086265e-001	
  8.2979103e-001	
  8.2514735e-001	
  8.3121986e-001	
  8.2336131e-001	
  8.3586355e-001	
  8.4140025e-001	
  8.2443293e-001	
  8.1175210e-001	
  7.8924808e-001	
  7.6942311e-001	
  7.4263261e-001	
  7.1887837e-001	
  6.8119307e-001	
  6.3064833e-001	
  5.7617432e-001	
  5.2045008e-001	
  4.6508305e-001	
  4.2686194e-001	
  3.8953385e-001	
  3.5309877e-001	
  3.2880872e-001	
  3.0612609e-001	
  2.7612074e-001	
  2.6254688e-001	
  2.3272013e-001	
  2.2504019e-001	
  2.1021611e-001	
  2.1700304e-001	
  2.4182890e-001	
  2.5004465e-001	
  2.7397750e-001	
  3.0862654e-001	
  3.4023933e-001	
  3.8042508e-001	
  4.2311127e-001	
  5.0937667e-001	
  5.8474728e-001	
  6.4100732e-001	
  6.9798178e-001	
  7.1923558e-001	
  7.1262725e-001	
  7.2280764e-001	
  7.3120200e-001	
  7.4048937e-001	
  7.5442043e-001	
  7.6120736e-001	
  7.6567244e-001	
  7.5977853e-001	
  7.5870691e-001	
  7.6049295e-001	
  7.4924094e-001	
  7.2977317e-001	
  7.0994821e-001	
  6.8637257e-001	
  6.4940168e-001	
  5.8778353e-001	
  5.2920164e-001	
  4.5597428e-001	
  4.1596714e-001	
  3.7024469e-001	
  3.4166816e-001	
  3.0809073e-001	
  2.9415967e-001	
  2.6504733e-001	
  2.5665297e-001	
  2.5075906e-001	
  2.5450973e-001	
  2.5058046e-001	
  2.6433292e-001	
  2.7879979e-001	
  3.0434006e-001	
  3.2434363e-001	
  3.5077692e-001	
  3.7881765e-001	
  4.1293088e-001	
  4.6008216e-001	
  5.3223790e-001	
  6.0082158e-001	
  6.7136989e-001	
  7.3173781e-001	
  7.7531702e-001	
  8.2443293e-001	
  8.6497589e-001	
  8.4747276e-001	
  8.6676192e-001	
  8.5622433e-001	
  8.6515449e-001	
  8.5693874e-001	
  8.4836578e-001	
  8.4068584e-001	
  8.2550455e-001	
  8.1550277e-001	
  7.9156992e-001	
  7.6120736e-001	
  7.2316485e-001	
  6.7244151e-001	
  5.9832113e-001	
  5.2616539e-001	
  4.8187176e-001	
  4.2168244e-001	
  3.7685301e-001	
  3.3220218e-001	
  3.1076978e-001	
  2.8505090e-001	
  2.6218968e-001	
  2.4629398e-001	
  2.4968744e-001	
  2.6486873e-001	
  2.8076442e-001	
  2.9862475e-001	
  3.1666369e-001	
  3.4470441e-001	
  3.6381497e-001	
  3.9685658e-001	
  4.4025719e-001	
  5.2152170e-001	
  5.9992856e-001	
  6.7547776e-001	
  7.3709591e-001	
  7.4584747e-001	
  7.7067333e-001	
  7.7978210e-001	
  7.7549562e-001	
  8.0889445e-001	
  8.3443472e-001	
  8.4943740e-001	
  8.5086623e-001	
  8.5140204e-001	
  8.3889980e-001	
  8.3943561e-001	
  8.2157528e-001	
  8.1853902e-001	
  7.9549920e-001	
  7.6585104e-001	
  7.2655831e-001	
  6.8405072e-001	
  6.0635828e-001	
  5.4509734e-001	
  4.7133417e-001	
  4.2078943e-001	
  3.8328273e-001	
  3.2541525e-001	
  2.8612252e-001	
  2.6201107e-001	
  2.6379711e-001	
  2.4450795e-001	
  2.4450795e-001	
  2.5093767e-001	
  2.6701197e-001	
  2.8272906e-001	
  2.9326665e-001	
  3.1880693e-001	
  3.6220754e-001	
  4.0775138e-001	
  4.5883193e-001	
  5.2009287e-001	
  6.0171459e-001	
  6.7476335e-001	
  7.3173781e-001	
  7.7692445e-001	
  8.0085730e-001	
  8.2246830e-001	
  8.3764958e-001	
  8.4425790e-001	
  8.5104483e-001	
  8.6354706e-001	
  8.6908376e-001	
  8.5997500e-001	
  8.6176103e-001	
  8.6551170e-001	
  8.5283086e-001	
  8.3747098e-001	
  8.1978925e-001	
  7.9907126e-001	
  7.9567780e-001	
  7.5834971e-001	
  7.3013038e-001	
  6.8208609e-001	
  6.2511163e-001	
  5.7599571e-001	
  5.3670298e-001	
  4.9008752e-001	
  4.5383104e-001	
  4.1007323e-001	
  3.8006787e-001	
  3.3631006e-001	
  3.1666369e-001	
  2.8844437e-001	
  2.8272906e-001	
  2.6218968e-001	
  2.6915521e-001	
  2.8647973e-001	
  3.1684229e-001	
  3.4791927e-001	
  3.7560279e-001	
  4.2346848e-001	
  4.6151098e-001	
  5.2259332e-001	
  6.0921593e-001	
  6.8512234e-001	
  7.3673870e-001	
  7.6602965e-001	
  7.8799786e-001	
  8.0567959e-001	
  8.1978925e-001	
  8.2764779e-001	
  8.3282729e-001	
  8.3854260e-001	
  8.4336489e-001	
  8.2800500e-001	
  8.2621897e-001	
  8.2353992e-001	
  8.1925344e-001	
  7.9335596e-001	
  7.7353099e-001	
  7.3781032e-001	
  6.8726558e-001	
  6.1993213e-001	
  5.6617253e-001	
  5.0080371e-001	
  4.3686373e-001	
  3.8864083e-001	
  3.4488301e-001	
  3.0737632e-001	
  2.6701197e-001	
  2.4754420e-001	
  2.2039650e-001	
  1.9324879e-001	
  1.9092695e-001	
  2.0592963e-001	
  2.2575460e-001	
  2.5558135e-001	
  2.8987319e-001	
  3.3720307e-001	
  3.7292374e-001	
  4.2846937e-001	
  5.0776924e-001	
  6.1243079e-001	
  6.8869441e-001	
  7.4620468e-001	
  7.8549741e-001	
  8.0728702e-001	
  8.1568137e-001	
  8.2889802e-001	
  8.3729237e-001	
  8.4282908e-001	
  8.6729773e-001	
  8.7872834e-001	
  8.9337382e-001	
  8.8873013e-001	
  8.8622968e-001	
  8.7676371e-001	
  8.5908198e-001	
  8.3121986e-001	
  8.0550098e-001	
  7.6067155e-001	
  7.2852295e-001	
  6.8940882e-001	
  6.1850330e-001	
  5.6277907e-001	
  5.1187712e-001	
  4.6293981e-001	
  4.2436149e-001	
  3.9757099e-001	
  3.6649402e-001	
  3.3505983e-001	
  3.1166280e-001	
  3.0630470e-001	
  3.0684051e-001	
  3.0434006e-001	
  3.1523486e-001	
  3.3291659e-001	
  3.5470620e-001	
  3.9810680e-001	
  4.3597071e-001	
  4.8080014e-001	
  5.2527237e-001	
  5.9260582e-001	
  6.6118950e-001	
  7.0744776e-001	
  7.4656189e-001	
  7.9478478e-001	
  8.2586176e-001	
  8.2782640e-001	
  8.4979461e-001	
  8.5443829e-001	
  8.5676014e-001	
  8.6926237e-001	
  8.6497589e-001	
  8.6068941e-001	
  8.4782997e-001	
  8.3443472e-001	
  8.1103769e-001	
  7.9371316e-001	
  7.7299518e-001	
  7.5424183e-001	
  7.2530809e-001	
  6.6583318e-001	
  6.1278800e-001	
  5.7385247e-001	
  5.3241650e-001	
  4.9919629e-001	
  4.7651366e-001	
  4.2525451e-001	
  3.8828362e-001	
  3.6899446e-001	
  3.4148955e-001	
  3.4041793e-001	
  3.3756028e-001	
  3.3738168e-001	
  3.4470441e-001	
  3.7810323e-001	
  4.0203608e-001	
  4.2364708e-001	
  4.5490266e-001	
  4.8973031e-001	
  5.2080729e-001	
  5.6135024e-001	
  5.8885515e-001	
  6.2386140e-001	
  6.6761922e-001	
  7.1369887e-001	
  7.5388462e-001	
  7.8781925e-001	
  8.0210752e-001	
  7.9264154e-001	
  7.8906948e-001	
  7.8906948e-001	
  7.8835506e-001	
  7.7763886e-001	
  7.7174495e-001	
  7.5424183e-001	
  7.3548848e-001	
  7.0816217e-001	
  6.6779782e-001	
  6.2100375e-001	
  5.7456689e-001	
  5.3205930e-001	
  4.8705126e-001	
  4.6365422e-001	
  4.1560993e-001	
  3.6828005e-001	
  3.2773710e-001	
  3.0934095e-001	
  2.9040900e-001	
  2.7111984e-001	
  2.7344169e-001	
  2.7647794e-001	
  2.7844258e-001	
  2.8772995e-001	
  3.0112520e-001	
  3.2487944e-001	
  3.4559743e-001	
  3.7774603e-001	
  4.1364529e-001	
  4.5168780e-001	
  5.1562779e-001	
  5.6331488e-001	
  6.1671727e-001	
  6.7762100e-001	
  7.0798357e-001	
  7.4263261e-001	
  7.5942133e-001	
  7.7567423e-001	
  7.7085194e-001	
  7.7621004e-001	
  7.8621182e-001	
  7.8531881e-001	
  7.8281836e-001	
  7.6692266e-001	
  7.6245758e-001	
  7.4709770e-001	
  7.3602429e-001	
  7.0423290e-001	
  6.8137167e-001	
  6.4833006e-001	
  6.0367923e-001	
  5.6831577e-001	
  5.1777103e-001	
  4.7883551e-001	
  4.4972316e-001	
  4.1971781e-001	
  3.8399714e-001	
  3.6595821e-001	
  3.4113235e-001	
  3.2827291e-001	
  3.3059475e-001	
  3.4273977e-001	
  3.6256474e-001	
  3.8506876e-001	
  4.0703697e-001	
  4.4793713e-001	
  4.8919450e-001	
  5.1919986e-001	
  5.6724415e-001	
  6.1921772e-001	
  6.7101268e-001	
  7.0655474e-001	
  7.4424004e-001	
  7.9103411e-001	
  8.0728702e-001	
  8.3657796e-001	
  8.5354528e-001	
  8.5229505e-001	
  8.5390248e-001	
  8.3461332e-001	
  8.1961064e-001	
  8.1728880e-001	
  8.0514378e-001	
  7.9782104e-001	
  7.7192356e-001	
  7.4227541e-001	
  6.9065905e-001	
  6.4850866e-001	
  5.9957135e-001	
  5.4974103e-001	
  5.2330773e-001	
  4.8722986e-001	
  4.5383104e-001	
  4.0864440e-001	
  3.7381675e-001	
  3.4434720e-001	
  3.0969816e-001	
  2.8397928e-001	
  2.7719236e-001	
  2.6897660e-001	
  2.5486694e-001	
  2.4825862e-001	
  2.4432934e-001	
  2.5415253e-001	
  2.6218968e-001	
  2.8201465e-001	
  3.1130559e-001	
  3.3988212e-001	
  3.7381675e-001	
  4.0560814e-001	
  4.4365065e-001	
  5.1384176e-001	
  5.9046258e-001	
  6.5690302e-001	
  6.9923201e-001	
  7.2405787e-001	
  7.5263440e-001	
  7.4816932e-001	
  7.4781211e-001	
  7.4370423e-001	
  7.4638328e-001	
  7.3798893e-001	
  7.2816574e-001	
  7.2709412e-001	
  7.0494731e-001	
  6.8422933e-001	
  6.5851045e-001	
  6.2493302e-001	
  5.8171102e-001	
  5.4420432e-001	
  5.0687623e-001	
  4.7240579e-001	
  4.3025540e-001	
  4.0364351e-001	
  3.9310591e-001	
  3.5149134e-001	
  3.2541525e-001	
  3.0630470e-001	
  2.9165922e-001	
  2.8201465e-001	
  2.5575996e-001	
  2.6594035e-001	
  2.6451152e-001	
  2.6040364e-001	
  2.7129845e-001	
  2.8165744e-001	
  3.0809073e-001	
  3.4970530e-001	
  3.8489016e-001	
  4.3347026e-001	
  4.9312377e-001	
  5.6277907e-001	
  6.3939989e-001	
  7.0851938e-001	
  7.6442222e-001	
  7.9371316e-001	
  8.2979103e-001	
  8.5033042e-001	
  8.6533310e-001	
  8.7086980e-001	
  8.9837471e-001	
  8.9319521e-001	
  8.8640829e-001	
  8.6229684e-001	
  8.6015360e-001	
  8.3247008e-001	
  8.0853724e-001	
  7.7460261e-001	
  7.5388462e-001	
  7.3548848e-001	
  7.0012502e-001	
  6.5922486e-001	
  6.1546705e-001	
  5.5581354e-001	
  5.1830684e-001	
  4.8937310e-001	
  4.6240400e-001	
  4.3329166e-001	
  4.1793177e-001	
  3.9096267e-001	
  3.7042329e-001	
  3.6131452e-001	
  3.7078050e-001	
  3.7828184e-001	
  4.0042865e-001	
  4.2846937e-001	
  4.5901054e-001	
  5.0044651e-001	
  5.3205930e-001	
  5.6010002e-001	
  5.9885694e-001	
  6.4958028e-001	
  7.0941240e-001	
  7.5638507e-001	
  7.8371138e-001	
  7.9996428e-001	
  8.1014467e-001	
  8.1996785e-001	
  8.0925165e-001	
  8.3764958e-001	
  8.3425612e-001	
  8.3497053e-001	
  8.5443829e-001	
  8.3354170e-001	
  8.1853902e-001	
  8.1300232e-001	
  8.1443115e-001	
  8.1139489e-001	
  8.0442936e-001	
  8.1764601e-001	
  8.2050366e-001	
  7.9692802e-001	
  7.7299518e-001	
  7.3620289e-001	
  7.0637614e-001	
  6.6869084e-001	
  6.3850688e-001	
  6.1457403e-001	
  5.6527951e-001	
  5.4241829e-001	
  5.1134131e-001	
  4.8294338e-001	
  4.8294338e-001	
  4.8776567e-001	
  5.0098232e-001	
  5.1955706e-001	
  5.4866941e-001	
  5.6295767e-001	
  6.0189320e-001	
  6.3939989e-001	
  6.7779961e-001	
  7.2227183e-001	
  7.9228434e-001	
  8.4800857e-001	
  8.8194320e-001	
  9.0498303e-001	
  8.9051616e-001	
  8.8658689e-001	
  8.8480086e-001	
  8.6372567e-001	
  8.6729773e-001	
  8.6390427e-001	
  8.6711913e-001	
  8.6211824e-001	
  8.5515271e-001	
  8.4872299e-001	
  8.3354170e-001	
  8.1068048e-001	
  7.7692445e-001	
  7.2548669e-001	
  6.8208609e-001	
  6.3011252e-001	
  5.9635649e-001	
  5.4795499e-001	
  5.0580461e-001	
  4.8062154e-001	
  4.5776031e-001	
  4.3114842e-001	
  4.1132345e-001	
  3.9721379e-001	
  3.8042508e-001	
  3.9364172e-001	
  4.1543133e-001	
  4.2846937e-001	
  4.6186819e-001	
  4.9312377e-001	
  5.2241472e-001	
  5.4456153e-001	
  5.9081979e-001	
  6.5404537e-001	
  7.2566530e-001	
  7.8960529e-001	
  8.3764958e-001	
  8.5979639e-001	
  8.8658689e-001	
  8.8105019e-001	
  8.7515628e-001	
  8.6211824e-001	
  8.5604572e-001	
  8.6247544e-001	
  8.4693695e-001	
  8.5140204e-001	
  8.2675478e-001	
  8.0371495e-001	
  7.8406858e-001	
  7.6674406e-001	
  7.3727451e-001	
  6.9173067e-001	
  6.5422397e-001	
  6.2332559e-001	
  5.8921236e-001	
  5.6956599e-001	
  5.3616717e-001	
  5.1116271e-001	
  5.0419718e-001	
  4.7347741e-001	
  4.6097517e-001	
  4.5150920e-001	
  4.5133059e-001	
  4.4454367e-001	
  4.5525987e-001	
  4.7133417e-001	
  5.0116092e-001	
  5.2098589e-001	
  5.4795499e-001	
  5.7903197e-001	
  6.1528844e-001	
  6.4779425e-001	
  7.1816396e-001	
  7.7442400e-001	
  8.2979103e-001	
  8.6961957e-001	
  8.9694588e-001	
  9.0498303e-001	
  8.8622968e-001	
  8.7015538e-001	
  8.3443472e-001	
  8.2264690e-001	
  8.1818182e-001	
  8.2550455e-001	
  8.3586355e-001	
  8.3943561e-001	
  8.2746919e-001	
  8.1621718e-001	
  8.0014288e-001	
  7.7853188e-001	
  7.3995356e-001	
  7.0387569e-001	
  6.7547776e-001	
  6.2296839e-001	
  5.9832113e-001	
  5.6599393e-001	
  5.2813002e-001	
  5.0080371e-001	
  4.8651545e-001	
  4.5686730e-001	
  4.4275764e-001	
  4.2543311e-001	
  4.0453652e-001	
  3.9221290e-001	
  3.7953206e-001	
  3.9507055e-001	
  4.2793356e-001	
  4.6615467e-001	
  4.9848187e-001	
  5.5617074e-001	
  6.1225219e-001	
  6.7208430e-001	
  7.3370245e-001	
  7.9371316e-001	
  8.3282729e-001	
  8.6479729e-001	
  8.9355242e-001	
  8.9444544e-001	
  8.9337382e-001	
  8.8515806e-001	
  8.7765672e-001	
  8.5711734e-001	
  8.6461868e-001	
  8.6461868e-001	
  8.6551170e-001	
  8.5943919e-001	
  8.5711734e-001	
  8.4443651e-001	
  8.3622075e-001	
  8.0943026e-001	
  7.8031791e-001	
  7.3941775e-001	
  7.0066083e-001	
  6.6029648e-001	
  6.2207537e-001	
  5.7438828e-001	
  5.3473835e-001	
  5.1902125e-001	
  4.9794606e-001	
  4.6204679e-001	
  4.4079300e-001	
  4.3186283e-001	
  4.2454010e-001	
  4.1989641e-001	
  4.2936239e-001	
  4.5275942e-001	
  4.7151277e-001	
  4.9776746e-001	
  5.3295231e-001	
  5.6867298e-001	
  6.1189498e-001	
  6.6565458e-001	
  7.3066619e-001	
  7.8013931e-001	
  8.3175567e-001	
  8.5068762e-001	
  8.4282908e-001	
  8.3925701e-001	
  8.0818003e-001	
  8.0157171e-001	
  8.0157171e-001	
  7.9621361e-001	
  8.0192892e-001	
  8.0121450e-001	
  8.0210752e-001	
  7.9335596e-001	
  7.8085372e-001	
  7.7549562e-001	
  7.6406501e-001	
  7.4531166e-001	
  7.1352027e-001	
  6.7226290e-001	
  6.3118414e-001	
  5.8903376e-001	
  5.4081086e-001	
  4.9758886e-001	
  4.6436864e-001	
  4.3132702e-001	
  3.9757099e-001	
  3.9096267e-001	
  3.6470798e-001	
  3.4506162e-001	
  3.5166994e-001	
  3.5095553e-001	
  3.6845865e-001	
  3.8524737e-001	
  3.9649937e-001	
  4.2132524e-001	
  4.4347205e-001	
  4.8222897e-001	
  5.2866583e-001	
  5.9367744e-001	
  6.4707984e-001	
  6.9190927e-001	
  7.2370066e-001	
  7.5245580e-001	
  7.7799607e-001	
  7.8388998e-001	
  8.3086265e-001	
  8.4675835e-001	
  8.7408466e-001	
  8.9337382e-001	
  8.9694588e-001	
  8.8694410e-001	
  8.9623147e-001	
  9.1373460e-001	
  9.2730845e-001	
  9.3034470e-001	
  9.2677264e-001	
  9.2712984e-001	
  9.1730666e-001	
  9.0801929e-001	
  8.8444365e-001	
  8.7337024e-001	
  8.4193606e-001	
  8.0425076e-001	
  7.7585283e-001	
  7.2316485e-001	
  6.7244151e-001	
  6.3975710e-001	
  5.9957135e-001	
  5.6313627e-001	
  5.3759600e-001	
  5.2080729e-001	
  4.9651724e-001	
  4.7222718e-001	
  4.6115378e-001	
  4.4615110e-001	
  4.5365244e-001	
  4.7097696e-001	
  4.9026612e-001	
  5.1223433e-001	
  5.3420254e-001	
  5.7617432e-001	
  6.0903733e-001	
  6.5511699e-001	
  7.0155385e-001	
  7.2852295e-001	
  7.7585283e-001	
  7.9746383e-001	
  8.0978746e-001	
  8.2675478e-001	
  8.3764958e-001	
  8.3925701e-001	
  8.4747276e-001	
  8.4925880e-001	
  8.4711556e-001	
  8.6068941e-001	
  8.4175746e-001	
  8.4461511e-001	
  8.4425790e-001	
  8.4336489e-001	
  8.4086444e-001	
  8.2228969e-001	
  8.0532238e-001	
  7.8228255e-001	
  7.3191641e-001	
  6.8887301e-001	
  6.6208251e-001	
  6.1475263e-001	
  5.8296124e-001	
  5.5581354e-001	
  5.3330952e-001	
  5.0258975e-001	
  4.8187176e-001	
  4.4043579e-001	
  4.3507769e-001	
  4.2829077e-001	
  4.1864619e-001	
  4.3864976e-001	
  4.5901054e-001	
  4.8008573e-001	
  5.1687801e-001	
  5.4884801e-001	
  5.8385426e-001	
  6.1171638e-001	
  6.6958385e-001	
  7.1512770e-001	
  7.8085372e-001	
  8.3979282e-001	
  8.6426148e-001	
  8.8319343e-001	
  9.1748527e-001	
  9.2355778e-001	
  9.2195035e-001	
  9.4463297e-001	
  9.5606358e-001	
  9.5713520e-001	
  9.3534560e-001	
  9.3498839e-001	
  9.3606001e-001	
  9.4909805e-001	
  9.4213252e-001	
  9.3677442e-001	
  9.2516521e-001	
  8.9891052e-001	
  8.6783354e-001	
  8.1764601e-001	
  7.8299696e-001	
  7.3423826e-001	
  6.8512234e-001	
  6.3689945e-001	
  5.7921057e-001	
  5.3973924e-001	
  4.8472942e-001	
  4.5436685e-001	
  4.2525451e-001	
  4.1364529e-001	
  4.0900161e-001	
  4.1043043e-001	
  4.2900518e-001	
  4.6436864e-001	
  4.9991070e-001	
  5.4813360e-001	
  6.0332202e-001	
  6.5315235e-001	
  7.2048580e-001	
  7.9014110e-001	
  8.6301125e-001	
  8.9891052e-001	
  9.2605822e-001	
  9.5517057e-001	
  9.8464011e-001	
  9.7517414e-001	
  9.9071263e-001	
  9.9214145e-001	
  9.9357028e-001	
  1.0000000e+000	
  9.9642793e-001	
  9.6928023e-001	
  9.6427934e-001	
  9.4552599e-001	
  9.2838007e-001	
  8.7712091e-001	
