  1.0000000e-001	
  9.0000000e-002	
  8.3800000e-002	
  8.0712000e-002	
  8.0226278e-002	
  8.1973204e-002	
  8.5694067e-002	
  9.1218895e-002	
  9.8449706e-002	
  1.0734800e-001	
  1.1792557e-001	
  1.3023793e-001	
  1.4437981e-001	
  1.6048235e-001	
  1.7871165e-001	
  1.9926844e-001	
  2.2238877e-001	
  2.4834551e-001	
  2.7745066e-001	
  3.1005838e-001	
  3.4656876e-001	
  3.8743225e-001	
  4.3315485e-001	
  4.8430408e-001	
  5.4151570e-001	
  6.0550133e-001	
  6.7705698e-001	
  7.5707259e-001	
  8.4654261e-001	
  9.4657774e-001	
  1.0584179e+000	
  1.1834465e+000	
  1.3232059e+000	
  1.4794142e+000	
  1.6539838e+000	
  1.8490399e+000	
  2.0669409e+000	
  2.3102988e+000	
  2.5819988e+000	
  2.8852180e+000	
  3.2234397e+000	
  3.6004636e+000	
  4.0204048e+000	
  4.4876800e+000	
  5.0069717e+000	
  5.5831622e+000	
  6.2212240e+000	
  6.9260500e+000	
  7.7022018e+000	
  8.5535478e+000	
  9.4827595e+000	
  1.0490626e+001	
  1.1575149e+001	
  1.2730388e+001	
  1.3945044e+001	
  1.5200810e+001	
  1.6470607e+001	
  1.7716938e+001	
  1.8890744e+001	
  1.9931360e+001	
  2.0768302e+001	
  2.1325614e+001	
  2.1529195e+001	
  2.1316805e+001	
  2.0649281e+001	
  1.9520335e+001	
  1.7961705e+001	
  1.6041228e+001	
  1.3853513e+001	
  1.1505644e+001	
  9.1020734e+000	
  6.7327183e+000	
  4.4664315e+000	
  2.3497872e+000	
  4.0963666e-001	
 -1.3425014e+000	
 -2.9057559e+000	
 -4.2858271e+000	
 -5.4918720e+000	
 -6.5343603e+000	
 -7.4237523e+000	
 -8.1698072e+000	
 -8.7813379e+000	
 -9.2662647e+000	
 -9.6318473e+000	
 -9.8850067e+000	
 -1.0032664e+001	
 -1.0082044e+001	
 -1.0040909e+001	
 -9.9176888e+000	
 -9.7215048e+000	
 -9.4620929e+000	
 -9.1496314e+000	
 -8.7945069e+000	
 -8.4070435e+000	
 -7.9972274e+000	
 -7.5744517e+000	
 -7.1473045e+000	
 -6.7234115e+000	
 -6.3093394e+000	
 -5.9105572e+000	
 -5.5314511e+000	
 -5.1753796e+000	
 -4.8447619e+000	
 -4.5411851e+000	
 -4.2655229e+000	
 -4.0180567e+000	
 -3.7985928e+000	
 -3.6065720e+000	
 -3.4411687e+000	
 -3.3013774e+000	
 -3.1860872e+000	
 -3.0941438e+000	
 -3.0244001e+000	
 -2.9757568e+000	
 -2.9471933e+000	
 -2.9377917e+000	
 -2.9467533e+000	
 -2.9734105e+000	
 -3.0172335e+000	
 -3.0778346e+000	
 -3.1549682e+000	
 -3.2485304e+000	
 -3.3585550e+000	
 -3.4852098e+000	
 -3.6287901e+000	
 -3.7897118e+000	
 -3.9685028e+000	
 -4.1657926e+000	
 -4.3822995e+000	
 -4.6188157e+000	
 -4.8761879e+000	
 -5.1552942e+000	
 -5.4570144e+000	
 -5.7821939e+000	
 -6.1315987e+000	
 -6.5058590e+000	
 -6.9054014e+000	
 -7.3303660e+000	
 -7.7805072e+000	
 -8.2550772e+000	
 -8.7526903e+000	
 -9.2711708e+000	
 -9.8073849e+000	
 -1.0357064e+001	
 -1.0914630e+001	
 -1.1473032e+001	
 -1.2023626e+001	
 -1.2556112e+001	
 -1.3058567e+001	
 -1.3517613e+001	
 -1.3918747e+001	
 -1.4246862e+001	
 -1.4486966e+001	
 -1.4625086e+001	
 -1.4649285e+001	
 -1.4550721e+001	
 -1.4324601e+001	
 -1.3970907e+001	
 -1.3494739e+001	
 -1.2906223e+001	
 -1.2219928e+001	
 -1.1453880e+001	
 -1.0628295e+001	
 -9.7641954e+000	
 -8.8821002e+000	
 -8.0009167e+000	
 -7.1371367e+000	
 -6.3043566e+000	
 -5.5131028e+000	
 -4.7709052e+000	
 -4.0825490e+000	
 -3.4504327e+000	
 -2.8749760e+000	
 -2.3550293e+000	
 -1.8882573e+000	
 -1.4714787e+000	
 -1.1009532e+000	
 -7.7261742e-001	
 -4.8227025e-001	
 -2.2571457e-001	
  1.1388176e-003	
  2.0219882e-001	
  3.8114717e-001	
  5.4141187e-001	
  6.8615630e-001	
  8.1828028e-001	
  9.4042974e-001	
  1.0550127e+000	
  1.1642192e+000	
  1.2700439e+000	
  1.3743102e+000	
  1.4786942e+000	
  1.5847490e+000	
  1.6939280e+000	
  1.8076071e+000	
  1.9271059e+000	
  2.0537073e+000	
  2.1886759e+000	
  2.3332746e+000	
  2.4887799e+000	
  2.6564957e+000	
  2.8377649e+000	
  3.0339794e+000	
  3.2465884e+000	
  3.4771028e+000	
  3.7270976e+000	
  3.9982096e+000	
  4.2921308e+000	
  4.6105942e+000	
  4.9553528e+000	
  5.3281477e+000	
  5.7306635e+000	
  6.1644674e+000	
  6.6309291e+000	
  7.1311166e+000	
  7.6656632e+000	
  8.2346021e+000	
  8.8371632e+000	
  9.4715314e+000	
  1.0134564e+001	
  1.0821473e+001	
  1.1525489e+001	
  1.2237515e+001	
  1.2945822e+001	
  1.3635830e+001	
  1.4290032e+001	
  1.4888162e+001	
  1.5407678e+001	
  1.5824638e+001	
  1.6115015e+001	
  1.6256422e+001	
  1.6230117e+001	
  1.6023090e+001	
  1.5629895e+001	
  1.5053889e+001	
  1.4307581e+001	
  1.3411933e+001	
  1.2394664e+001	
  1.1287823e+001	
  1.0125051e+001	
  8.9389520e+000	
  7.7589675e+000	
  6.6099274e+000	
  5.5113358e+000	
  4.4772885e+000	
  3.5168572e+000	
  2.6347577e+000	
  1.8321448e+000	
  1.1074144e+000	
  4.5694133e-001	
 -1.2428643e-001	
 -6.4214927e-001	
 -1.1029888e+000	
 -1.5133003e+000	
 -1.8795094e+000	
 -2.2078160e+000	
 -2.5040927e+000	
 -2.7738236e+000	
 -3.0220742e+000	
 -3.2534835e+000	
 -3.4722718e+000	
 -3.6822596e+000	
 -3.8868925e+000	
 -4.0892696e+000	
 -4.2921731e+000	
 -4.4980970e+000	
 -4.7092736e+000	
 -4.9276966e+000	
 -5.1551392e+000	
 -5.3931682e+000	
 -5.6431513e+000	
 -5.9062586e+000	
 -6.1834567e+000	
 -6.4754956e+000	
 -6.7828876e+000	
 -7.1058774e+000	
 -7.4444039e+000	
 -7.7980534e+000	
 -8.1660043e+000	
 -8.5469647e+000	
 -8.9391043e+000	
 -9.3399839e+000	
 -9.7464854e+000	
 -1.0154749e+001	
 -1.0560125e+001	
 -1.0957149e+001	
 -1.1339547e+001	
 -1.1700292e+001	
 -1.2031716e+001	
 -1.2325680e+001	
 -1.2573830e+001	
 -1.2767918e+001	
 -1.2900184e+001	
 -1.2963790e+001	
 -1.2953266e+001	
 -1.2864931e+001	
 -1.2697247e+001	
 -1.2451056e+001	
 -1.2129677e+001	
 -1.1738821e+001	
 -1.1286342e+001	
 -1.0781835e+001	
 -1.0236126e+001	
 -9.6607009e+000	
 -9.0671364e+000	
 -8.4665789e+000	
 -7.8693135e+000	
 -7.2844441e+000	
 -6.7196929e+000	
 -6.1813112e+000	
 -5.6740866e+000	
 -5.2014246e+000	
 -4.7654816e+000	
 -4.3673296e+000	
 -4.0071341e+000	
 -3.6843319e+000	
 -3.3977992e+000	
 -3.1460040e+000	
 -2.9271396e+000	
 -2.7392377e+000	
 -2.5802618e+000	
 -2.4481821e+000	
 -2.3410341e+000	
 -2.2569628e+000	
 -2.1942544e+000	
 -2.1513582e+000	
 -2.1269002e+000	
 -2.1196912e+000	
 -2.1287283e+000	
 -2.1531951e+000	
 -2.1924575e+000	
 -2.2460587e+000	
 -2.3137134e+000	
 -2.3953014e+000	
 -2.4908606e+000	
 -2.6005810e+000	
 -2.7247986e+000	
 -2.8639891e+000	
 -3.0187629e+000	
 -3.1898589e+000	
 -3.3781384e+000	
 -3.5845787e+000	
 -3.8102644e+000	
 -4.0563769e+000	
 -4.3241813e+000	
 -4.6150081e+000	
 -4.9302301e+000	
 -5.2712307e+000	
 -5.6393637e+000	
 -6.0359004e+000	
 -6.4619616e+000	
 -6.9184316e+000	
 -7.4058506e+000	
 -7.9242818e+000	
 -8.4731504e+000	
 -9.0510523e+000	
 -9.6555319e+000	
 -1.0282833e+001	
 -1.0927628e+001	
 -1.1582745e+001	
 -1.2238910e+001	
 -1.2884538e+001	
 -1.3505636e+001	
 -1.4085844e+001	
 -1.4606712e+001	
 -1.5048245e+001	
 -1.5389784e+001	
 -1.5611210e+001	
 -1.5694434e+001	
 -1.5625044e+001	
 -1.5393923e+001	
 -1.4998570e+001	
 -1.4443899e+001	
 -1.3742297e+001	
 -1.2912881e+001	
 -1.1980017e+001	
 -1.0971345e+001	
 -9.9155863e+000	
 -8.8404987e+000	
 -7.7711972e+000	
 -6.7290117e+000	
 -5.7308962e+000	
 -4.7893277e+000	
 -3.9125735e+000	
 -3.1051954e+000	
 -2.3686692e+000	
 -1.7020285e+000	
 -1.1024718e+000	
 -5.6589622e-001	
 -8.7345733e-002	
  3.3862887e-001	
  7.1769101e-001	
  1.0555099e+000	
  1.3576110e+000	
  1.6292747e+000	
  1.8754718e+000	
  2.1008292e+000	
  2.3096159e+000	
  2.5057469e+000	
  2.6927963e+000	
  2.8740196e+000	
  3.0523795e+000	
  3.2305746e+000	
  3.4110684e+000	
  3.5961180e+000	
  3.7877997e+000	
  3.9880331e+000	
  4.1986011e+000	
  4.4211657e+000	
  4.6572792e+000	
  4.9083901e+000	
  5.1758426e+000	
  5.4608692e+000	
  5.7645761e+000	
  6.0879195e+000	
  6.4316714e+000	
  6.7963759e+000	
  7.1822919e+000	
  7.5893233e+000	
  8.0169354e+000	
  8.4640572e+000	
  8.9289704e+000	
  9.4091879e+000	
  9.9013253e+000	
  1.0400972e+001	
  1.0902576e+001	
  1.1399345e+001	
  1.1883199e+001	
  1.2344780e+001	
  1.2773552e+001	
  1.3158009e+001	
  1.3486015e+001	
  1.3745285e+001	
  1.3924001e+001	
  1.4011528e+001	
  1.3999197e+001	
  1.3881062e+001	
  1.3654549e+001	
  1.3320899e+001	
  1.2885330e+001	
  1.2356871e+001	
  1.1747864e+001	
  1.1073198e+001	
  1.0349358e+001	
  9.5934073e+000	
  8.8220230e+000	
  8.0506786e+000	
  7.2930302e+000	
  6.5605330e+000	
  5.8622748e+000	
  5.2049936e+000	
  4.5932325e+000	
  4.0295856e+000	
  3.5149911e+000	
  3.0490395e+000	
  2.6302712e+000	
  2.2564477e+000	
  1.9247899e+000	
  1.6321775e+000	
  1.3753123e+000	
  1.1508471e+000	
  9.5548370e-001	
  7.8604502e-001	
  6.3952509e-001	
  5.1312138e-001	
  4.0425278e-001	
  3.1056663e-001	
  2.2993734e-001	
  1.6045893e-001	
  1.0043330e-001	
  4.8355689e-002	
  2.8985325e-003	
 -3.7105521e-002	
 -7.2680623e-002	
 -1.0472437e-001	
 -1.3402374e-001	
 -1.6127009e-001	
 -1.8707306e-001	
 -2.1197348e-001	
 -2.3645501e-001	
 -2.6095492e-001	
 -2.8587369e-001	
 -3.1158382e-001	
 -3.3843785e-001	
 -3.6677557e-001	
 -3.9693076e-001	
 -4.2923739e-001	
 -4.6403540e-001	
 -5.0167626e-001	
 -5.4252829e-001	
 -5.8698190e-001	
 -6.3545483e-001	
 -6.8839738e-001	
 -7.4629789e-001	
 -8.0968832e-001	
 -8.7915024e-001	
 -9.5532099e-001	
 -1.0389004e+000	
 -1.1306581e+000	
 -1.2314405e+000	
 -1.3421799e+000	
 -1.4639024e+000	
 -1.5977373e+000	
 -1.7449270e+000	
 -1.9068371e+000	
 -2.0849665e+000	
 -2.2809580e+000	
 -2.4966082e+000	
 -2.7338767e+000	
 -2.9948934e+000	
 -3.2819640e+000	
 -3.5975701e+000	
 -3.9443647e+000	
 -4.3251584e+000	
 -4.7428940e+000	
 -5.2006046e+000	
 -5.7013500e+000	
 -6.2481232e+000	
 -6.8437191e+000	
 -7.4905528e+000	
 -8.1904163e+000	
 -8.9441580e+000	
 -9.7512701e+000	
 -1.0609373e+001	
 -1.1513588e+001	
 -1.2455804e+001	
 -1.3423863e+001	
 -1.4400727e+001	
 -1.5363727e+001	
 -1.6284056e+001	
 -1.7126732e+001	
 -1.7851305e+001	
 -1.8413578e+001	
 -1.8768545e+001	
 -1.8874524e+001	
 -1.8698174e+001	
 -1.8219629e+001	
 -1.7436705e+001	
 -1.6367020e+001	
 -1.5047202e+001	
 -1.3529084e+001	
 -1.1873628e+001	
 -1.0143957e+001	
 -8.3990036e+000	
 -6.6889112e+000	
 -5.0526061e+000	
 -3.5173812e+000	
 -2.0999192e+000	
 -8.0810813e-001	
  3.5689411e-001	
  1.3987080e+000	
  2.3240776e+000	
  3.1415731e+000	
  3.8606324e+000	
  4.4908918e+000	
  5.0417427e+000	
  5.5220586e+000	
  5.9400426e+000	
  6.3031586e+000	
  6.6181189e+000	
  6.8909056e+000	
  7.1268143e+000	
  7.3305082e+000	
  7.5060780e+000	
  7.6571012e+000	
  7.7867004e+000	
  7.8975973e+000	
  7.9921628e+000	
  8.0724619e+000	
  8.1402946e+000	
  8.1972314e+000	
  8.2446451e+000	
  8.2837381e+000	
  8.3155668e+000	
  8.3410621e+000	
  8.3610474e+000	
  8.3762540e+000	
  8.3873337e+000	
  8.3948704e+000	
  8.3993892e+000	
  8.4013642e+000	
  8.4012250e+000	
  8.3993623e+000	
  8.3961321e+000	
  8.3918594e+000	
  8.3868413e+000	
  8.3813492e+000	
  8.3756307e+000	
  8.3699113e+000	
  8.3643952e+000	
  8.3592665e+000	
  8.3546899e+000	
  8.3508111e+000	
  8.3477574e+000	
  8.3456379e+000	
  8.3445440e+000	
  8.3445494e+000	
  8.3457108e+000	
  8.3480678e+000	
  8.3516433e+000	
  8.3564440e+000	
  8.3624606e+000	
  8.3696683e+000	
  8.3780274e+000	
  8.3874838e+000	
  8.3979696e+000	
  8.4094039e+000	
  8.4216936e+000	
  8.4347343e+000	
  8.4484111e+000	
  8.4626001e+000	
  8.4771692e+000	
  8.4919792e+000	
  8.5068858e+000	
  8.5217402e+000	
  8.5363913e+000	
  8.5506867e+000	
  8.5644747e+000	
  8.5776056e+000	
  8.5899337e+000	
  8.6013190e+000	
  8.6116286e+000	
  8.6207384e+000	
  8.6285350e+000	
  8.6349171e+000	
  8.6397965e+000	
  8.6431002e+000	
  8.6447709e+000	
  8.6447682e+000	
  8.6430695e+000	
  8.6396703e+000	
  8.6345851e+000	
  8.6278468e+000	
  8.6195073e+000	
  8.6096365e+000	
  8.5983222e+000	
  8.5856691e+000	
  8.5717976e+000	
  8.5568427e+000	
  8.5409524e+000	
  8.5242863e+000	
  8.5070134e+000	
  8.4893108e+000	
  8.4713613e+000	
  8.4533516e+000	
  8.4354698e+000	
  8.4179043e+000	
  8.4008407e+000	
  8.3844605e+000	
  8.3689391e+000	
  8.3544439e+000	
  8.3411326e+000	
  8.3291519e+000	
  8.3186357e+000	
  8.3097040e+000	
  8.3024618e+000	
  8.2969982e+000	
  8.2933852e+000	
  8.2916775e+000	
  8.2919116e+000	
  8.2941054e+000	
  8.2982582e+000	
  8.3043504e+000	
  8.3123435e+000	
  8.3221805e+000	
  8.3337856e+000	
  8.3470656e+000	
  8.3619092e+000	
  8.3781890e+000	
  8.3957613e+000	
  8.4144677e+000	
  8.4341359e+000	
  8.4545811e+000	
  8.4756076e+000	
  8.4970099e+000	
  8.5185749e+000	
  8.5400836e+000	
  8.5613130e+000	
  8.5820387e+000	
  8.6020364e+000	
  8.6210851e+000	
  8.6389689e+000	
  8.6554798e+000	
  8.6704205e+000	
  8.6836062e+000	
  8.6948677e+000	
  8.7040535e+000	
  8.7110321e+000	
  8.7156941e+000	
  8.7179539e+000	
  8.7177514e+000	
  8.7150532e+000	
  8.7098537e+000	
  8.7021753e+000	
  8.6920693e+000	
  8.6796148e+000	
  8.6649187e+000	
  8.6481147e+000	
  8.6293615e+000	
  8.6088415e+000	
  8.5867585e+000	
  8.5633352e+000	
  8.5388109e+000	
  8.5134384e+000	
  8.4874812e+000	
  8.4612101e+000	
  8.4349007e+000	
  8.4088295e+000	
  8.3832713e+000	
  8.3584963e+000	
  8.3347667e+000	
  8.3123347e+000	
  8.2914394e+000	
  8.2723049e+000	
  8.2551382e+000	
  8.2401268e+000	
  8.2274380e+000	
  8.2172168e+000	
  8.2095849e+000	
  8.2046398e+000	
  8.2024542e+000	
  8.2030750e+000	
  8.2065233e+000	
  8.2127942e+000	
  8.2218562e+000	
  8.2336522e+000	
  8.2480986e+000	
  8.2650868e+000	
  8.2844829e+000	
  8.3061288e+000	
  8.3298429e+000	
  8.3554211e+000	
  8.3826380e+000	
  8.4112483e+000	
  8.4409884e+000	
  8.4715780e+000	
  8.5027224e+000	
  8.5341146e+000	
  8.5654381e+000	
  8.5963691e+000	
  8.6265802e+000	
  8.6557433e+000	
  8.6835330e+000	
  8.7096304e+000	
  8.7337269e+000	
  8.7555283e+000	
  8.7747582e+000	
  8.7911624e+000	
  8.8045125e+000	
  8.8146099e+000	
  8.8212886e+000	
  8.8244188e+000	
  8.8239092e+000	
  8.8197095e+000	
  8.8118117e+000	
  8.8002510e+000	
  8.7851068e+000	
  8.7665014e+000	
  8.7445996e+000	
  8.7196069e+000	
  8.6917670e+000	
  8.6613589e+000	
  8.6286933e+000	
  8.5941087e+000	
  8.5579670e+000	
  8.5206490e+000	
  8.4825493e+000	
  8.4440714e+000	
  8.4056231e+000	
  8.3676113e+000	
  8.3304373e+000	
  8.2944930e+000	
  8.2601560e+000	
  8.2277861e+000	
  8.1977224e+000	
  8.1702795e+000	
  8.1457455e+000	
  8.1243794e+000	
  8.1064095e+000	
  8.0920318e+000	
  8.0814090e+000	
  8.0746692e+000	
  8.0719058e+000	
  8.0731768e+000	
  8.0785044e+000	
  8.0878756e+000	
  8.1012414e+000	
  8.1185180e+000	
  8.1395862e+000	
  8.1642925e+000	
  8.1924495e+000	
  8.2238362e+000	
  8.2581995e+000	
  8.2952546e+000	
  8.3346866e+000	
  8.3761516e+000	
  8.4192788e+000	
  8.4636722e+000	
  8.5089132e+000	
  8.5545631e+000	
  8.6001668e+000	
  8.6452560e+000	
  8.6893536e+000	
  8.7319782e+000	
  8.7726490e+000	
  8.8108918e+000	
  8.8462440e+000	
  8.8782616e+000	
  8.9065251e+000	
  8.9306459e+000	
  8.9502728e+000	
  8.9650982e+000	
  8.9748640e+000	
  8.9793669e+000	
  8.9784630e+000	
  8.9720717e+000	
  8.9601789e+000	
  8.9428380e+000	
  8.9201715e+000	
  8.8923697e+000	
  8.8596893e+000	
  8.8224500e+000	
  8.7810306e+000	
  8.7358637e+000	
  8.6874293e+000	
  8.6362480e+000	
  8.5828737e+000	
  8.5278851e+000	
  8.4718784e+000	
  8.4154584e+000	
  8.3592311e+000	
  8.3037962e+000	
  8.2497394e+000	
  8.1976266e+000	
  8.1479977e+000	
  8.1013617e+000	
  8.0581922e+000	
  8.0189237e+000	
  7.9839492e+000	
  7.9536175e+000	
  7.9282316e+000	
  7.9080480e+000	
  7.8932757e+000	
  7.8840760e+000	
  7.8805626e+000	
  7.8828018e+000	
  7.8908127e+000	
  7.9045679e+000	
  7.9239937e+000	
  7.9489707e+000	
  7.9793341e+000	
  8.0148743e+000	
  8.0553371e+000	
  8.1004241e+000	
  8.1497933e+000	
  8.2030593e+000	
  8.2597945e+000	
  8.3195295e+000	
  8.3817547e+000	
  8.4459221e+000	
  8.5114471e+000	
  8.5777119e+000	
  8.6440690e+000	
  8.7098453e+000	
  8.7743478e+000	
  8.8368696e+000	
  8.8966975e+000	
  8.9531194e+000	
  9.0054342e+000	
  9.0529608e+000	
  9.0950493e+000	
  9.1310912e+000	
  9.1605311e+000	
  9.1828770e+000	
  9.1977117e+000	
  9.2047019e+000	
  9.2036076e+000	
  9.1942889e+000	
  9.1767120e+000	
  9.1509526e+000	
  9.1171973e+000	
  9.0757428e+000	
  9.0269927e+000	
  8.9714515e+000	
  8.9097174e+000	
  8.8424719e+000	
  8.7704691e+000	
  8.6945226e+000	
  8.6154923e+000	
  8.5342699e+000	
  8.4517655e+000	
  8.3688936e+000	
  8.2865597e+000	
  8.2056491e+000	
  8.1270153e+000	
  8.0514711e+000	
  7.9797805e+000	
  7.9126523e+000	
  7.8507351e+000	
  7.7946138e+000	
  7.7448075e+000	
  7.7017683e+000	
  7.6658808e+000	
  7.6374631e+000	
  7.6167679e+000	
  7.6039835e+000	
  7.5992363e+000	
  7.6025920e+000	
  7.6140574e+000	
  7.6335821e+000	
  7.6610596e+000	
  7.6963281e+000	
  7.7391713e+000	
  7.7893181e+000	
  7.8464425e+000	
  7.9101634e+000	
  7.9800431e+000	
  8.0555869e+000	
  8.1362419e+000	
  8.2213962e+000	
  8.3103782e+000	
  8.4024567e+000	
  8.4968419e+000	
  8.5926862e+000	
  8.6890878e+000	
  8.7850948e+000	
  8.8797105e+000	
  8.9719018e+000	
  9.0606083e+000	
  9.1447541e+000	
  9.2232614e+000	
  9.2950665e+000	
  9.3591366e+000	
  9.4144892e+000	
  9.4602116e+000	
  9.4954813e+000	
  9.5195865e+000	
  9.5319450e+000	
  9.5321220e+000	
  9.5198450e+000	
  9.4950162e+000	
  9.4577203e+000	
  9.4082283e+000	
  9.3469966e+000	
  9.2746610e+000	
  9.1920266e+000	
  9.1000525e+000	
  8.9998331e+000	
  8.8925763e+000	
  8.7795793e+000	
  8.6622031e+000	
  8.5418462e+000	
  8.4199196e+000	
  8.2978226e+000	
  8.1769207e+000	
  8.0585260e+000	
  7.9438813e+000	
  7.8341462e+000	
  7.7303874e+000	
  7.6335718e+000	
  7.5445622e+000	
  7.4641162e+000	
  7.3928869e+000	
  7.3314254e+000	
  7.2801849e+000	
  7.2395255e+000	
  7.2097201e+000	
  7.1909594e+000	
  7.1833584e+000	
  7.1869607e+000	
  7.2017436e+000	
  7.2276217e+000	
  7.2644495e+000	
  7.3120236e+000	
  7.3700829e+000	
  7.4383082e+000	
  7.5163210e+000	
  7.6036804e+000	
  7.6998803e+000	
  7.8043446e+000	
  7.9164226e+000	
  8.0353840e+000	
  8.1604134e+000	
  8.2906058e+000	
  8.4249621e+000	
  8.5623857e+000	
  8.7016815e+000	
  8.8415564e+000	
  8.9806221e+000	
  9.1174020e+000	
  9.2503412e+000	
  9.3778207e+000	
  9.4981762e+000	
  9.6097217e+000	
  9.7107771e+000	
  9.7997006e+000	
  9.8749246e+000	
  9.9349940e+000	
  9.9786068e+000	
  1.0004653e+001	
  1.0012254e+001	
  1.0000797e+001	
  9.9699602e+000	
  9.9197399e+000	
  9.8504580e+000	
  9.7627661e+000	
  9.6576367e+000	
  9.5363445e+000	
  9.4004372e+000	
  9.2516985e+000	
  9.0921037e+000	
  8.9237712e+000	
  8.7489113e+000	
  8.5697751e+000	
  8.3886056e+000	
  8.2075932e+000	
  8.0288362e+000	
  7.8543083e+000	
  7.6858332e+000	
  7.5250663e+000	
  7.3734840e+000	
  7.2323781e+000	
  7.1028577e+000	
  6.9858544e+000	
  6.8821317e+000	
  6.7922971e+000	
  6.7168163e+000	
  6.6560275e+000	
  6.6101568e+000	
  6.5793324e+000	
  6.5635982e+000	
  6.5629254e+000	
  6.5772233e+000	
  6.6063473e+000	
  6.6501049e+000	
  6.7082597e+000	
  6.7805331e+000	
  6.8666035e+000	
  6.9661032e+000	
  7.0786137e+000	
  7.2036578e+000	
  7.3406911e+000	
  7.4890902e+000	
  7.6481410e+000	
  7.8170238e+000	
  7.9947995e+000	
  8.1803937e+000	
  8.3725824e+000	
  8.5699776e+000	
  8.7710155e+000	
  8.9739478e+000	
  9.1768360e+000	
  9.3775529e+000	
  9.5737896e+000	
  9.7630716e+000	
  9.9427841e+000	
  1.0110208e+001	
  1.0262566e+001	
  1.0397083e+001	
  1.0511053e+001	
  1.0601916e+001	
  1.0667343e+001	
  1.0705321e+001	
  1.0714239e+001	
  1.0692963e+001	
  1.0640902e+001	
  1.0558059e+001	
  1.0445052e+001	
  1.0303122e+001	
  1.0134108e+001	
  9.9403977e+000	
  9.7248562e+000	
  9.4907378e+000	
  9.2415822e+000	
  8.9811056e+000	
  8.7130906e+000	
  8.4412823e+000	
  8.1692945e+000	
  7.9005307e+000	
  7.6381219e+000	
  7.3848814e+000	
  7.1432781e+000	
  6.9154251e+000	
  6.7030821e+000	
  6.5076706e+000	
  6.3302963e+000	
  6.1717794e+000	
  6.0326882e+000	
  5.9133739e+000	
  5.8140071e+000	
  5.7346115e+000	
  5.6750959e+000	
  5.6352834e+000	
  5.6149362e+000	
  5.6137778e+000	
  5.6315098e+000	
  5.6678257e+000	
  5.7224209e+000	
  5.7949979e+000	
  5.8852687e+000	
  5.9929532e+000	
  6.1177746e+000	
  6.2594505e+000	
  6.4176813e+000	
  6.5921347e+000	
  6.7824277e+000	
  6.9881037e+000	
  7.2086078e+000	
  7.4432575e+000	
  7.6912114e+000	
  7.9514346e+000	
  8.2226622e+000	
  8.5033620e+000	
  8.7916970e+000	
  9.0854905e+000	
  9.3821950e+000	
  9.6788691e+000	
  9.9721645e+000	
  1.0258328e+001	
  1.0533222e+001	
  1.0792369e+001	
  1.1031022e+001	
  1.1244265e+001	
  1.1427140e+001	
  1.1574811e+001	
  1.1682743e+001	
  1.1746907e+001	
  1.1763976e+001	
  1.1731530e+001	
  1.1648218e+001	
  1.1513894e+001	
  1.1329683e+001	
  1.1097992e+001	
  1.0822446e+001	
  1.0507756e+001	
  1.0159531e+001	
  9.7840432e+000	
  9.3879695e+000	
  8.9781295e+000	
  8.5612358e+000	
  8.1436760e+000	
  7.7313343e+000	
  7.3294608e+000	
  6.9425893e+000	
  6.5744993e+000	
  6.2282179e+000	
  5.9060533e+000	
  5.6096517e+000	
  5.3400708e+000	
  5.0978613e+000	
  4.8831519e+000	
  4.6957331e+000	
  4.5351356e+000	
  4.4007029e+000	
  4.2916546e+000	
  4.2071416e+000	
  4.1462932e+000	
  4.1082546e+000	
  4.0922175e+000	
  4.0974440e+000	
  4.1232838e+000	
  4.1691859e+000	
  4.2347061e+000	
  4.3195101e+000	
  4.4233725e+000	
  4.5461737e+000	
  4.6878923e+000	
  4.8485958e+000	
  5.0284272e+000	
  5.2275892e+000	
  5.4463243e+000	
  5.6848910e+000	
  5.9435352e+000	
  6.2224562e+000	
  6.5217666e+000	
  6.8414449e+000	
  7.1812804e+000	
  7.5408098e+000	
  7.9192437e+000	
  8.3153859e+000	
  8.7275433e+000	
  9.1534301e+000	
  9.5900684e+000	
  1.0033692e+001	
  1.0479655e+001	
  1.0922368e+001	
  1.1355254e+001	
  1.1770758e+001	
  1.2160410e+001	
  1.2514978e+001	
  1.2824692e+001	
  1.3079585e+001	
  1.3269917e+001	
  1.3386687e+001	
  1.3422193e+001	
  1.3370605e+001	
  1.3228479e+001	
  1.2995165e+001	
  1.2673036e+001	
  1.2267508e+001	
  1.1786819e+001	
  1.1241594e+001	
  1.0644241e+001	
  1.0008231e+001	
  9.3473579e+000	
  8.6750414e+000	
  8.0037420e+000	
  7.3445171e+000	
  6.7067384e+000	
  6.0979610e+000	
  5.5239233e+000	
  4.9886480e+000	
  4.4946120e+000	
  4.0429580e+000	
  3.6337212e+000	
  3.2660551e+000	
  2.9384415e+000	
  2.6488804e+000	
  2.3950522e+000	
  2.1744543e+000	
  1.9845120e+000	
  1.8226658e+000	
  1.6864376e+000	
  1.5734798e+000	
  1.4816090e+000	
  1.4088281e+000	
  1.3533387e+000	
  1.3135456e+000	
  1.2880568e+000	
  1.2756789e+000	
  1.2754096e+000	
  1.2864291e+000	
  1.3080908e+000	
  1.3399110e+000	
  1.3815600e+000	
  1.4328530e+000	
  1.4937424e+000	
  1.5643110e+000	
  1.6447667e+000	
  1.7354376e+000	
  1.8367694e+000	
  1.9493230e+000	
  2.0737736e+000	
  2.2109107e+000	
  2.3616383e+000	
  2.5269765e+000	
  2.7080623e+000	
  2.9061507e+000	
  3.1226152e+000	
  3.3589464e+000	
  3.6167489e+000	
  3.8977348e+000	
  4.2037127e+000	
  4.5365704e+000	
  4.8982489e+000	
  5.2907060e+000	
  5.7158651e+000	
  6.1755453e+000	
  6.6713696e+000	
  7.2046433e+000	
  7.7761991e+000	
  8.3862008e+000	
  9.0339012e+000	
  9.7173495e+000	
  1.0433048e+001	
  1.1175560e+001	
  1.1937094e+001	
  1.2707071e+001	
  1.3471746e+001	
  1.4213934e+001	
  1.4912930e+001	
  1.5544747e+001	
  1.6082774e+001	
  1.6498946e+001	
  1.6765495e+001	
  1.6857193e+001	
  1.6753927e+001	
  1.6443251e+001	
  1.5922489e+001	
  1.5199916e+001	
  1.4294674e+001	
  1.3235323e+001	
  1.2057220e+001	
  1.0799201e+001	
  9.5001548e+000	
  8.1960550e+000	
  6.9178134e+000	
  5.6900913e+000	
  4.5309901e+000	
  3.4524145e+000	
  2.4608569e+000	
  1.5583803e+000	
  7.4362804e-001	
  1.2754302e-002	
 -6.3977950e-001	
 -1.2205591e+000	
 -1.7367170e+000	
 -2.1955592e+000	
 -2.6042985e+000	
 -2.9698711e+000	
 -3.2988183e+000	
 -3.5972178e+000	
 -3.8706489e+000	
 -4.1241849e+000	
 -4.3624012e+000	
 -4.5893960e+000	
 -4.8088168e+000	
 -5.0238905e+000	
 -5.2374536e+000	
 -5.4519816e+000	
 -5.6696153e+000	
 -5.8921830e+000	
 -6.1212178e+000	
 -6.3579706e+000	
 -6.6034159e+000	
 -6.8582531e+000	
 -7.1229004e+000	
 -7.3974846e+000	
 -7.6818231e+000	
 -7.9754031e+000	
 -8.2773546e+000	
 -8.5864225e+000	
 -8.9009361e+000	
 -9.2187807e+000	
 -9.5373731e+000	
 -9.8536459e+000	
 -1.0164042e+001	
 -1.0464531e+001	
 -1.0750639e+001	
 -1.1017514e+001	
 -1.1260022e+001	
 -1.1472868e+001	
 -1.1650761e+001	
 -1.1788607e+001	
 -1.1881721e+001	
 -1.1926067e+001	
 -1.1918477e+001	
 -1.1856870e+001	
 -1.1740422e+001	
 -1.1569684e+001	
 -1.1346628e+001	
 -1.1074612e+001	
 -1.0758270e+001	
 -1.0403325e+001	
 -1.0016342e+001	
 -9.6044445e+000	
 -9.1750200e+000	
 -8.7354290e+000	
 -8.2927452e+000	
 -7.8535393e+000	
 -7.4237143e+000	
 -7.0083977e+000	
 -6.6118855e+000	
 -6.2376342e+000	
 -5.8882909e+000	
 -5.5657528e+000	
 -5.2712465e+000	
 -5.0054188e+000	
 -4.7684321e+000	
 -4.5600585e+000	
 -4.3797699e+000	
 -4.2268188e+000	
 -4.1003121e+000	
 -3.9992730e+000	
 -3.9226943e+000	
 -3.8695822e+000	
 -3.8389910e+000	
 -3.8300501e+000	
 -3.8419843e+000	
 -3.8741281e+000	
 -3.9259349e+000	
 -3.9969817e+000	
 -4.0869704e+000	
 -4.1957254e+000	
 -4.3231888e+000	
 -4.4694128e+000	
 -4.6345494e+000	
 -4.8188371e+000	
 -5.0225854e+000	
 -5.2461546e+000	
 -5.4899332e+000	
 -5.7543093e+000	
 -6.0396369e+000	
 -6.3461959e+000	
 -6.6741442e+000	
 -7.0234615e+000	
 -7.3938830e+000	
 -7.7848233e+000	
 -8.1952893e+000	
 -8.6237826e+000	
 -9.0681929e+000	
 -9.5256857e+000	
 -9.9925872e+000	
 -1.0464276e+001	
 -1.0935091e+001	
 -1.1398265e+001	
 -1.1845905e+001	
 -1.2269041e+001	
 -1.2657748e+001	
 -1.3001379e+001	
 -1.3288906e+001	
 -1.3509381e+001	
 -1.3652498e+001	
 -1.3709237e+001	
 -1.3672530e+001	
 -1.3537883e+001	
 -1.3303891e+001	
 -1.2972552e+001	
 -1.2549339e+001	
 -1.2042987e+001	
 -1.1465026e+001	
 -1.0829084e+001	
 -1.0150065e+001	
 -9.4432839e+000	
 -8.7236466e+000	
 -8.0049694e+000	
 -7.2994623e+000	
 -6.6174069e+000	
 -5.9670138e+000	
 -5.3544334e+000	
 -4.7838841e+000	
 -4.2578578e+000	
 -3.7773691e+000	
 -3.3422194e+000	
 -2.9512548e+000	
 -2.6026049e+000	
 -2.2938931e+000	
 -2.0224164e+000	
 -1.7852937e+000	
 -1.5795847e+000	
 -1.4023814e+000	
 -1.2508772e+000	
 -1.1224159e+000	
 -1.0145249e+000	
 -9.2493443e-001	
 -8.5158818e-001	
 -7.9264454e-001	
 -7.4647299e-001	
 -7.1164623e-001	
 -6.8692947e-001	
 -6.7126830e-001	
 -6.6377573e-001	
 -6.6371916e-001	
 -6.7050773e-001	
 -6.8368051e-001	
 -7.0289556e-001	
 -7.2792029e-001	
 -7.5862298e-001	
 -7.9496561e-001	
 -8.3699800e-001	
 -8.8485327e-001	
 -9.3874450e-001	
 -9.9896259e-001	
 -1.0658753e+000	
 -1.1399275e+000	
 -1.2216422e+000	
 -1.3116227e+000	
 -1.4105558e+000	
 -1.5192160e+000	
 -1.6384697e+000	
 -1.7692813e+000	
 -1.9127188e+000	
 -2.0699609e+000	
 -2.2423032e+000	
 -2.4311654e+000	
 -2.6380978e+000	
 -2.8647865e+000	
 -3.1130578e+000	
 -3.3848798e+000	
 -3.6823603e+000	
 -4.0077399e+000	
 -4.3633773e+000	
 -4.7517254e+000	
 -5.1752935e+000	
 -5.6365922e+000	
 -6.1380545e+000	
 -6.6819283e+000	
 -7.2701297e+000	
 -7.9040508e+000	
 -8.5843100e+000	
 -9.3104363e+000	
 -1.0080478e+001	
 -1.0890536e+001	
 -1.1734213e+001	
 -1.2602021e+001	
 -1.3480754e+001	
 -1.4352920e+001	
 -1.5196322e+001	
 -1.5983938e+001	
 -1.6684275e+001	
 -1.7262383e+001	
 -1.7681696e+001	
 -1.7906736e+001	
 -1.7906562e+001	
 -1.7658595e+001	
 -1.7152184e+001	
 -1.6391160e+001	
 -1.5394671e+001	
 -1.4195889e+001	
 -1.2838709e+001	
 -1.1373070e+001	
 -9.8498674e+000	
 -8.3164197e+000	
 -6.8131875e+000	
 -5.3720017e+000	
 -4.0156785e+000	
 -2.7586637e+000	
 -1.6082818e+000	
 -5.6622041e-001	
  3.7000803e-001	
  1.2057768e+000	
  1.9482896e+000	
  2.6057635e+000	
  3.1868273e+000	
  3.7000956e+000	
  4.1538833e+000	
  4.5560232e+000	
  4.9137608e+000	
  5.2337022e+000	
  5.5217993e+000	
  5.7833599e+000	
  6.0230722e+000	
  6.2450395e+000	
  6.4528187e+000	
  6.6494607e+000	
  6.8375496e+000	
  7.0192405e+000	
  7.1962942e+000	
  7.3701087e+000	
  7.5417473e+000	
  7.7119638e+000	
  7.8812242e+000	
  8.0497264e+000	
  8.2174175e+000	
  8.3840098e+000	
  8.5489958e+000	
  8.7116636e+000	
  8.8711128e+000	
  9.0262720e+000	
  9.1759180e+000	
  9.3186991e+000	
  9.4531607e+000	
  9.5777752e+000	
  9.6909763e+000	
  9.7911965e+000	
  9.8769086e+000	
  9.9466697e+000	
  9.9991665e+000	
  1.0033261e+001	
  1.0048033e+001	
  1.0042823e+001	
  1.0017262e+001	
  9.9713018e+000	
  9.9052285e+000	
  9.8196710e+000	
  9.7155943e+000	
  9.5942831e+000	
  9.4573139e+000	
  9.3065171e+000	
  9.1439325e+000	
  8.9717579e+000	
  8.7922955e+000	
  8.6078977e+000	
  8.4209149e+000	
  8.2336470e+000	
  8.0483014e+000	
  7.8669568e+000	
  7.6915360e+000	
  7.5237856e+000	
  7.3652632e+000	
  7.2173325e+000	
  7.0811634e+000	
  6.9577383e+000	
  6.8478618e+000	
  6.7521735e+000	
  6.6711635e+000	
  6.6051875e+000	
  6.5544836e+000	
  6.5191880e+000	
  6.4993491e+000	
  6.4949415e+000	
  6.5058763e+000	
  6.5320115e+000	
  6.5731579e+000	
  6.6290845e+000	
  6.6995205e+000	
  6.7841551e+000	
  6.8826348e+000	
  6.9945588e+000	
  7.1194720e+000	
  7.2568551e+000	
  7.4061140e+000	
  7.5665665e+000	
  7.7374277e+000	
  7.9177945e+000	
  8.1066294e+000	
  8.3027440e+000	
  8.5047831e+000	
  8.7112110e+000	
  8.9202993e+000	
  9.1301202e+000	
  9.3385432e+000	
  9.5432403e+000	
  9.7416979e+000	
  9.9312401e+000	
  1.0109061e+001	
  1.0272273e+001	
  1.0417958e+001	
  1.0543244e+001	
  1.0645379e+001	
  1.0721824e+001	
  1.0770337e+001	
  1.0789072e+001	
  1.0776662e+001	
  1.0732294e+001	
  1.0655769e+001	
  1.0547537e+001	
  1.0408706e+001	
  1.0241032e+001	
  1.0046867e+001	
  9.8290938e+000	
  9.5910325e+000	
  9.3363343e+000	
  9.0688643e+000	
  8.7925841e+000	
  8.5114376e+000	
  8.2292479e+000	
  7.9496295e+000	
  7.6759173e+000	
  7.4111157e+000	
  7.1578662e+000	
  6.9184327e+000	
  6.6947026e+000	
  6.4882005e+000	
  6.3001128e+000	
  6.1313181e+000	
  5.9824237e+000	
  5.8538031e+000	
  5.7456348e+000	
  5.6579392e+000	
  5.5906133e+000	
  5.5434620e+000	
  5.5162263e+000	
  5.5086066e+000	
  5.5202824e+000	
  5.5509272e+000	
  5.6002201e+000	
  5.6678529e+000	
  5.7535332e+000	
  5.8569843e+000	
  5.9779412e+000	
  6.1161432e+000	
  6.2713225e+000	
  6.4431904e+000	
  6.6314188e+000	
  6.8356188e+000	
  7.0553157e+000	
  7.2899205e+000	
  7.5386971e+000	
  7.8007279e+000	
  8.0748754e+000	
  8.3597424e+000	
  8.6536312e+000	
  8.9545043e+000	
  9.2599471e+000	
  9.5671375e+000	
  9.8728237e+000	
  1.0173316e+001	
  1.0464497e+001	
  1.0741850e+001	
  1.1000524e+001	
  1.1235415e+001	
  1.1441296e+001	
  1.1612966e+001	
  1.1745440e+001	
  1.1834152e+001	
  1.1875180e+001	
  1.1865463e+001	
  1.1803004e+001	
  1.1687029e+001	
  1.1518100e+001	
  1.1298155e+001	
  1.1030477e+001	
  1.0719579e+001	
  1.0371027e+001	
  9.9912002e+000	
  9.5870244e+000	
  9.1656816e+000	
  8.7343339e+000	
  8.2998727e+000	
  7.8687090e+000	
  7.4466144e+000	
  7.0386145e+000	
  6.6489336e+000	
  6.2809847e+000	
  5.9373963e+000	
  5.6200688e+000	
  5.3302491e+000	
  5.0686174e+000	
  4.8353794e+000	
  4.6303566e+000	
  4.4530733e+000	
  4.3028362e+000	
  4.1788046e+000	
  4.0800528e+000	
  4.0056213e+000	
  3.9545599e+000	
  3.9259623e+000	
  3.9189929e+000	
  3.9329068e+000	
  3.9670640e+000	
  4.0209384e+000	
  4.0941232e+000	
  4.1863310e+000	
  4.2973923e+000	
  4.4272501e+000	
  4.5759518e+000	
  4.7436384e+000	
  4.9305310e+000	
  5.1369142e+000	
  5.3631150e+000	
  5.6094791e+000	
  5.8763411e+000	
  6.1639893e+000	
  6.4726241e+000	
  6.8023086e+000	
  7.1529109e+000	
  7.5240364e+000	
  7.9149506e+000	
  8.3244916e+000	
  8.7509738e+000	
  9.1920828e+000	
  9.6447669e+000	
  1.0105130e+001	
  1.0568331e+001	
  1.1028505e+001	
  1.1478716e+001	
  1.1910959e+001	
  1.2316225e+001	
  1.2684661e+001	
  1.3005817e+001	
  1.3269013e+001	
  1.3463809e+001	
  1.3580572e+001	
  1.3611094e+001	
  1.3549225e+001	
  1.3391440e+001	
  1.3137278e+001	
  1.2789582e+001	
  1.2354498e+001	
  1.1841201e+001	
  1.1261393e+001	
  1.0628603e+001	
  9.9573880e+000	
  9.2625109e+000	
  8.5581920e+000	
  7.8574873e+000	
  7.1718381e+000	
  6.5107991e+000	
  5.8819335e+000	
  5.2908460e+000	
  4.7413198e+000	
  4.2355217e+000	
  3.7742427e+000	
  3.3571500e+000	
  2.9830303e+000	
  2.6500143e+000	
  2.3557734e+000	
  2.0976879e+000	
  1.8729845e+000	
  1.6788472e+000	
  1.5125023e+000	
  1.3712824e+000	
  1.2526720e+000	
  1.1543376e+000	
  1.0741461e+000	
  1.0101741e+000	
  9.6070880e-001	
  9.2424487e-001	
  8.9947694e-001	
  8.8528979e-001	
  8.8074710e-001	
  8.8507968e-001	
  8.9767367e-001	
  9.1805919e-001	
  9.4589984e-001	
  9.8098323e-001	
  1.0232127e+000	
  1.0726003e+000	
  1.1292610e+000	
  1.1934085e+000	
  1.2653521e+000	
  1.3454947e+000	
  1.4343323e+000	
  1.5324546e+000	
  1.6405464e+000	
  1.7593901e+000	
  1.8898693e+000	
  2.0329723e+000	
  2.1897974e+000	
  2.3615570e+000	
  2.5495830e+000	
  2.7553310e+000	
  2.9803841e+000	
  3.2264545e+000	
  3.4953835e+000	
  3.7891374e+000	
  4.1097980e+000	
  4.4595467e+000	
  4.8406385e+000	
  5.2553635e+000	
  5.7059915e+000	
  6.1946948e+000	
  6.7234439e+000	
  7.2938679e+000	
  7.9070732e+000	
  8.5634113e+000	
  9.2621876e+000	
  1.0001306e+001	
  1.0776847e+001	
  1.1582583e+001	
  1.2409451e+001	
  1.3245017e+001	
  1.4072992e+001	
  1.4872897e+001	
  1.5619982e+001	
  1.6285577e+001	
  1.6837999e+001	
  1.7244165e+001	
  1.7471939e+001	
  1.7493101e+001	
  1.7286650e+001	
  1.6841910e+001	
  1.6160844e+001	
  1.5258943e+001	
  1.4164358e+001	
  1.2915300e+001	
  1.1556159e+001	
  1.0133122e+001	
  8.6900959e+000	
  7.2655725e+000	
  5.8907338e+000	
  4.5887810e+000	
  3.3752317e+000	
  2.2588452e+000	
  1.2428525e+000	
  3.2624223e-001	
 -4.9505258e-001	
 -1.2271461e+000	
 -1.8773931e+000	
 -2.4537731e+000	
 -2.9644407e+000	
 -3.4174102e+000	
 -3.8203446e+000	
 -4.1804237e+000	
 -4.5042692e+000	
 -4.7979112e+000	
 -5.0667824e+000	
 -5.3157309e+000	
 -5.5490454e+000	
 -5.7704865e+000	
 -5.9833207e+000	
 -6.1903555e+000	
 -6.3939721e+000	
 -6.5961564e+000	
 -6.7985255e+000	
 -7.0023512e+000	
 -7.2085784e+000	
 -7.4178403e+000	
 -7.6304690e+000	
 -7.8465036e+000	
 -8.0656942e+000	
 -8.2875050e+000	
 -8.5111161e+000	
 -8.7354250e+000	
 -8.9590496e+000	
 -9.1803350e+000	
 -9.3973634e+000	
 -9.6079716e+000	
 -9.8097759e+000	
 -1.0000206e+001	
 -1.0176552e+001	
 -1.0336017e+001	
 -1.0475791e+001	
 -1.0593124e+001	
 -1.0685417e+001	
 -1.0750317e+001	
 -1.0785808e+001	
 -1.0790307e+001	
 -1.0762749e+001	
 -1.0702652e+001	
 -1.0610171e+001	
 -1.0486119e+001	
 -1.0331971e+001	
 -1.0149826e+001	
 -9.9423545e+000	
 -9.7127129e+000	
 -9.4644448e+000	
 -9.2013656e+000	
 -8.9274440e+000	
 -8.6466836e+000	
 -8.3630132e+000	
 -8.0801901e+000	
 -7.8017198e+000	
 -7.5307956e+000	
 -7.2702564e+000	
 -7.0225641e+000	
 -6.7897976e+000	
 -6.5736610e+000	
 -6.3755039e+000	
 -6.1963500e+000	
 -6.0369311e+000	
 -5.8977255e+000	
 -5.7789961e+000	
 -5.6808298e+000	
 -5.6031728e+000	
 -5.5458648e+000	
 -5.5086688e+000	
 -5.4912968e+000	
 -5.4934314e+000	
 -5.5147436e+000	
 -5.5549059e+000	
 -5.6136014e+000	
 -5.6905293e+000	
 -5.7854061e+000	
 -5.8979637e+000	
 -6.0279433e+000	
 -6.1750866e+000	
 -6.3391224e+000	
 -6.5197511e+000	
 -6.7166242e+000	
 -6.9293211e+000	
 -7.1573221e+000	
 -7.3999778e+000	
 -7.6564750e+000	
 -7.9257997e+000	
 -8.2066980e+000	
 -8.4976345e+000	
 -8.7967521e+000	
 -9.1018321e+000	
 -9.4102593e+000	
 -9.7189947e+000	
 -1.0024558e+001	
 -1.0323029e+001	
 -1.0610063e+001	
 -1.0880937e+001	
 -1.1130625e+001	
 -1.1353899e+001	
 -1.1545472e+001	
 -1.1700169e+001	
 -1.1813126e+001	
 -1.1880010e+001	
 -1.1897242e+001	
 -1.1862216e+001	
 -1.1773484e+001	
 -1.1630897e+001	
 -1.1435688e+001	
 -1.1190478e+001	
 -1.0899200e+001	
 -1.0566954e+001	
 -1.0199796e+001	
 -9.8044725e+000	
 -9.3881409e+000	
 -8.9580772e+000	
 -8.5214068e+000	
 -8.0848692e+000	
 -7.6546304e+000	
 -7.2361482e+000	
 -6.8340909e+000	
 -6.4523047e+000	
 -6.0938247e+000	
 -5.7609173e+000	
 -5.4551489e+000	
 -5.1774684e+000	
 -4.9282987e+000	
 -4.7076299e+000	
 -4.5151098e+000	
 -4.3501278e+000	
 -4.2118914e+000	
 -4.0994928e+000	
 -4.0119663e+000	
 -3.9483360e+000	
 -3.9076547e+000	
 -3.8890344e+000	
 -3.8916703e+000	
 -3.9148573e+000	
 -3.9580024e+000	
 -4.0206309e+000	
 -4.1023896e+000	
 -4.2030465e+000	
 -4.3224868e+000	
 -4.4607063e+000	
 -4.6178028e+000	
 -4.7939633e+000	
 -4.9894500e+000	
 -5.2045812e+000	
 -5.4397103e+000	
 -5.6951983e+000	
 -5.9713833e+000	
