  1.0000000e-001	
  9.0000000e-002	
  8.3800000e-002	
  8.0712000e-002	
  8.0226278e-002	
  8.1973204e-002	
  8.5694067e-002	
  9.1218895e-002	
  9.8449706e-002	
  1.0734800e-001	
  1.1792557e-001	
  1.3023793e-001	
  1.4437981e-001	
  1.6048235e-001	
  1.7871165e-001	
  1.9926844e-001	
  2.2238877e-001	
  2.4834551e-001	
  2.7745066e-001	
  3.1005838e-001	
  3.4656876e-001	
  3.8743225e-001	
  4.3315485e-001	
  4.8430408e-001	
  5.4151570e-001	
  6.0550133e-001	
  6.7705698e-001	
  7.5707259e-001	
  8.4654261e-001	
  9.4657774e-001	
  1.0584179e+000	
  1.1834465e+000	
  1.3232059e+000	
  1.4794142e+000	
  1.6539838e+000	
  1.8490399e+000	
  2.0669409e+000	
  2.3102988e+000	
  2.5819988e+000	
  2.8852180e+000	
  3.2234397e+000	
  3.6004636e+000	
  4.0204048e+000	
  4.4876800e+000	
  5.0069717e+000	
  5.5831622e+000	
  6.2212240e+000	
  6.9260500e+000	
  7.7022018e+000	
  8.5535478e+000	
  9.4827595e+000	
  1.0490626e+001	
  1.1575149e+001	
  1.2730388e+001	
  1.3945044e+001	
  1.5200810e+001	
  1.6470607e+001	
  1.7716938e+001	
  1.8890744e+001	
  1.9931360e+001	
  2.0768302e+001	
  2.1325614e+001	
  2.1529195e+001	
  2.1316805e+001	
  2.0649281e+001	
  1.9520335e+001	
  1.7961705e+001	
  1.6041228e+001	
  1.3853513e+001	
  1.1505644e+001	
  9.1020734e+000	
  6.7327183e+000	
  4.4664315e+000	
  2.3497872e+000	
  4.0963666e-001	
 -1.3425014e+000	
 -2.9057559e+000	
 -4.2858271e+000	
 -5.4918720e+000	
 -6.5343603e+000	
 -7.4237523e+000	
 -8.1698072e+000	
 -8.7813379e+000	
 -9.2662647e+000	
 -9.6318473e+000	
 -9.8850067e+000	
 -1.0032664e+001	
 -1.0082044e+001	
 -1.0040909e+001	
 -9.9176888e+000	
 -9.7215048e+000	
 -9.4620929e+000	
 -9.1496314e+000	
 -8.7945069e+000	
 -8.4070435e+000	
 -7.9972274e+000	
 -7.5744517e+000	
 -7.1473045e+000	
 -6.7234115e+000	
 -6.3093394e+000	
 -5.9105572e+000	
 -5.5314511e+000	
 -5.1753796e+000	
 -4.8447619e+000	
 -4.5411851e+000	
 -4.2655229e+000	
 -4.0180567e+000	
 -3.7985928e+000	
 -3.6065720e+000	
 -3.4411687e+000	
 -3.3013774e+000	
 -3.1860872e+000	
 -3.0941438e+000	
 -3.0244001e+000	
 -2.9757568e+000	
 -2.9471933e+000	
 -2.9377917e+000	
 -2.9467533e+000	
 -2.9734105e+000	
 -3.0172335e+000	
 -3.0778346e+000	
 -3.1549682e+000	
 -3.2485304e+000	
 -3.3585550e+000	
 -3.4852098e+000	
 -3.6287901e+000	
 -3.7897118e+000	
 -3.9685028e+000	
 -4.1657926e+000	
 -4.3822995e+000	
 -4.6188157e+000	
 -4.8761879e+000	
 -5.1552942e+000	
 -5.4570144e+000	
 -5.7821939e+000	
 -6.1315987e+000	
 -6.5058590e+000	
 -6.9054014e+000	
 -7.3303660e+000	
 -7.7805072e+000	
 -8.2550772e+000	
 -8.7526903e+000	
 -9.2711708e+000	
 -9.8073849e+000	
 -1.0357064e+001	
 -1.0914630e+001	
 -1.1473032e+001	
 -1.2023626e+001	
 -1.2556112e+001	
 -1.3058567e+001	
 -1.3517613e+001	
 -1.3918747e+001	
 -1.4246862e+001	
 -1.4486966e+001	
 -1.4625086e+001	
 -1.4649285e+001	
 -1.4550721e+001	
 -1.4324601e+001	
 -1.3970907e+001	
 -1.3494739e+001	
 -1.2906223e+001	
 -1.2219928e+001	
 -1.1453880e+001	
 -1.0628295e+001	
 -9.7641954e+000	
 -8.8821002e+000	
 -8.0009167e+000	
 -7.1371367e+000	
 -6.3043566e+000	
 -5.5131028e+000	
 -4.7709052e+000	
 -4.0825490e+000	
 -3.4504327e+000	
 -2.8749760e+000	
 -2.3550293e+000	
 -1.8882573e+000	
 -1.4714787e+000	
 -1.1009532e+000	
 -7.7261742e-001	
 -4.8227025e-001	
 -2.2571457e-001	
  1.1388176e-003	
  2.0219882e-001	
  3.8114717e-001	
  5.4141187e-001	
  6.8615630e-001	
  8.1828028e-001	
  9.4042974e-001	
  1.0550127e+000	
  1.1642192e+000	
  1.2700439e+000	
  1.3743102e+000	
  1.4786942e+000	
  1.5847490e+000	
  1.6939280e+000	
  1.8076071e+000	
  1.9271059e+000	
  2.0537073e+000	
  2.1886759e+000	
  2.3332746e+000	
  2.4887799e+000	
  2.6564957e+000	
  2.8377649e+000	
  3.0339794e+000	
  3.2465884e+000	
  3.4771028e+000	
  3.7270976e+000	
  3.9982096e+000	
  4.2921308e+000	
  4.6105942e+000	
  4.9553528e+000	
  5.3281477e+000	
  5.7306635e+000	
  6.1644674e+000	
  6.6309291e+000	
  7.1311166e+000	
  7.6656632e+000	
  8.2346021e+000	
  8.8371632e+000	
  9.4715314e+000	
  1.0134564e+001	
  1.0821473e+001	
  1.1525489e+001	
  1.2237515e+001	
  1.2945822e+001	
  1.3635830e+001	
  1.4290032e+001	
  1.4888162e+001	
  1.5407678e+001	
  1.5824638e+001	
  1.6115015e+001	
  1.6256422e+001	
  1.6230117e+001	
  1.6023090e+001	
  1.5629895e+001	
  1.5053889e+001	
  1.4307581e+001	
  1.3411933e+001	
  1.2394664e+001	
  1.1287823e+001	
  1.0125051e+001	
  8.9389520e+000	
  7.7589675e+000	
  6.6099274e+000	
  5.5113358e+000	
  4.4772885e+000	
  3.5168572e+000	
  2.6347577e+000	
  1.8321448e+000	
  1.1074144e+000	
  4.5694133e-001	
 -1.2428643e-001	
 -6.4214927e-001	
 -1.1029888e+000	
 -1.5133003e+000	
 -1.8795094e+000	
 -2.2078160e+000	
 -2.5040927e+000	
 -2.7738236e+000	
 -3.0220742e+000	
 -3.2534835e+000	
 -3.4722718e+000	
 -3.6822596e+000	
 -3.8868925e+000	
 -4.0892696e+000	
 -4.2921731e+000	
 -4.4980970e+000	
 -4.7092736e+000	
 -4.9276966e+000	
 -5.1551392e+000	
 -5.3931682e+000	
 -5.6431513e+000	
 -5.9062586e+000	
 -6.1834567e+000	
 -6.4754956e+000	
 -6.7828876e+000	
 -7.1058774e+000	
 -7.4444039e+000	
 -7.7980534e+000	
 -8.1660043e+000	
 -8.5469647e+000	
 -8.9391043e+000	
 -9.3399839e+000	
 -9.7464854e+000	
 -1.0154749e+001	
 -1.0560125e+001	
 -1.0957149e+001	
 -1.1339547e+001	
 -1.1700292e+001	
 -1.2031716e+001	
 -1.2325680e+001	
 -1.2573830e+001	
 -1.2767918e+001	
 -1.2900184e+001	
 -1.2963790e+001	
 -1.2953266e+001	
 -1.2864931e+001	
 -1.2697247e+001	
 -1.2451056e+001	
 -1.2129677e+001	
 -1.1738821e+001	
 -1.1286342e+001	
 -1.0781835e+001	
 -1.0236126e+001	
 -9.6607009e+000	
 -9.0671364e+000	
 -8.4665789e+000	
 -7.8693135e+000	
 -7.2844441e+000	
 -6.7196929e+000	
 -6.1813112e+000	
 -5.6740866e+000	
 -5.2014246e+000	
 -4.7654816e+000	
 -4.3673296e+000	
 -4.0071341e+000	
 -3.6843319e+000	
 -3.3977992e+000	
 -3.1460040e+000	
 -2.9271396e+000	
 -2.7392377e+000	
 -2.5802618e+000	
 -2.4481821e+000	
 -2.3410341e+000	
 -2.2569628e+000	
 -2.1942544e+000	
 -2.1513582e+000	
 -2.1269002e+000	
 -2.1196912e+000	
 -2.1287283e+000	
 -2.1531951e+000	
 -2.1924575e+000	
 -2.2460587e+000	
 -2.3137134e+000	
 -2.3953014e+000	
 -2.4908606e+000	
 -2.6005810e+000	
 -2.7247986e+000	
 -2.8639891e+000	
 -3.0187629e+000	
 -3.1898589e+000	
 -3.3781384e+000	
 -3.5845787e+000	
 -3.8102644e+000	
 -4.0563769e+000	
 -4.3241813e+000	
 -4.6150081e+000	
 -4.9302301e+000	
 -5.2712307e+000	
 -5.6393637e+000	
 -6.0359004e+000	
 -6.4619616e+000	
 -6.9184316e+000	
 -7.4058506e+000	
 -7.9242818e+000	
 -8.4731504e+000	
 -9.0510523e+000	
 -9.6555319e+000	
 -1.0282833e+001	
 -1.0927628e+001	
 -1.1582745e+001	
 -1.2238910e+001	
 -1.2884538e+001	
 -1.3505636e+001	
 -1.4085844e+001	
 -1.4606712e+001	
 -1.5048245e+001	
 -1.5389784e+001	
 -1.5611210e+001	
 -1.5694434e+001	
 -1.5625044e+001	
 -1.5393923e+001	
 -1.4998570e+001	
 -1.4443899e+001	
 -1.3742297e+001	
 -1.2912881e+001	
 -1.1980017e+001	
 -1.0971345e+001	
 -9.9155863e+000	
 -8.8404987e+000	
 -7.7711972e+000	
 -6.7290117e+000	
 -5.7308962e+000	
 -4.7893277e+000	
 -3.9125735e+000	
 -3.1051954e+000	
 -2.3686692e+000	
 -1.7020285e+000	
 -1.1024718e+000	
 -5.6589622e-001	
 -8.7345733e-002	
  3.3862887e-001	
  7.1769101e-001	
  1.0555099e+000	
  1.3576110e+000	
  1.6292747e+000	
  1.8754718e+000	
  2.1008292e+000	
  2.3096159e+000	
  2.5057469e+000	
  2.6927963e+000	
  2.8740196e+000	
  3.0523795e+000	
  3.2305746e+000	
  3.4110684e+000	
  3.5961180e+000	
  3.7877997e+000	
  3.9880331e+000	
  4.1986011e+000	
  4.4211657e+000	
  4.6572792e+000	
  4.9083901e+000	
  5.1758426e+000	
  5.4608692e+000	
  5.7645761e+000	
  6.0879195e+000	
  6.4316714e+000	
  6.7963759e+000	
  7.1822919e+000	
  7.5893233e+000	
  8.0169354e+000	
  8.4640572e+000	
  8.9289704e+000	
  9.4091879e+000	
  9.9013253e+000	
  1.0400972e+001	
  1.0902576e+001	
  1.1399345e+001	
  1.1883199e+001	
  1.2344780e+001	
  1.2773552e+001	
  1.3158009e+001	
  1.3486015e+001	
  1.3745285e+001	
  1.3924001e+001	
  1.4011528e+001	
  1.3999197e+001	
  1.3881062e+001	
  1.3654549e+001	
  1.3320899e+001	
  1.2885330e+001	
  1.2356871e+001	
  1.1747864e+001	
  1.1073198e+001	
  1.0349358e+001	
  9.5934073e+000	
  8.8220230e+000	
  8.0506786e+000	
  7.2930302e+000	
  6.5605330e+000	
  5.8622748e+000	
  5.2049936e+000	
  4.5932325e+000	
  4.0295856e+000	
  3.5149911e+000	
  3.0490395e+000	
  2.6302712e+000	
  2.2564477e+000	
  1.9247899e+000	
  1.6321775e+000	
  1.3753123e+000	
  1.1508471e+000	
  9.5548370e-001	
  7.8604502e-001	
  6.3952509e-001	
  5.1312138e-001	
  4.0425278e-001	
  3.1056663e-001	
  2.2993734e-001	
  1.6045893e-001	
  1.0043330e-001	
  4.8355689e-002	
  2.8985325e-003	
 -3.7105521e-002	
 -7.2680623e-002	
 -1.0472437e-001	
 -1.3402374e-001	
 -1.6127009e-001	
 -1.8707306e-001	
 -2.1197348e-001	
 -2.3645501e-001	
 -2.6095492e-001	
 -2.8587369e-001	
 -3.1158382e-001	
 -3.3843785e-001	
 -3.6677557e-001	
 -3.9693076e-001	
 -4.2923739e-001	
 -4.6403540e-001	
 -5.0167626e-001	
 -5.4252829e-001	
 -5.8698190e-001	
 -6.3545483e-001	
 -6.8839738e-001	
 -7.4629789e-001	
 -8.0968832e-001	
 -8.7915024e-001	
 -9.5532099e-001	
 -1.0389004e+000	
 -1.1306581e+000	
 -1.2314405e+000	
 -1.3421799e+000	
 -1.4639024e+000	
 -1.5977373e+000	
 -1.7449270e+000	
 -1.9068371e+000	
 -2.0849665e+000	
 -2.2809580e+000	
 -2.4966082e+000	
 -2.7338767e+000	
 -2.9948934e+000	
 -3.2819640e+000	
 -3.5975701e+000	
 -3.9443647e+000	
 -4.3251584e+000	
 -4.7428940e+000	
 -5.2006046e+000	
 -5.7013500e+000	
 -6.2481232e+000	
 -6.8437191e+000	
 -7.4905528e+000	
 -8.1904163e+000	
 -8.9441580e+000	
 -9.7512701e+000	
 -1.0609373e+001	
 -1.1513588e+001	
 -1.2455804e+001	
 -1.3423863e+001	
 -1.4400727e+001	
 -1.5363727e+001	
 -1.6284056e+001	
 -1.7126732e+001	
 -1.7851305e+001	
 -1.8413578e+001	
 -1.8768545e+001	
 -1.8874524e+001	
 -1.8698174e+001	
 -1.8219629e+001	
 -1.7436705e+001	
 -1.6367020e+001	
 -1.5047202e+001	
 -1.3529084e+001	
 -1.1873628e+001	
 -1.0143957e+001	
 -8.3990036e+000	
 -6.6889112e+000	
 -5.0526061e+000	
 -3.5173812e+000	
 -2.0999192e+000	
 -8.0810813e-001	
  3.5689411e-001	
  1.3987080e+000	
  2.3240776e+000	
  3.1415731e+000	
  3.8606324e+000	
  4.4908918e+000	
  5.0417427e+000	
  5.5220586e+000	
  5.9400426e+000	
  6.3031586e+000	
  6.6181189e+000	
  6.8909056e+000	
  7.1268143e+000	
  7.3305082e+000	
  7.5060780e+000	
  7.6571012e+000	
  7.7867004e+000	
  7.8975973e+000	
  7.9921628e+000	
  8.0724619e+000	
  8.1402946e+000	
  8.1972314e+000	
  8.2446451e+000	
  8.2837381e+000	
  8.3155668e+000	
  8.3410621e+000	
  8.3610474e+000	
  8.3762540e+000	
  8.3873337e+000	
  8.3948704e+000	
  8.3993892e+000	
  8.4013642e+000	
  8.4012250e+000	
  8.3993623e+000	
  8.3961321e+000	
  8.3918594e+000	
  8.3868413e+000	
  8.3813492e+000	
  8.3756307e+000	
  8.3699113e+000	
  8.3643952e+000	
  8.3592665e+000	
  8.3546899e+000	
  8.3508111e+000	
  8.3477574e+000	
  8.3456379e+000	
  8.3445440e+000	
  8.3445494e+000	
  8.3457108e+000	
  8.3480678e+000	
  8.3516433e+000	
  8.3564440e+000	
  8.3624606e+000	
  8.3696683e+000	
  8.3780274e+000	
  8.3874838e+000	
  8.3979696e+000	
  8.4094039e+000	
  8.4216936e+000	
  8.4347343e+000	
  8.4484111e+000	
  8.4626001e+000	
  8.4771692e+000	
  8.4919792e+000	
  8.5068858e+000	
  8.5217402e+000	
  8.5363913e+000	
  8.5506867e+000	
  8.5644747e+000	
  8.5776056e+000	
  8.5899337e+000	
  8.6013190e+000	
  8.6116286e+000	
  8.6207384e+000	
  8.6285350e+000	
  8.6349171e+000	
  8.6397965e+000	
  8.6431002e+000	
  8.6447709e+000	
  8.6447682e+000	
  8.6430695e+000	
  8.6396703e+000	
  8.6345851e+000	
  8.6278468e+000	
  8.6195073e+000	
  8.6096365e+000	
  8.5983222e+000	
  8.5856691e+000	
  8.5717976e+000	
  8.5568427e+000	
  8.5409524e+000	
  8.5242863e+000	
  8.5070134e+000	
  8.4893108e+000	
  8.4713613e+000	
  8.4533516e+000	
  8.4354698e+000	
  8.4179043e+000	
  8.4008407e+000	
  8.3844605e+000	
  8.3689391e+000	
  8.3544439e+000	
  8.3411326e+000	
  8.3291519e+000	
  8.3186357e+000	
  8.3097040e+000	
  8.3024618e+000	
  8.2969982e+000	
  8.2933852e+000	
  8.2916775e+000	
  8.2919116e+000	
  8.2941054e+000	
  8.2982582e+000	
  8.3043504e+000	
  8.3123435e+000	
  8.3221805e+000	
  8.3337856e+000	
  8.3470656e+000	
  8.3619092e+000	
  8.3781890e+000	
  8.3957613e+000	
  8.4144677e+000	
  8.4341359e+000	
  8.4545811e+000	
  8.4756076e+000	
  8.4970099e+000	
  8.5185749e+000	
  8.5400836e+000	
  8.5613130e+000	
  8.5820387e+000	
  8.6020364e+000	
  8.6210851e+000	
  8.6389689e+000	
  8.6554798e+000	
  8.6704205e+000	
  8.6836062e+000	
  8.6948677e+000	
  8.7040535e+000	
  8.7110321e+000	
  8.7156941e+000	
  8.7179539e+000	
  8.7177514e+000	
  8.7150532e+000	
  8.7098537e+000	
  8.7021753e+000	
  8.6920693e+000	
  8.6796148e+000	
  8.6649187e+000	
  8.6481147e+000	
  8.6293615e+000	
  8.6088415e+000	
  8.5867585e+000	
  8.5633352e+000	
  8.5388109e+000	
  8.5134384e+000	
  8.4874812e+000	
  8.4612101e+000	
  8.4349007e+000	
  8.4088295e+000	
  8.3832713e+000	
  8.3584963e+000	
  8.3347667e+000	
  8.3123347e+000	
  8.2914394e+000	
  8.2723049e+000	
  8.2551382e+000	
  8.2401268e+000	
  8.2274380e+000	
  8.2172168e+000	
  8.2095849e+000	
  8.2046398e+000	
  8.2024542e+000	
  8.2030750e+000	
  8.2065233e+000	
  8.2127942e+000	
  8.2218562e+000	
  8.2336522e+000	
  8.2480986e+000	
  8.2650868e+000	
  8.2844829e+000	
  8.3061288e+000	
  8.3298429e+000	
  8.3554211e+000	
  8.3826380e+000	
  8.4112483e+000	
  8.4409884e+000	
  8.4715780e+000	
  8.5027224e+000	
  8.5341146e+000	
  8.5654381e+000	
  8.5963691e+000	
  8.6265802e+000	
  8.6557433e+000	
  8.6835330e+000	
  8.7096304e+000	
  8.7337269e+000	
  8.7555283e+000	
  8.7747582e+000	
  8.7911624e+000	
  8.8045125e+000	
  8.8146099e+000	
  8.8212886e+000	
  8.8244188e+000	
  8.8239092e+000	
  8.8197095e+000	
  8.8118117e+000	
  8.8002510e+000	
  8.7851068e+000	
  8.7665014e+000	
  8.7445996e+000	
  8.7196069e+000	
  8.6917670e+000	
  8.6613589e+000	
  8.6286933e+000	
  8.5941087e+000	
  8.5579670e+000	
  8.5206490e+000	
  8.4825493e+000	
  8.4440714e+000	
  8.4056231e+000	
  8.3676113e+000	
  8.3304373e+000	
  8.2944930e+000	
  8.2601560e+000	
  8.2277861e+000	
  8.1977224e+000	
  8.1702795e+000	
  8.1457455e+000	
  8.1243794e+000	
  8.1064095e+000	
  8.0920318e+000	
  8.0814090e+000	
  8.0746692e+000	
  8.0719058e+000	
  8.0731768e+000	
  8.0785044e+000	
  8.0878756e+000	
  8.1012414e+000	
  8.1185180e+000	
  8.1395862e+000	
  8.1642925e+000	
  8.1924495e+000	
  8.2238362e+000	
  8.2581995e+000	
  8.2952546e+000	
  8.3346866e+000	
  8.3761516e+000	
  8.4192788e+000	
  8.4636722e+000	
  8.5089132e+000	
  8.5545631e+000	
  8.6001668e+000	
  8.6452560e+000	
  8.6893536e+000	
  8.7319782e+000	
  8.7726490e+000	
  8.8108918e+000	
  8.8462440e+000	
  8.8782616e+000	
  8.9065251e+000	
  8.9306459e+000	
  8.9502728e+000	
  8.9650982e+000	
  8.9748640e+000	
  8.9793669e+000	
  8.9784630e+000	
  8.9720717e+000	
  8.9601789e+000	
  8.9428380e+000	
  8.9201715e+000	
  8.8923697e+000	
  8.8596893e+000	
  8.8224500e+000	
  8.7810306e+000	
  8.7358637e+000	
  8.6874293e+000	
  8.6362480e+000	
  8.5828737e+000	
  8.5278851e+000	
  8.4718784e+000	
  8.4154584e+000	
  8.3592311e+000	
  8.3037962e+000	
  8.2497394e+000	
  8.1976266e+000	
  8.1479977e+000	
  8.1013617e+000	
  8.0581922e+000	
  8.0189237e+000	
  7.9839492e+000	
  7.9536175e+000	
  7.9282316e+000	
  7.9080480e+000	
  7.8932757e+000	
  7.8840760e+000	
  7.8805626e+000	
  7.8828018e+000	
  7.8908127e+000	
  7.9045679e+000	
  7.9239937e+000	
  7.9489707e+000	
  7.9793341e+000	
  8.0148743e+000	
  8.0553371e+000	
  8.1004241e+000	
  8.1497933e+000	
  8.2030593e+000	
  8.2597945e+000	
  8.3195295e+000	
  8.3817547e+000	
  8.4459221e+000	
  8.5114471e+000	
  8.5777119e+000	
  8.6440690e+000	
  8.7098453e+000	
  8.7743478e+000	
  8.8368696e+000	
  8.8966975e+000	
  8.9531194e+000	
  9.0054342e+000	
  9.0529608e+000	
  9.0950493e+000	
  9.1310912e+000	
  9.1605311e+000	
  9.1828770e+000	
  9.1977117e+000	
  9.2047019e+000	
  9.2036076e+000	
  9.1942889e+000	
  9.1767120e+000	
  9.1509526e+000	
  9.1171973e+000	
  9.0757428e+000	
  9.0269927e+000	
  8.9714515e+000	
  8.9097174e+000	
  8.8424719e+000	
  8.7704691e+000	
  8.6945226e+000	
  8.6154923e+000	
  8.5342699e+000	
  8.4517655e+000	
  8.3688936e+000	
  8.2865597e+000	
  8.2056491e+000	
  8.1270153e+000	
  8.0514711e+000	
  7.9797805e+000	
  7.9126523e+000	
  7.8507351e+000	
  7.7946138e+000	
  7.7448075e+000	
  7.7017683e+000	
  7.6658808e+000	
  7.6374631e+000	
  7.6167679e+000	
  7.6039835e+000	
  7.5992363e+000	
  7.6025920e+000	
  7.6140574e+000	
  7.6335821e+000	
  7.6610596e+000	
  7.6963281e+000	
  7.7391713e+000	
  7.7893181e+000	
  7.8464425e+000	
  7.9101634e+000	
  7.9800431e+000	
  8.0555869e+000	
  8.1362419e+000	
  8.2213962e+000	
  8.3103782e+000	
  8.4024567e+000	
  8.4968419e+000	
  8.5926862e+000	
  8.6890878e+000	
  8.7850948e+000	
  8.8797105e+000	
  8.9719018e+000	
  9.0606083e+000	
  9.1447541e+000	
  9.2232614e+000	
  9.2950665e+000	
  9.3591366e+000	
  9.4144892e+000	
  9.4602116e+000	
  9.4954813e+000	
  9.5195865e+000	
  9.5319450e+000	
  9.5321220e+000	
  9.5198450e+000	
  9.4950162e+000	
  9.4577203e+000	
  9.4082283e+000	
  9.3469966e+000	
  9.2746610e+000	
  9.1920266e+000	
  9.1000525e+000	
  8.9998331e+000	
  8.8925763e+000	
  8.7795793e+000	
  8.6622031e+000	
  8.5418462e+000	
  8.4199196e+000	
  8.2978226e+000	
  8.1769207e+000	
  8.0585260e+000	
  7.9438813e+000	
  7.8341462e+000	
  7.7303874e+000	
  7.6335718e+000	
  7.5445622e+000	
  7.4641162e+000	
  7.3928869e+000	
  7.3314254e+000	
  7.2801849e+000	
  7.2395255e+000	
  7.2097201e+000	
  7.1909594e+000	
  7.1833584e+000	
  7.1869607e+000	
  7.2017436e+000	
  7.2276217e+000	
  7.2644495e+000	
  7.3120236e+000	
  7.3700829e+000	
  7.4383082e+000	
  7.5163210e+000	
  7.6036804e+000	
  7.6998803e+000	
  7.8043446e+000	
  7.9164226e+000	
  8.0353840e+000	
  8.1604134e+000	
  8.2906058e+000	
  8.4249621e+000	
  8.5623857e+000	
  8.7016815e+000	
  8.8415564e+000	
  8.9806221e+000	
  9.1174020e+000	
  9.2503412e+000	
  9.3778207e+000	
  9.4981762e+000	
  9.6097217e+000	
  9.7107771e+000	
  9.7997006e+000	
  9.8749246e+000	
  9.9349940e+000	
  9.9786068e+000	
  1.0004653e+001	
  1.0012254e+001	
  1.0000797e+001	
  9.9699602e+000	
  9.9197399e+000	
  9.8504580e+000	
  9.7627661e+000	
  9.6576367e+000	
  9.5363445e+000	
  9.4004372e+000	
  9.2516985e+000	
  9.0921037e+000	
  8.9237712e+000	
  8.7489113e+000	
  8.5697751e+000	
  8.3886056e+000	
  8.2075932e+000	
  8.0288362e+000	
  7.8543083e+000	
  7.6858332e+000	
  7.5250663e+000	
  7.3734840e+000	
  7.2323781e+000	
  7.1028577e+000	
  6.9858544e+000	
  6.8821317e+000	
  6.7922971e+000	
  6.7168163e+000	
  6.6560275e+000	
  6.6101568e+000	
  6.5793324e+000	
  6.5635982e+000	
  6.5629254e+000	
  6.5772233e+000	
  6.6063473e+000	
  6.6501049e+000	
  6.7082597e+000	
  6.7805331e+000	
  6.8666035e+000	
  6.9661032e+000	
  7.0786137e+000	
  7.2036578e+000	
  7.3406911e+000	
  7.4890902e+000	
  7.6481410e+000	
  7.8170238e+000	
  7.9947995e+000	
  8.1803937e+000	
  8.3725824e+000	
  8.5699776e+000	
  8.7710155e+000	
  8.9739478e+000	
  9.1768360e+000	
  9.3775529e+000	
  9.5737896e+000	
  9.7630716e+000	
  9.9427841e+000	
  1.0110208e+001	
  1.0262566e+001	
  1.0397083e+001	
  1.0511053e+001	
  1.0601916e+001	
  1.0667343e+001	
  1.0705321e+001	
  1.0714239e+001	
  1.0692963e+001	
  1.0640902e+001	
  1.0558059e+001	
  1.0445052e+001	
  1.0303122e+001	
  1.0134108e+001	
  9.9403977e+000	
  9.7248562e+000	
  9.4907378e+000	
  9.2415822e+000	
  8.9811056e+000	
  8.7130906e+000	
  8.4412823e+000	
  8.1692945e+000	
  7.9005307e+000	
  7.6381219e+000	
  7.3848814e+000	
  7.1432781e+000	
  6.9154251e+000	
  6.7030821e+000	
  6.5076706e+000	
  6.3302963e+000	
  6.1717794e+000	
  6.0326882e+000	
  5.9133739e+000	
  5.8140071e+000	
  5.7346115e+000	
  5.6750959e+000	
  5.6352834e+000	
  5.6149362e+000	
  5.6137778e+000	
  5.6315098e+000	
  5.6678257e+000	
  5.7224209e+000	
  5.7949979e+000	
  5.8852687e+000	
  5.9929532e+000	
  6.1177746e+000	
  6.2594505e+000	
  6.4176813e+000	
  6.5921347e+000	
  6.7824277e+000	
  6.9881037e+000	
  7.2086078e+000	
  7.4432575e+000	
  7.6912114e+000	
  7.9514346e+000	
  8.2226622e+000	
  8.5033620e+000	
  8.7916970e+000	
  9.0854905e+000	
  9.3821950e+000	
  9.6788691e+000	
  9.9721645e+000	
  1.0258328e+001	
  1.0533222e+001	
  1.0792369e+001	
  1.1031022e+001	
  1.1244265e+001	
  1.1427140e+001	
  1.1574811e+001	
  1.1682743e+001	
  1.1746907e+001	
  1.1763976e+001	
  1.1731530e+001	
  1.1648218e+001	
  1.1513894e+001	
  1.1329683e+001	
  1.1097992e+001	
  1.0822446e+001	
  1.0507756e+001	
  1.0159531e+001	
  9.7840432e+000	
  9.3879695e+000	
  8.9781295e+000	
  8.5612358e+000	
  8.1436760e+000	
  7.7313343e+000	
  7.3294608e+000	
  6.9425893e+000	
  6.5744993e+000	
  6.2282179e+000	
  5.9060533e+000	
  5.6096517e+000	
  5.3400708e+000	
  5.0978613e+000	
  4.8831519e+000	
  4.6957331e+000	
  4.5351356e+000	
  4.4007029e+000	
  4.2916546e+000	
  4.2071416e+000	
  4.1462932e+000	
  4.1082546e+000	
  4.0922175e+000	
  4.0974440e+000	
  4.1232838e+000	
  4.1691859e+000	
  4.2347061e+000	
  4.3195101e+000	
  4.4233725e+000	
  4.5461737e+000	
  4.6878923e+000	
  4.8485958e+000	
  5.0284272e+000	
  5.2275892e+000	
  5.4463243e+000	
  5.6848910e+000	
  5.9435352e+000	
  6.2224562e+000	
  6.5217666e+000	
  6.8414449e+000	
  7.1812804e+000	
  7.5408098e+000	
  7.9192437e+000	
  8.3153859e+000	
  8.7275433e+000	
  9.1534301e+000	
  9.5900684e+000	
  1.0033692e+001	
  1.0479655e+001	
  1.0922368e+001	
  1.1355254e+001	
  1.1770758e+001	
  1.2160410e+001	
  1.2514978e+001	
  1.2824692e+001	
  1.3079585e+001	
  1.3269917e+001	
  1.3386687e+001	
  1.3422193e+001	
  1.3370605e+001	
  1.3228479e+001	
  1.2995165e+001	
  1.2673036e+001	
  1.2267508e+001	
  1.1786819e+001	
  1.1241594e+001	
  1.0644241e+001	
  1.0008231e+001	
  9.3473579e+000	
  8.6750414e+000	
  8.0037420e+000	
  7.3445171e+000	
  6.7067384e+000	
  6.0979610e+000	
  5.5239233e+000	
  4.9886480e+000	
  4.4946120e+000	
  4.0429580e+000	
  3.6337212e+000	
  3.2660551e+000	
  2.9384415e+000	
  2.6488804e+000	
  2.3950522e+000	
  2.1744543e+000	
  1.9845120e+000	
  1.8226658e+000	
  1.6864376e+000	
  1.5734798e+000	
  1.4816090e+000	
  1.4088281e+000	
  1.3533387e+000	
  1.3135456e+000	
  1.2880568e+000	
  1.2756789e+000	
  1.2754096e+000	
  1.2864291e+000	
  1.3080908e+000	
  1.3399110e+000	
  1.3815600e+000	
  1.4328530e+000	
  1.4937424e+000	
  1.5643110e+000	
  1.6447667e+000	
  1.7354376e+000	
  1.8367694e+000	
  1.9493230e+000	
  2.0737736e+000	
  2.2109107e+000	
  2.3616383e+000	
  2.5269765e+000	
  2.7080623e+000	
  2.9061507e+000	
  3.1226152e+000	
  3.3589464e+000	
  3.6167489e+000	
  3.8977348e+000	
  4.2037127e+000	
  4.5365704e+000	
  4.8982489e+000	
  5.2907060e+000	
  5.7158651e+000	
  6.1755453e+000	
  6.6713696e+000	
  7.2046433e+000	
  7.7761991e+000	
  8.3862008e+000	
  9.0339012e+000	
  9.7173495e+000	
  1.0433048e+001	
  1.1175560e+001	
  1.1937094e+001	
  1.2707071e+001	
  1.3471746e+001	
  1.4213934e+001	
  1.4912930e+001	
  1.5544747e+001	
  1.6082774e+001	
  1.6498946e+001	
  1.6765495e+001	
  1.6857193e+001	
  1.6753927e+001	
  1.6443251e+001	
  1.5922489e+001	
  1.5199916e+001	
  1.4294674e+001	
  1.3235323e+001	
  1.2057220e+001	
  1.0799201e+001	
  9.5001548e+000	
  8.1960550e+000	
  6.9178134e+000	
  5.6900913e+000	
  4.5309901e+000	
  3.4524145e+000	
  2.4608569e+000	
  1.5583803e+000	
  7.4362804e-001	
  1.2754302e-002	
 -6.3977950e-001	
 -1.2205591e+000	
 -1.7367170e+000	
 -2.1955592e+000	
 -2.6042985e+000	
 -2.9698711e+000	
 -3.2988183e+000	
 -3.5972178e+000	
 -3.8706489e+000	
 -4.1241849e+000	
 -4.3624012e+000	
 -4.5893960e+000	
 -4.8088168e+000	
 -5.0238905e+000	
 -5.2374536e+000	
 -5.4519816e+000	
 -5.6696153e+000	
 -5.8921830e+000	
 -6.1212178e+000	
 -6.3579706e+000	
 -6.6034159e+000	
 -6.8582531e+000	
 -7.1229004e+000	
 -7.3974846e+000	
 -7.6818231e+000	
 -7.9754031e+000	
 -8.2773546e+000	
 -8.5864225e+000	
 -8.9009361e+000	
 -9.2187807e+000	
 -9.5373731e+000	
 -9.8536459e+000	
 -1.0164042e+001	
 -1.0464531e+001	
 -1.0750639e+001	
 -1.1017514e+001	
 -1.1260022e+001	
 -1.1472868e+001	
 -1.1650761e+001	
 -1.1788607e+001	
 -1.1881721e+001	
 -1.1926067e+001	
 -1.1918477e+001	
 -1.1856870e+001	
 -1.1740422e+001	
 -1.1569684e+001	
 -1.1346628e+001	
 -1.1074612e+001	
 -1.0758270e+001	
 -1.0403325e+001	
 -1.0016342e+001	
 -9.6044445e+000	
 -9.1750200e+000	
 -8.7354290e+000	
 -8.2927452e+000	
 -7.8535393e+000	
 -7.4237143e+000	
 -7.0083977e+000	
 -6.6118855e+000	
 -6.2376342e+000	
 -5.8882909e+000	
 -5.5657528e+000	
 -5.2712465e+000	
 -5.0054188e+000	
 -4.7684321e+000	
 -4.5600585e+000	
 -4.3797699e+000	
 -4.2268188e+000	
 -4.1003121e+000	
 -3.9992730e+000	
 -3.9226943e+000	
 -3.8695822e+000	
 -3.8389910e+000	
 -3.8300501e+000	
 -3.8419843e+000	
 -3.8741281e+000	
 -3.9259349e+000	
 -3.9969817e+000	
 -4.0869704e+000	
 -4.1957254e+000	
 -4.3231888e+000	
 -4.4694128e+000	
 -4.6345494e+000	
 -4.8188371e+000	
 -5.0225854e+000	
 -5.2461546e+000	
 -5.4899332e+000	
 -5.7543093e+000	
 -6.0396369e+000	
 -6.3461959e+000	
 -6.6741442e+000	
 -7.0234615e+000	
 -7.3938830e+000	
 -7.7848233e+000	
 -8.1952893e+000	
 -8.6237826e+000	
 -9.0681929e+000	
 -9.5256857e+000	
 -9.9925872e+000	
 -1.0464276e+001	
 -1.0935091e+001	
 -1.1398265e+001	
 -1.1845905e+001	
 -1.2269041e+001	
 -1.2657748e+001	
 -1.3001379e+001	
 -1.3288906e+001	
 -1.3509381e+001	
 -1.3652498e+001	
 -1.3709237e+001	
 -1.3672530e+001	
 -1.3537883e+001	
 -1.3303891e+001	
 -1.2972552e+001	
 -1.2549339e+001	
 -1.2042987e+001	
 -1.1465026e+001	
 -1.0829084e+001	
 -1.0150065e+001	
 -9.4432839e+000	
 -8.7236466e+000	
 -8.0049694e+000	
 -7.2994623e+000	
 -6.6174069e+000	
 -5.9670138e+000	
 -5.3544334e+000	
 -4.7838841e+000	
 -4.2578578e+000	
 -3.7773691e+000	
 -3.3422194e+000	
 -2.9512548e+000	
 -2.6026049e+000	
 -2.2938931e+000	
 -2.0224164e+000	
 -1.7852937e+000	
 -1.5795847e+000	
 -1.4023814e+000	
 -1.2508772e+000	
 -1.1224159e+000	
 -1.0145249e+000	
 -9.2493443e-001	
 -8.5158818e-001	
 -7.9264454e-001	
 -7.4647299e-001	
 -7.1164623e-001	
 -6.8692947e-001	
 -6.7126830e-001	
 -6.6377573e-001	
 -6.6371916e-001	
 -6.7050773e-001	
 -6.8368051e-001	
 -7.0289556e-001	
 -7.2792029e-001	
 -7.5862298e-001	
 -7.9496561e-001	
 -8.3699800e-001	
 -8.8485327e-001	
 -9.3874450e-001	
 -9.9896259e-001	
 -1.0658753e+000	
 -1.1399275e+000	
 -1.2216422e+000	
 -1.3116227e+000	
 -1.4105558e+000	
 -1.5192160e+000	
 -1.6384697e+000	
 -1.7692813e+000	
 -1.9127188e+000	
 -2.0699609e+000	
 -2.2423032e+000	
 -2.4311654e+000	
 -2.6380978e+000	
 -2.8647865e+000	
 -3.1130578e+000	
 -3.3848798e+000	
 -3.6823603e+000	
 -4.0077399e+000	
 -4.3633773e+000	
 -4.7517254e+000	
 -5.1752935e+000	
 -5.6365922e+000	
 -6.1380545e+000	
 -6.6819283e+000	
 -7.2701297e+000	
 -7.9040508e+000	
 -8.5843100e+000	
 -9.3104363e+000	
 -1.0080478e+001	
 -1.0890536e+001	
 -1.1734213e+001	
 -1.2602021e+001	
 -1.3480754e+001	
 -1.4352920e+001	
 -1.5196322e+001	
 -1.5983938e+001	
 -1.6684275e+001	
 -1.7262383e+001	
 -1.7681696e+001	
 -1.7906736e+001	
 -1.7906562e+001	
 -1.7658595e+001	
 -1.7152184e+001	
 -1.6391160e+001	
 -1.5394671e+001	
 -1.4195889e+001	
 -1.2838709e+001	
 -1.1373070e+001	
 -9.8498674e+000	
 -8.3164197e+000	
 -6.8131875e+000	
 -5.3720017e+000	
 -4.0156785e+000	
 -2.7586637e+000	
 -1.6082818e+000	
 -5.6622041e-001	
  3.7000803e-001	
  1.2057768e+000	
  1.9482896e+000	
  2.6057635e+000	
  3.1868273e+000	
  3.7000956e+000	
  4.1538833e+000	
  4.5560232e+000	
  4.9137608e+000	
  5.2337022e+000	
  5.5217993e+000	
  5.7833599e+000	
  6.0230722e+000	
  6.2450395e+000	
  6.4528187e+000	
  6.6494607e+000	
  6.8375496e+000	
  7.0192405e+000	
  7.1962942e+000	
  7.3701087e+000	
  7.5417473e+000	
  7.7119638e+000	
  7.8812242e+000	
  8.0497264e+000	
  8.2174175e+000	
  8.3840098e+000	
  8.5489958e+000	
  8.7116636e+000	
  8.8711128e+000	
  9.0262720e+000	
  9.1759180e+000	
  9.3186991e+000	
  9.4531607e+000	
  9.5777752e+000	
  9.6909763e+000	
  9.7911965e+000	
  9.8769086e+000	
  9.9466697e+000	
  9.9991665e+000	
  1.0033261e+001	
  1.0048033e+001	
  1.0042823e+001	
  1.0017262e+001	
  9.9713018e+000	
  9.9052285e+000	
  9.8196710e+000	
  9.7155943e+000	
  9.5942831e+000	
  9.4573139e+000	
  9.3065171e+000	
  9.1439325e+000	
  8.9717579e+000	
  8.7922955e+000	
  8.6078977e+000	
  8.4209149e+000	
  8.2336470e+000	
  8.0483014e+000	
  7.8669568e+000	
  7.6915360e+000	
  7.5237856e+000	
  7.3652632e+000	
  7.2173325e+000	
  7.0811634e+000	
  6.9577383e+000	
  6.8478618e+000	
  6.7521735e+000	
  6.6711635e+000	
  6.6051875e+000	
  6.5544836e+000	
  6.5191880e+000	
  6.4993491e+000	
  6.4949415e+000	
  6.5058763e+000	
  6.5320115e+000	
  6.5731579e+000	
  6.6290845e+000	
  6.6995205e+000	
  6.7841551e+000	
  6.8826348e+000	
  6.9945588e+000	
  7.1194720e+000	
  7.2568551e+000	
  7.4061140e+000	
  7.5665665e+000	
  7.7374277e+000	
  7.9177945e+000	
  8.1066294e+000	
  8.3027440e+000	
  8.5047831e+000	
  8.7112110e+000	
  8.9202993e+000	
  9.1301202e+000	
  9.3385432e+000	
  9.5432403e+000	
  9.7416979e+000	
  9.9312401e+000	
  1.0109061e+001	
  1.0272273e+001	
  1.0417958e+001	
  1.0543244e+001	
  1.0645379e+001	
  1.0721824e+001	
  1.0770337e+001	
  1.0789072e+001	
  1.0776662e+001	
  1.0732294e+001	
  1.0655769e+001	
  1.0547537e+001	
  1.0408706e+001	
  1.0241032e+001	
  1.0046867e+001	
  9.8290938e+000	
  9.5910325e+000	
  9.3363343e+000	
  9.0688643e+000	
  8.7925841e+000	
  8.5114376e+000	
  8.2292479e+000	
  7.9496295e+000	
  7.6759173e+000	
  7.4111157e+000	
  7.1578662e+000	
  6.9184327e+000	
  6.6947026e+000	
  6.4882005e+000	
  6.3001128e+000	
  6.1313181e+000	
  5.9824237e+000	
  5.8538031e+000	
  5.7456348e+000	
  5.6579392e+000	
  5.5906133e+000	
  5.5434620e+000	
  5.5162263e+000	
  5.5086066e+000	
  5.5202824e+000	
  5.5509272e+000	
  5.6002201e+000	
  5.6678529e+000	
  5.7535332e+000	
  5.8569843e+000	
  5.9779412e+000	
  6.1161432e+000	
  6.2713225e+000	
  6.4431904e+000	
  6.6314188e+000	
  6.8356188e+000	
  7.0553157e+000	
  7.2899205e+000	
  7.5386971e+000	
  7.8007279e+000	
  8.0748754e+000	
  8.3597424e+000	
  8.6536312e+000	
  8.9545043e+000	
  9.2599471e+000	
  9.5671375e+000	
  9.8728237e+000	
  1.0173316e+001	
  1.0464497e+001	
  1.0741850e+001	
  1.1000524e+001	
  1.1235415e+001	
  1.1441296e+001	
  1.1612966e+001	
  1.1745440e+001	
  1.1834152e+001	
  1.1875180e+001	
  1.1865463e+001	
  1.1803004e+001	
  1.1687029e+001	
  1.1518100e+001	
  1.1298155e+001	
  1.1030477e+001	
  1.0719579e+001	
  1.0371027e+001	
  9.9912002e+000	
  9.5870244e+000	
  9.1656816e+000	
  8.7343339e+000	
  8.2998727e+000	
  7.8687090e+000	
  7.4466144e+000	
  7.0386145e+000	
  6.6489336e+000	
  6.2809847e+000	
  5.9373963e+000	
  5.6200688e+000	
  5.3302491e+000	
  5.0686174e+000	
  4.8353794e+000	
  4.6303566e+000	
  4.4530733e+000	
  4.3028362e+000	
  4.1788046e+000	
  4.0800528e+000	
  4.0056213e+000	
  3.9545599e+000	
  3.9259623e+000	
  3.9189929e+000	
  3.9329068e+000	
  3.9670640e+000	
  4.0209384e+000	
  4.0941232e+000	
  4.1863310e+000	
  4.2973923e+000	
  4.4272501e+000	
  4.5759518e+000	
  4.7436384e+000	
  4.9305310e+000	
  5.1369142e+000	
  5.3631150e+000	
  5.6094791e+000	
  5.8763411e+000	
  6.1639893e+000	
  6.4726241e+000	
  6.8023086e+000	
  7.1529109e+000	
  7.5240364e+000	
  7.9149506e+000	
  8.3244916e+000	
  8.7509738e+000	
  9.1920828e+000	
  9.6447669e+000	
  1.0105130e+001	
  1.0568331e+001	
  1.1028505e+001	
  1.1478716e+001	
  1.1910959e+001	
  1.2316225e+001	
  1.2684661e+001	
  1.3005817e+001	
  1.3269013e+001	
  1.3463809e+001	
  1.3580572e+001	
  1.3611094e+001	
  1.3549225e+001	
  1.3391440e+001	
  1.3137278e+001	
  1.2789582e+001	
  1.2354498e+001	
  1.1841201e+001	
  1.1261393e+001	
  1.0628603e+001	
  9.9573880e+000	
  9.2625109e+000	
  8.5581920e+000	
  7.8574873e+000	
  7.1718381e+000	
  6.5107991e+000	
  5.8819335e+000	
  5.2908460e+000	
  4.7413198e+000	
  4.2355217e+000	
  3.7742427e+000	
  3.3571500e+000	
  2.9830303e+000	
  2.6500143e+000	
  2.3557734e+000	
  2.0976879e+000	
  1.8729845e+000	
  1.6788472e+000	
  1.5125023e+000	
  1.3712824e+000	
  1.2526720e+000	
  1.1543376e+000	
  1.0741461e+000	
  1.0101741e+000	
  9.6070880e-001	
  9.2424487e-001	
  8.9947694e-001	
  8.8528979e-001	
  8.8074710e-001	
  8.8507968e-001	
  8.9767367e-001	
  9.1805919e-001	
  9.4589984e-001	
  9.8098323e-001	
  1.0232127e+000	
  1.0726003e+000	
  1.1292610e+000	
  1.1934085e+000	
  1.2653521e+000	
  1.3454947e+000	
  1.4343323e+000	
  1.5324546e+000	
  1.6405464e+000	
  1.7593901e+000	
  1.8898693e+000	
  2.0329723e+000	
  2.1897974e+000	
  2.3615570e+000	
  2.5495830e+000	
  2.7553310e+000	
  2.9803841e+000	
  3.2264545e+000	
  3.4953835e+000	
  3.7891374e+000	
  4.1097980e+000	
  4.4595467e+000	
  4.8406385e+000	
  5.2553635e+000	
  5.7059915e+000	
  6.1946948e+000	
  6.7234439e+000	
  7.2938679e+000	
  7.9070732e+000	
  8.5634113e+000	
  9.2621876e+000	
  1.0001306e+001	
  1.0776847e+001	
  1.1582583e+001	
  1.2409451e+001	
  1.3245017e+001	
  1.4072992e+001	
  1.4872897e+001	
  1.5619982e+001	
  1.6285577e+001	
  1.6837999e+001	
  1.7244165e+001	
  1.7471939e+001	
  1.7493101e+001	
  1.7286650e+001	
  1.6841910e+001	
  1.6160844e+001	
  1.5258943e+001	
  1.4164358e+001	
  1.2915300e+001	
  1.1556159e+001	
  1.0133122e+001	
  8.6900959e+000	
  7.2655725e+000	
  5.8907338e+000	
  4.5887810e+000	
  3.3752317e+000	
  2.2588452e+000	
  1.2428525e+000	
  3.2624223e-001	
 -4.9505258e-001	
 -1.2271461e+000	
 -1.8773931e+000	
 -2.4537731e+000	
 -2.9644407e+000	
 -3.4174102e+000	
 -3.8203446e+000	
 -4.1804237e+000	
 -4.5042692e+000	
 -4.7979112e+000	
 -5.0667824e+000	
 -5.3157309e+000	
 -5.5490454e+000	
 -5.7704865e+000	
 -5.9833207e+000	
 -6.1903555e+000	
 -6.3939721e+000	
 -6.5961564e+000	
 -6.7985255e+000	
 -7.0023512e+000	
 -7.2085784e+000	
 -7.4178403e+000	
 -7.6304690e+000	
 -7.8465036e+000	
 -8.0656942e+000	
 -8.2875050e+000	
 -8.5111161e+000	
 -8.7354250e+000	
 -8.9590496e+000	
 -9.1803350e+000	
 -9.3973634e+000	
 -9.6079716e+000	
 -9.8097759e+000	
 -1.0000206e+001	
 -1.0176552e+001	
 -1.0336017e+001	
 -1.0475791e+001	
 -1.0593124e+001	
 -1.0685417e+001	
 -1.0750317e+001	
 -1.0785808e+001	
 -1.0790307e+001	
 -1.0762749e+001	
 -1.0702652e+001	
 -1.0610171e+001	
 -1.0486119e+001	
 -1.0331971e+001	
 -1.0149826e+001	
 -9.9423545e+000	
 -9.7127129e+000	
 -9.4644448e+000	
 -9.2013656e+000	
 -8.9274440e+000	
 -8.6466836e+000	
 -8.3630132e+000	
 -8.0801901e+000	
 -7.8017198e+000	
 -7.5307956e+000	
 -7.2702564e+000	
 -7.0225641e+000	
 -6.7897976e+000	
 -6.5736610e+000	
 -6.3755039e+000	
 -6.1963500e+000	
 -6.0369311e+000	
 -5.8977255e+000	
 -5.7789961e+000	
 -5.6808298e+000	
 -5.6031728e+000	
 -5.5458648e+000	
 -5.5086688e+000	
 -5.4912968e+000	
 -5.4934314e+000	
 -5.5147436e+000	
 -5.5549059e+000	
 -5.6136014e+000	
 -5.6905293e+000	
 -5.7854061e+000	
 -5.8979637e+000	
 -6.0279433e+000	
 -6.1750866e+000	
 -6.3391224e+000	
 -6.5197511e+000	
 -6.7166242e+000	
 -6.9293211e+000	
 -7.1573221e+000	
 -7.3999778e+000	
 -7.6564750e+000	
 -7.9257997e+000	
 -8.2066980e+000	
 -8.4976345e+000	
 -8.7967521e+000	
 -9.1018321e+000	
 -9.4102593e+000	
 -9.7189947e+000	
 -1.0024558e+001	
 -1.0323029e+001	
 -1.0610063e+001	
 -1.0880937e+001	
 -1.1130625e+001	
 -1.1353899e+001	
 -1.1545472e+001	
 -1.1700169e+001	
 -1.1813126e+001	
 -1.1880010e+001	
 -1.1897242e+001	
 -1.1862216e+001	
 -1.1773484e+001	
 -1.1630897e+001	
 -1.1435688e+001	
 -1.1190478e+001	
 -1.0899200e+001	
 -1.0566954e+001	
 -1.0199796e+001	
 -9.8044725e+000	
 -9.3881409e+000	
 -8.9580772e+000	
 -8.5214068e+000	
 -8.0848692e+000	
 -7.6546304e+000	
 -7.2361482e+000	
 -6.8340909e+000	
 -6.4523047e+000	
 -6.0938247e+000	
 -5.7609173e+000	
 -5.4551489e+000	
 -5.1774684e+000	
 -4.9282987e+000	
 -4.7076299e+000	
 -4.5151098e+000	
 -4.3501278e+000	
 -4.2118914e+000	
 -4.0994928e+000	
 -4.0119663e+000	
 -3.9483360e+000	
 -3.9076547e+000	
 -3.8890344e+000	
 -3.8916703e+000	
 -3.9148573e+000	
 -3.9580024e+000	
 -4.0206309e+000	
 -4.1023896e+000	
 -4.2030465e+000	
 -4.3224868e+000	
 -4.4607063e+000	
 -4.6178028e+000	
 -4.7939633e+000	
 -4.9894500e+000	
 -5.2045812e+000	
 -5.4397103e+000	
 -5.6951983e+000	
 -5.9713833e+000	
 -6.2685419e+000	
 -6.5868448e+000	
 -6.9263040e+000	
 -7.2867104e+000	
 -7.6675625e+000	
 -8.0679841e+000	
 -8.4866318e+000	
 -8.9215940e+000	
 -9.3702828e+000	
 -9.8293225e+000	
 -1.0294442e+001	
 -1.0760382e+001	
 -1.1220818e+001	
 -1.1668334e+001	
 -1.2094444e+001	
 -1.2489692e+001	
 -1.2843843e+001	
 -1.3146182e+001	
 -1.3385929e+001	
 -1.3552751e+001	
 -1.3637370e+001	
 -1.3632206e+001	
 -1.3531996e+001	
 -1.3334340e+001	
 -1.3040069e+001	
 -1.2653399e+001	
 -1.2181822e+001	
 -1.1635728e+001	
 -1.1027805e+001	
 -1.0372276e+001	
 -9.6840599e+000	
 -8.9779637e+000	
 -8.2679603e+000	
 -7.5666278e+000	
 -6.8847671e+000	
 -6.2311992e+000	
 -5.6127220e+000	
 -5.0341940e+000	
 -4.4987078e+000	
 -4.0078176e+000	
 -3.5617925e+000	
 -3.1598703e+000	
 -2.8004984e+000	
 -2.4815496e+000	
 -2.2005095e+000	
 -1.9546335e+000	
 -1.7410741e+000	
 -1.5569812e+000	
 -1.3995785e+000	
 -1.2662193e+000	
 -1.1544253e+000	
 -1.0619114e+000	
 -9.8659955e-001	
 -9.2662392e-001	
 -8.8032981e-001	
 -8.4626781e-001	
 -8.2318485e-001	
 -8.1001331e-001	
 -8.0585901e-001	
 -8.0998897e-001	
 -8.2181931e-001	
 -8.4090388e-001	
 -8.6692372e-001	
 -8.9967769e-001	
 -9.3907432e-001	
 -9.8512491e-001	
 -1.0379380e+000	
 -1.0977153e+000	
 -1.1647485e+000	
 -1.2394176e+000	
 -1.3221905e+000	
 -1.4136237e+000	
 -1.5143637e+000	
 -1.6251498e+000	
 -1.7468175e+000	
 -1.8803027e+000	
 -2.0266471e+000	
 -2.1870027e+000	
 -2.3626381e+000	
 -2.5549437e+000	
 -2.7654365e+000	
 -2.9957644e+000	
 -3.2477085e+000	
 -3.5231821e+000	
 -3.8242269e+000	
 -4.1530029e+000	
 -4.5117706e+000	
 -4.9028634e+000	
 -5.3286456e+000	
 -5.7914525e+000	
 -6.2935069e+000	
 -6.8368061e+000	
 -7.4229710e+000	
 -8.0530499e+000	
 -8.7272674e+000	
 -9.4447101e+000	
 -1.0202944e+001	
 -1.0997563e+001	
 -1.1821667e+001	
 -1.2665310e+001	
 -1.3514943e+001	
 -1.4352920e+001	
 -1.5157193e+001	
 -1.5901300e+001	
 -1.6554842e+001	
 -1.7084579e+001	
 -1.7456293e+001	
 -1.7637416e+001	
 -1.7600265e+001	
 -1.7325515e+001	
 -1.6805315e+001	
 -1.6045390e+001	
 -1.5065506e+001	
 -1.3898043e+001	
 -1.2584814e+001	
 -1.1172754e+001	
 -9.7093180e+000	
 -8.2384477e+000	
 -6.7976686e+000	
 -5.4165333e+000	
 -4.1162911e+000	
 -2.9104676e+000	
 -1.8059851e+000	
 -8.0450218e-001	
  9.6259195e-002	
  9.0133204e-001	
  1.6175271e+000	
  2.2526685e+000	
  2.8150223e+000	
  3.3128879e+000	
  3.7543177e+000	
  4.1469349e+000	
  4.4978246e+000	
  4.8134767e+000	
  5.0997649e+000	
  5.3619508e+000	
  5.6047039e+000	
  5.8321307e+000	
  6.0478097e+000	
  6.2548271e+000	
  6.4558126e+000	
  6.6529739e+000	
  6.8481266e+000	
  7.0427225e+000	
  7.2378727e+000	
  7.4343673e+000	
  7.6326920e+000	
  7.8330405e+000	
  8.0353251e+000	
  8.2391846e+000	
  8.4439913e+000	
  8.6488578e+000	
  8.8526443e+000	
  9.0539684e+000	
  9.2512181e+000	
  9.4425694e+000	
  9.6260099e+000	
  9.7993695e+000	
  9.9603596e+000	
  1.0106620e+001	
  1.0235773e+001	
  1.0345493e+001	
  1.0433570e+001	
  1.0497986e+001	
  1.0536998e+001	
  1.0549201e+001	
  1.0533607e+001	
  1.0489697e+001	
  1.0417463e+001	
  1.0317440e+001	
  1.0190704e+001	
  1.0038857e+001	
  9.8639928e+000	
  9.6686341e+000	
  9.4556613e+000	
  9.2282255e+000	
  8.9896563e+000	
  8.7433667e+000	
  8.4927623e+000	
  8.2411580e+000	
  7.9917057e+000	
  7.7473358e+000	
  7.5107135e+000	
  7.2842092e+000	
  7.0698837e+000	
  6.8694857e+000	
  6.6844595e+000	
  6.5159619e+000	
  6.3648851e+000	
  6.2318837e+000	
  6.1174046e+000	
  6.0217173e+000	
  5.9449437e+000	
  5.8870865e+000	
  5.8480553e+000	
  5.8276894e+000	
  5.8257778e+000	
  5.8420754e+000	
  5.8763161e+000	
  5.9282216e+000	
  5.9975073e+000	
  6.0838846e+000	
  6.1870598e+000	
  6.3067291e+000	
  6.4425717e+000	
  6.5942381e+000	
  6.7613365e+000	
  6.9434153e+000	
  7.1399429e+000	
  7.3502844e+000	
  7.5736759e+000	
  7.8091956e+000	
  8.0557342e+000	
  8.3119628e+000	
  8.5763015e+000	
  8.8468888e+000	
  9.1215543e+000	
  9.3977957e+000	
  9.6727644e+000	
  9.9432614e+000	
  1.0205747e+001	
  1.0456370e+001	
  1.0691011e+001	
  1.0905361e+001	
  1.1095009e+001	
  1.1255570e+001	
  1.1382821e+001	
  1.1472868e+001	
  1.1522310e+001	
  1.1528417e+001	
  1.1489281e+001	
  1.1403960e+001	
  1.1272568e+001	
  1.1096327e+001	
  1.0877563e+001	
  1.0619640e+001	
  1.0326843e+001	
  1.0004215e+001	
  9.6573573e+000	
  9.2922101e+000	
  8.9148345e+000	
  8.5312018e+000	
  8.1470096e+000	
  7.7675307e+000	
  7.3975004e+000	
  7.0410431e+000	
  6.7016364e+000	
  6.3821081e+000	
  6.0846603e+000	
  5.8109146e+000	
  5.5619708e+000	
  5.3384754e+000	
  5.1406924e+000	
  4.9685750e+000	
  4.8218339e+000	
  4.6999998e+000	
  4.6024802e+000	
  4.5286084e+000	
  4.4776857e+000	
  4.4490161e+000	
  4.4419345e+000	
  4.4558280e+000	
  4.4901525e+000	
  4.5444434e+000	
  4.6183221e+000	
  4.7114980e+000	
  4.8237674e+000	
  4.9550085e+000	
  5.1051728e+000	
  5.2742734e+000	
  5.4623702e+000	
  5.6695507e+000	
  5.8959071e+000	
  6.1415090e+000	
  6.4063711e+000	
  6.6904146e+000	
  6.9934233e+000	
  7.3149929e+000	
  7.6544724e+000	
  8.0108998e+000	
  8.3829300e+000	
  8.7687577e+000	
  9.1660373e+000	
  9.5718013e+000	
  9.9823847e+000	
  1.0393359e+001	
  1.0799488e+001	
  1.1194707e+001	
  1.1572151e+001	
  1.1924232e+001	
  1.2242780e+001	
  1.2519256e+001	
  1.2745050e+001	
  1.2911844e+001	
  1.3012037e+001	
  1.3039206e+001	
  1.2988561e+001	
  1.2857354e+001	
  1.2645197e+001	
  1.2354232e+001	
  1.1989144e+001	
  1.1556978e+001	
  1.1066799e+001	
  1.0529202e+001	
  9.9557468e+000	
  9.3583512e+000	
  8.7487247e+000	
  8.1378716e+000	
  7.5357059e+000	
  6.9507877e+000	
  6.3901825e+000	
  5.8594288e+000	
  5.3625923e+000	
  4.9023860e+000	
  4.4803295e+000	
  4.0969306e+000	
  3.7518712e+000	
  3.4441867e+000	
  3.1724310e+000	
  2.9348228e+000	
  2.7293703e+000	
  2.5539762e+000	
  2.4065214e+000	
  2.2849322e+000	
  2.1872304e+000	
  2.1115709e+000	
  2.0562671e+000	
  2.0198081e+000	
  2.0008682e+000	
  1.9983109e+000	
  2.0111890e+000	
  2.0387415e+000	
  2.0803885e+000	
  2.1357255e+000	
  2.2045164e+000	
  2.2866867e+000	
  2.3823172e+000	
  2.4916374e+000	
  2.6150199e+000	
  2.7529749e+000	
  2.9061457e+000	
  3.0753032e+000	
  3.2613409e+000	
  3.4652697e+000	
  3.6882101e+000	
  3.9313841e+000	
  4.1961027e+000	
  4.4837508e+000	
  4.7957653e+000	
  5.1336069e+000	
  5.4987227e+000	
  5.8924961e+000	
  6.3161831e+000	
  6.7708297e+000	
  7.2571680e+000	
  7.7754870e+000	
  8.3254738e+000	
  8.9060236e+000	
  9.5150161e+000	
  1.0149061e+001	
  1.0803216e+001	
  1.1470698e+001	
  1.2142595e+001	
  1.2807626e+001	
  1.3451990e+001	
  1.4059352e+001	
  1.4611056e+001	
  1.5086613e+001	
  1.5464525e+001	
  1.5723479e+001	
  1.5843856e+001	
  1.5809463e+001	
  1.5609281e+001	
  1.5238987e+001	
  1.4701949e+001	
  1.4009482e+001	
  1.3180237e+001	
  1.2238769e+001	
  1.1213502e+001	
  1.0134414e+001	
  9.0308008e+000	
  7.9294103e+000	
  6.8531356e+000	
  5.8203044e+000	
  4.8445120e+000	
  3.9348680e+000	
  3.0965142e+000	
  2.3312775e+000	
  1.6383573e+000	
  1.0149751e+000	
  4.5694862e-001	
 -4.0827138e-002	
 -4.8399351e-001	
 -8.7842914e-001	
 -1.2300269e+000	
 -1.5445342e+000	
 -1.8274446e+000	
 -2.0839289e+000	
 -2.3187981e+000	
 -2.5364885e+000	
 -2.7410637e+000	
 -2.9362292e+000	
 -3.1253538e+000	
 -3.3114961e+000	
 -3.4974335e+000	
 -3.6856912e+000	
 -3.8785705e+000	
 -4.0781749e+000	
 -4.2864328e+000	
 -4.5051163e+000	
 -4.7358559e+000	
 -4.9801493e+000	
 -5.2393645e+000	
 -5.5147366e+000	
 -5.8073568e+000	
 -6.1181531e+000	
 -6.4478622e+000	
 -6.7969912e+000	
 -7.1657682e+000	
 -7.5540811e+000	
 -7.9614049e+000	
 -8.3867162e+000	
 -8.8283969e+000	
 -9.2841288e+000	
 -9.7507833e+000	
 -1.0224312e+001	
 -1.0699644e+001	
 -1.1170613e+001	
 -1.1629906e+001	
 -1.2069084e+001	
 -1.2478659e+001	
 -1.2848278e+001	
 -1.3167007e+001	
 -1.3423741e+001	
 -1.3607719e+001	
 -1.3709141e+001	
 -1.3719834e+001	
 -1.3633918e+001	
 -1.3448383e+001	
 -1.3163521e+001	
 -1.2783123e+001	
 -1.2314409e+001	
 -1.1767682e+001	
 -1.1155724e+001	
 -1.0493022e+001	
 -9.7948994e+000	
 -9.0766572e+000	
 -8.3528120e+000	
 -7.6364879e+000	
 -6.9389973e+000	
 -6.2696120e+000	
 -5.6355048e+000	
 -5.0418266e+000	
 -4.4918815e+000	
 -3.9873618e+000	
 -3.5286100e+000	
 -3.1148848e+000	
 -2.7446121e+000	
 -2.4156112e+000	
 -2.1252916e+000	
 -1.8708166e+000	
 -1.6492369e+000	
 -1.4575956e+000	
 -1.2930077e+000	
 -1.1527183e+000	
 -1.0341433e+000	
 -9.3489455e-001	
 -8.5279464e-001	
 -7.8588161e-001	
 -7.3240768e-001	
 -6.9083281e-001	
 -6.5981506e-001	
 -6.3819875e-001	
 -6.2500159e-001	
 -6.1940135e-001	
 -6.2072280e-001	
 -6.2842517e-001	
 -6.4209057e-001	
 -6.6141345e-001	
 -6.8619132e-001	
 -7.1631669e-001	
 -7.5177036e-001	
 -7.9261595e-001	
 -8.3899569e-001	
 -8.9112748e-001	
 -9.4930306e-001	
 -1.0138873e+000	
 -1.0853186e+000	
 -1.1641102e+000	
 -1.2508527e+000	
 -1.3462170e+000	
 -1.4509588e+000	
 -1.5659231e+000	
 -1.6920504e+000	
 -1.8303822e+000	
 -1.9820685e+000	
 -2.1483746e+000	
 -2.3306883e+000	
 -2.5305269e+000	
 -2.7495438e+000	
 -2.9895336e+000	
 -3.2524349e+000	
 -3.5403312e+000	
 -3.8554453e+000	
 -4.2001296e+000	
 -4.5768457e+000	
 -4.9881331e+000	
 -5.4365615e+000	
 -5.9246617e+000	
 -6.4548298e+000	
 -7.0291952e+000	
 -7.6494456e+000	
 -8.3165978e+000	
 -9.0307033e+000	
 -9.7904812e+000	
 -1.0592870e+001	
 -1.1432497e+001	
 -1.2301083e+001	
 -1.3186803e+001	
 -1.4073662e+001	
 -1.4940988e+001	
 -1.5763158e+001	
 -1.6509739e+001	
 -1.7146244e+001	
 -1.7635672e+001	
 -1.7940956e+001	
 -1.8028257e+001	
 -1.7870822e+001	
 -1.7452856e+001	
 -1.6772645e+001	
 -1.5844134e+001	
 -1.4696411e+001	
 -1.3370981e+001	
 -1.1917342e+001	
 -1.0387751e+001	
 -8.8322456e+000	
 -7.2947734e+000	
 -5.8108433e+000	
 -4.4066981e+000	
 -3.0996913e+000	
 -1.8994274e+000	
 -8.0925671e-001	
  1.7218681e-001	
  1.0495916e+000	
  1.8298065e+000	
  2.5209307e+000	
  3.1316348e+000	
  3.6706779e+000	
  4.1465787e+000	
  4.5674041e+000	
  4.9406436e+000	
  5.2731444e+000	
  5.5710889e+000	
  5.8399998e+000	
  6.0847638e+000	
  6.3096646e+000	
  6.5184230e+000	
  6.7142380e+000	
  6.8998285e+000	
  7.0774726e+000	
  7.2490450e+000	
  7.4160508e+000	
  7.5796563e+000	
  7.7407168e+000	
  7.8998011e+000	
  8.0572134e+000	
  8.2130140e+000	
  8.3670368e+000	
  8.5189075e+000	
  8.6680605e+000	
  8.8137559e+000	
  8.9550986e+000	
  9.0910577e+000	
  9.2204884e+000	
  9.3421569e+000	
  9.4547675e+000	
  9.5569927e+000	
  9.6475058e+000	
  9.7250170e+000	
  9.7883095e+000	
  9.8362779e+000	
  9.8679658e+000	
  9.8826008e+000	
  9.8796279e+000	
  9.8587370e+000	
  9.8198842e+000	
  9.7633062e+000	
  9.6895259e+000	
  9.5993489e+000	
  9.4938509e+000	
  9.3743567e+000	
  9.2424111e+000	
  9.0997435e+000	
  8.9482277e+000	
  8.7898386e+000	
  8.6266084e+000	
  8.4605833e+000	
  8.2937829e+000	
  8.1281641e+000	
  7.9655891e+000	
  7.8078004e+000	
  7.6564009e+000	
  7.5128405e+000	
  7.3784087e+000	
  7.2542316e+000	
  7.1412739e+000	
  7.0403450e+000	
  6.9521073e+000	
  6.8770865e+000	
  6.8156837e+000	
  6.7681880e+000	
  6.7347884e+000	
  6.7155855e+000	
  6.7106029e+000	
  6.7197959e+000	
  6.7430596e+000	
  6.7802348e+000	
  6.8311123e+000	
  6.8954348e+000	
  6.9728971e+000	
  7.0631439e+000	
  7.1657665e+000	
  7.2802965e+000	
  7.4061986e+000	
  7.5428617e+000	
  7.6895882e+000	
  7.8455825e+000	
  8.0099393e+000	
  8.1816306e+000	
  8.3594941e+000	
  8.5422218e+000	
  8.7283506e+000	
  8.9162560e+000	
  9.1041485e+000	
  9.2900763e+000	
  9.4719323e+000	
  9.6474694e+000	
  9.8143232e+000	
  9.9700439e+000	
  1.0112137e+001	
  1.0238114e+001	
  1.0345550e+001	
  1.0432151e+001	
  1.0495824e+001	
  1.0534750e+001	
  1.0547456e+001	
  1.0532882e+001	
  1.0490435e+001	
  1.0420035e+001	
  1.0322139e+001	
  1.0197746e+001	
  1.0048383e+001	
  9.8760661e+000	
  9.6832485e+000	
  9.4727448e+000	
  9.2476479e+000	
  9.0112376e+000	
  8.7668866e+000	
  8.5179703e+000	
  8.2677827e+000	
  8.0194646e+000	
  7.7759437e+000	
  7.5398897e+000	
  7.3136838e+000	
  7.0994026e+000	
  6.8988136e+000	
  6.7133826e+000	
  6.5442888e+000	
  6.3924469e+000	
  6.2585335e+000	
  6.1430162e+000	
  6.0461833e+000	
  5.9681736e+000	
  5.9090047e+000	
  5.8685984e+000	
  5.8468043e+000	
  5.8434192e+000	
  5.8582043e+000	
  5.8908973e+000	
  5.9412226e+000	
  6.0088968e+000	
  6.0936313e+000	
  6.1951315e+000	
  6.3130925e+000	
  6.4471917e+000	
  6.5970784e+000	
  6.7623594e+000	
  6.9425830e+000	
  7.1372183e+000	
  7.3456329e+000	
  7.5670673e+000	
  7.8006066e+000	
  8.0451513e+000	
  8.2993857e+000	
  8.5617472e+000	
  8.8303957e+000	
  9.1031867e+000	
  9.3776490e+000	
  9.6509695e+000	
  9.9199897e+000	
  1.0181214e+001	
  1.0430838e+001	
  1.0664793e+001	
  1.0878816e+001	
  1.1068545e+001	
  1.1229633e+001	
  1.1357891e+001	
  1.1449446e+001	
  1.1500904e+001	
  1.1509525e+001	
  1.1473376e+001	
  1.1391467e+001	
  1.1263849e+001	
  1.1091667e+001	
  1.0877156e+001	
  1.0623582e+001	
  1.0335130e+001	
  1.0016745e+001	
  9.6739372e+000	
  9.3125702e+000	
  8.9386409e+000	
  8.5580736e+000	
  8.1765357e+000	
  7.7992865e+000	
  7.4310625e+000	
  7.0760021e+000	
  6.7376070e+000	
  6.4187368e+000	
  6.1216305e+000	
  5.8479488e+000	
  5.5988320e+000	
  5.3749653e+000	
  5.1766502e+000	
  5.0038739e+000	
  4.8563776e+000	
  4.7337187e+000	
  4.6353273e+000	
  4.5605557e+000	
  4.5087202e+000	
  4.4791363e+000	
  4.4711470e+000	
  4.4841450e+000	
  4.5175885e+000	
  4.5710134e+000	
  4.6440389e+000	
  4.7363709e+000	
  4.8478000e+000	
  4.9781972e+000	
  5.1275053e+000	
  5.2957277e+000	
  5.4829131e+000	
  5.6891366e+000	
  5.9144772e+000	
  6.1589902e+000	
  6.4226751e+000	
  6.7054375e+000	
  7.0070453e+000	
  7.3270780e+000	
  7.6648694e+000	
  8.0194430e+000	
  8.3894415e+000	
  8.7730505e+000	
  9.1679191e+000	
  9.5710809e+000	
  9.9788793e+000	
  1.0386903e+001	
  1.0789945e+001	
  1.1181982e+001	
  1.1556205e+001	
  1.1905098e+001	
  1.2220575e+001	
  1.2494198e+001	
  1.2717466e+001	
  1.2882176e+001	
  1.2980841e+001	
  1.3007141e+001	
  1.2956373e+001	
  1.2825850e+001	
  1.2615209e+001	
  1.2326581e+001	
  1.1964598e+001	
  1.1536220e+001	
  1.1050392e+001	
  1.0517570e+001	
  9.9491617e+000	
  9.3569372e+000	
  8.7524657e+000	
  8.1466303e+000	
  7.5492464e+000	
  6.9688011e+000	
  6.4123120e+000	
  5.8852930e+000	
  5.3918056e+000	
  4.9345746e+000	
  4.5151444e+000	
  4.1340561e+000	
  3.7910310e+000	
  3.4851469e+000	
  3.2150010e+000	
  2.9788547e+000	
  2.7747577e+000	
  2.6006514e+000	
  2.4544533e+000	
  2.3341230e+000	
  2.2377132e+000	
  2.1634068e+000	
  2.1095431e+000	
  2.0746350e+000	
  2.0573788e+000	
  2.0566587e+000	
  2.0715471e+000	
  2.1013016e+000	
  2.1453607e+000	
  2.2033378e+000	
  2.2750144e+000	
  2.3603339e+000	
  2.4593948e+000	
  2.5724446e+000	
  2.6998735e+000	
  2.8422097e+000	
  3.0001132e+000	
  3.1743714e+000	
  3.3658926e+000	
  3.5756998e+000	
  3.8049229e+000	
  4.0547879e+000	
  4.3266040e+000	
  4.6217450e+000	
  4.9416255e+000	
  5.2876693e+000	
  5.6612672e+000	
  6.0637226e+000	
  6.4961814e+000	
  6.9595427e+000	
  7.4543471e+000	
  7.9806390e+000	
  8.5377987e+000	
  9.1243438e+000	
  9.7376985e+000	
  1.0373935e+001	
  1.1027492e+001	
  1.1690894e+001	
  1.2354486e+001	
  1.3006228e+001	
  1.3631597e+001	
  1.4213652e+001	
  1.4733338e+001	
  1.5170084e+001	
  1.5502744e+001	
  1.5710876e+001	
  1.5776308e+001	
  1.5684850e+001	
  1.5427940e+001	
  1.5003968e+001	
  1.4419002e+001	
  1.3686747e+001	
  1.2827656e+001	
  1.1867313e+001	
  1.0834323e+001	
  9.7580588e+000	
  8.6665831e+000	
  7.5849992e+000	
  6.5343694e+000	
  5.5312020e+000	
  4.5874270e+000	
  3.7107310e+000	
  2.9051100e+000	
  2.1715229e+000	
  1.5085529e+000	
  9.1302077e-001	
  3.8051792e-001	
 -9.4151475e-002	
 -5.1661888e-001	
 -8.9268142e-001	
 -1.2281024e+000	
 -1.5284699e+000	
 -1.7991023e+000	
 -2.0449903e+000	
 -2.2707666e+000	
 -2.4806971e+000	
 -2.6786862e+000	
 -2.8682935e+000	
 -3.0527566e+000	
 -3.2350186e+000	
 -3.4177570e+000	
 -3.6034125e+000	
 -3.7942169e+000	
 -3.9922190e+000	
 -4.1993064e+000	
 -4.4172241e+000	
 -4.6475885e+000	
 -4.8918960e+000	
 -5.1515259e+000	
 -5.4277365e+000	
 -5.7216541e+000	
 -6.0342534e+000	
 -6.3663290e+000	
 -6.7184564e+000	
 -7.0909417e+000	
 -7.4837592e+000	
 -7.8964761e+000	
 -8.3281641e+000	
 -8.7772991e+000	
 -9.2416499e+000	
 -9.7181603e+000	
 -1.0202830e+001	
 -1.0690604e+001	
 -1.1175279e+001	
 -1.1649449e+001	
 -1.2104501e+001	
 -1.2530686e+001	
 -1.2917293e+001	
 -1.3252928e+001	
 -1.3525930e+001	
 -1.3724907e+001	
 -1.3839381e+001	
 -1.3860499e+001	
 -1.3781748e+001	
 -1.3599598e+001	
 -1.3313981e+001	
 -1.2928536e+001	
 -1.2450561e+001	
 -1.1890659e+001	
 -1.1262117e+001	
 -1.0580077e+001	
 -9.8606048e+000	
 -9.1197721e+000	
 -8.3728281e+000	
 -7.6335485e+000	
 -6.9137840e+000	
 -6.2232175e+000	
 -5.5693045e+000	
 -4.9573600e+000	
 -4.3907502e+000	
 -3.8711463e+000	
 -3.3988061e+000	
 -2.9728582e+000	
 -2.5915680e+000	
 -2.2525770e+000	
 -1.9531088e+000	
 -1.6901405e+000	
 -1.4605406e+000	
 -1.2611773e+000	
 -1.0889996e+000	
 -9.4109668e-001	
 -8.1473744e-001	
 -7.0739578e-001	
 -6.1676351e-001	
 -5.4075409e-001	
 -4.7749959e-001	
 -4.2534254e-001	
 -3.8282459e-001	
 -3.4867289e-001	
 -3.2178546e-001	
 -3.0121610e-001	
 -2.8615960e-001	
 -2.7593740e-001	
 -2.6998427e-001	
 -2.6783594e-001	
 -2.6911797e-001	
 -2.7353577e-001	
 -2.8086585e-001	
 -2.9094825e-001	
 -3.0368010e-001	
 -3.1901023e-001	
 -3.3693479e-001	
 -3.5749381e-001	
 -3.8076866e-001	
 -4.0688019e-001	
 -4.3598782e-001	
 -4.6828913e-001	
 -5.0402028e-001	
 -5.4345694e-001	
 -5.8691592e-001	
 -6.3475736e-001	
 -6.8738751e-001	
 -7.4526208e-001	
 -8.0889028e-001	
 -8.7883932e-001	
 -9.5573967e-001	
 -1.0402909e+000	
 -1.1332682e+000	
 -1.2355294e+000	
 -1.3480232e+000	
 -1.4717971e+000	
 -1.6080071e+000	
 -1.7579272e+000	
 -1.9229595e+000	
 -2.1046445e+000	
 -2.3046722e+000	
 -2.5248915e+000	
 -2.7673196e+000	
 -3.0341496e+000	
 -3.3277546e+000	
 -3.6506885e+000	
 -4.0056792e+000	
 -4.3956133e+000	
 -4.8235083e+000	
 -5.2924661e+000	
 -5.8056038e+000	
 -6.3659523e+000	
 -6.9763134e+000	
 -7.6390645e+000	
 -8.3558950e+000	
 -9.1274619e+000	
 -9.9529477e+000	
 -1.0829508e+001	
 -1.1751607e+001	
 -1.2710238e+001	
 -1.3692084e+001	
 -1.4678654e+001	
 -1.5645550e+001	
 -1.6562021e+001	
 -1.7391057e+001	
 -1.8090317e+001	
 -1.8614165e+001	
 -1.8916979e+001	
 -1.8957672e+001	
 -1.8704967e+001	
 -1.8142588e+001	
 -1.7273181e+001	
 -1.6119821e+001	
 -1.4724399e+001	
 -1.3142980e+001	
 -1.1439145e+001	
 -9.6768165e+000	
 -7.9141084e+000	
 -6.1991815e+000	
 -4.5683696e+000	
 -3.0462478e+000	
 -1.6470005e+000	
 -3.7642595e-001	
  7.6593513e-001	
  1.7848662e+000	
  2.6878822e+000	
  3.4840087e+000	
  4.1828996e+000	
  4.7942344e+000	
  5.3273295e+000	
  5.7909079e+000	
  6.1929787e+000	
  6.5407937e+000	
  6.8408508e+000	
  7.0989293e+000	
  7.3201417e+000	
  7.5089939e+000	
  7.6694481e+000	
  7.8049847e+000	
  7.9186608e+000	
  8.0131641e+000	
  8.0908621e+000	
  8.1538449e+000	
  8.2039638e+000	
  8.2428649e+000	
  8.2720173e+000	
  8.2927378e+000	
  8.3062121e+000	
  8.3135116e+000	
  8.3156090e+000	
  8.3133895e+000	
  8.3076615e+000	
  8.2991642e+000	
  8.2885746e+000	
  8.2765128e+000	
  8.2635460e+000	
  8.2501923e+000	
  8.2369233e+000	
  8.2241661e+000	
  8.2123055e+000	
  8.2016851e+000	
  8.1926086e+000	
  8.1853412e+000	
  8.1801100e+000	
  8.1771053e+000	
  8.1764811e+000	
  8.1783562e+000	
  8.1828147e+000	
  8.1899069e+000	
  8.1996500e+000	
  8.2120293e+000	
  8.2269987e+000	
  8.2444816e+000	
  8.2643723e+000	
  8.2865366e+000	
  8.3108134e+000	
  8.3370156e+000	
  8.3649319e+000	
  8.3943279e+000	
  8.4249484e+000	
  8.4565188e+000	
  8.4887476e+000	
  8.5213287e+000	
  8.5539438e+000	
  8.5862656e+000	
  8.6179605e+000	
  8.6486923e+000	
  8.6781257e+000	
  8.7059298e+000	
  8.7317825e+000	
  8.7553741e+000	
  8.7764118e+000	
  8.7946234e+000	
  8.8097621e+000	
  8.8216097e+000	
  8.8299806e+000	
  8.8347252e+000	
  8.8357329e+000	
  8.8329345e+000	
  8.8263041e+000	
  8.8158607e+000	
  8.8016683e+000	
  8.7838364e+000	
  8.7625189e+000	
  8.7379127e+000	
  8.7102554e+000	
  8.6798224e+000	
  8.6469236e+000	
  8.6118994e+000	
  8.5751161e+000	
  8.5369614e+000	
  8.4978389e+000	
  8.4581639e+000	
  8.4183572e+000	
  8.3788409e+000	
  8.3400328e+000	
  8.3023421e+000	
  8.2661653e+000	
  8.2318812e+000	
  8.1998485e+000	
  8.1704015e+000	
  8.1438479e+000	
  8.1204664e+000	
  8.1005042e+000	
  8.0841760e+000	
  8.0716623e+000	
  8.0631085e+000	
  8.0586244e+000	
  8.0582835e+000	
  8.0621229e+000	
  8.0701431e+000	
  8.0823082e+000	
  8.0985460e+000	
  8.1187482e+000	
  8.1427710e+000	
  8.1704357e+000	
  8.2015288e+000	
  8.2358033e+000	
  8.2729794e+000	
  8.3127456e+000	
  8.3547601e+000	
  8.3986522e+000	
  8.4440243e+000	
  8.4904543e+000	
  8.5374981e+000	
  8.5846926e+000	
  8.6315596e+000	
  8.6776091e+000	
  8.7223449e+000	
  8.7652686e+000	
  8.8058858e+000	
  8.8437116e+000	
  8.8782772e+000	
  8.9091359e+000	
  8.9358706e+000	
  8.9580999e+000	
  8.9754848e+000	
  8.9877354e+000	
  8.9946160e+000	
  8.9959513e+000	
  8.9916301e+000	
  8.9816090e+000	
  8.9659147e+000	
  8.9446455e+000	
  8.9179709e+000	
  8.8861301e+000	
  8.8494298e+000	
  8.8082397e+000	
  8.7629877e+000	
  8.7141537e+000	
  8.6622628e+000	
  8.6078771e+000	
  8.5515881e+000	
  8.4940079e+000	
  8.4357608e+000	
  8.3774751e+000	
  8.3197748e+000	
  8.2632722e+000	
  8.2085607e+000	
  8.1562088e+000	
  8.1067544e+000	
  8.0607002e+000	
  8.0185095e+000	
  7.9806032e+000	
  7.9473574e+000	
  7.9191014e+000	
  7.8961167e+000	
  7.8786362e+000	
  7.8668436e+000	
  7.8608740e+000	
  7.8608136e+000	
  7.8667003e+000	
  7.8785242e+000	
  7.8962279e+000	
  7.9197074e+000	
  7.9488121e+000	
  7.9833456e+000	
  8.0230656e+000	
  8.0676847e+000	
  8.1168706e+000	
  8.1702463e+000	
  8.2273910e+000	
  8.2878403e+000	
  8.3510879e+000	
  8.4165867e+000	
  8.4837506e+000	
  8.5519574e+000	
  8.6205521e+000	
  8.6888506e+000	
  8.7561452e+000	
  8.8217103e+000	
  8.8848095e+000	
  8.9447037e+000	
  9.0006599e+000	
  9.0519613e+000	
  9.0979178e+000	
  9.1378772e+000	
  9.1712372e+000	
  9.1974564e+000	
  9.2160663e+000	
  9.2266815e+000	
  9.2290101e+000	
  9.2228616e+000	
  9.2081540e+000	
  9.1849183e+000	
  9.1533010e+000	
  9.1135645e+000	
  9.0660842e+000	
  9.0113438e+000	
  8.9499279e+000	
  8.8825127e+000	
  8.8098544e+000	
  8.7327764e+000	
  8.6521556e+000	
  8.5689073e+000	
  8.4839708e+000	
  8.3982948e+000	
  8.3128233e+000	
  8.2284826e+000	
  8.1461695e+000	
  8.0667413e+000	
  7.9910065e+000	
  7.9197182e+000	
  7.8535682e+000	
  7.7931828e+000	
  7.7391208e+000	
  7.6918713e+000	
  7.6518541e+000	
  7.6194197e+000	
  7.5948507e+000	
  7.5783634e+000	
  7.5701098e+000	
  7.5701793e+000	
  7.5786010e+000	
  7.5953453e+000	
  7.6203251e+000	
  7.6533975e+000	
  7.6943637e+000	
  7.7429699e+000	
  7.7989069e+000	
  7.8618095e+000	
  7.9312555e+000	
  8.0067649e+000	
  8.0877985e+000	
  8.1737566e+000	
  8.2639784e+000	
  8.3577412e+000	
  8.4542604e+000	
  8.5526910e+000	
  8.6521289e+000	
  8.7516151e+000	
  8.8501404e+000	
  8.9466526e+000	
  9.0400650e+000	
  9.1292680e+000	
  9.2131418e+000	
  9.2905724e+000	
  9.3604687e+000	
  9.4217816e+000	
  9.4735250e+000	
  9.5147964e+000	
  9.5447992e+000	
  9.5628632e+000	
  9.5684643e+000	
  9.5612416e+000	
  9.5410123e+000	
  9.5077815e+000	
  9.4617488e+000	
  9.4033091e+000	
  9.3330486e+000	
  9.2517362e+000	
  9.1603087e+000	
  9.0598533e+000	
  8.9515852e+000	
  8.8368225e+000	
  8.7169602e+000	
  8.5934424e+000	
  8.4677350e+000	
  8.3413000e+000	
  8.2155711e+000	
  8.0919324e+000	
  7.9717000e+000	
  7.8561066e+000	
  7.7462906e+000	
  7.6432874e+000	
  7.5480243e+000	
  7.4613188e+000	
  7.3838787e+000	
  7.3163047e+000	
  7.2590944e+000	
  7.2126472e+000	
  7.1772707e+000	
  7.1531867e+000	
  7.1405373e+000	
  7.1393909e+000	
  7.1497471e+000	
  7.1715416e+000	
  7.2046491e+000	
  7.2488861e+000	
  7.3040116e+000	
  7.3697275e+000	
  7.4456769e+000	
  7.5314423e+000	
  7.6265418e+000	
  7.7304250e+000	
  7.8424680e+000	
  7.9619675e+000	
  8.0881357e+000	
  8.2200940e+000	
  8.3568679e+000	
  8.4973831e+000	
  8.6404618e+000	
  8.7848225e+000	
  8.9290809e+000	
  9.0717548e+000	
  9.2112726e+000	
  9.3459852e+000	
  9.4741835e+000	
  9.5941206e+000	
  9.7040380e+000	
  9.8021984e+000	
  9.8869212e+000	
  9.9566221e+000	
  1.0009856e+001	
  1.0045357e+001	
  1.0062086e+001	
  1.0059262e+001	
  1.0036402e+001	
  9.9933445e+000	
  9.9302691e+000	
  9.8477016e+000	
  9.7465122e+000	
  9.6278990e+000	
  9.4933627e+000	
  9.3446696e+000	
  9.1838078e+000	
  9.0129369e+000	
  8.8343342e+000	
  8.6503399e+000	
  8.4633040e+000	
  8.2755371e+000	
  8.0892660e+000	
  7.9065967e+000	
  7.7294846e+000	
  7.5597130e+000	
  7.3988784e+000	
  7.2483842e+000	
  7.1094394e+000	
  6.9830643e+000	
  6.8700986e+000	
  6.7712148e+000	
  6.6869318e+000	
  6.6176315e+000	
  6.5635746e+000	
  6.5249166e+000	
  6.5017224e+000	
  6.4939805e+000	
  6.5016138e+000	
  6.5244903e+000	
  6.5624298e+000	
  6.6152093e+000	
  6.6825661e+000	
  6.7641976e+000	
  6.8597595e+000	
  6.9688616e+000	
  7.0910607e+000	
  7.2258522e+000	
  7.3726590e+000	
  7.5308186e+000	
  7.6995696e+000	
  7.8780355e+000	
  8.0652089e+000	
  8.2599348e+000	
  8.4608951e+000	
  8.6665933e+000	
  8.8753431e+000	
  9.0852590e+000	
  9.2942534e+000	
  9.5000389e+000	
  9.7001393e+000	
  9.8919100e+000	
  1.0072568e+001	
  1.0239238e+001	
  1.0389000e+001	
  1.0518965e+001	
  1.0626347e+001	
  1.0708550e+001	
  1.0763261e+001	
  1.0788539e+001	
  1.0782906e+001	
  1.0745424e+001	
  1.0675758e+001	
  1.0574216e+001	
  1.0441767e+001	
  1.0280031e+001	
  1.0091239e+001	
  9.8781678e+000	
  9.6440551e+000	
  9.3924925e+000	
  9.1273116e+000	
  8.8524653e+000	
  8.5719127e+000	
  8.2895130e+000	
  8.0089336e+000	
  7.7335761e+000	
  7.4665204e+000	
  7.2104885e+000	
  6.9678264e+000	
  6.7405019e+000	
  6.5301160e+000	
  6.3379250e+000	
  6.1648705e+000	
  6.0116144e+000	
  5.8785769e+000	
  5.7659745e+000	
  5.6738579e+000	
  5.6021474e+000	
  5.5506648e+000	
  5.5191620e+000	
  5.5073461e+000	
  5.5148992e+000	
  5.5414947e+000	
  5.5868097e+000	
  5.6505326e+000	
  5.7323675e+000	
  5.8320347e+000	
  5.9492672e+000	
  6.0838044e+000	
  6.2353815e+000	
  6.4037159e+000	
  6.5884903e+000	
  6.7893313e+000	
  7.0057855e+000	
  7.2372917e+000	
  7.4831489e+000	
  7.7424823e+000	
  8.0142057e+000	
  8.2969816e+000	
  8.5891811e+000	
  8.8888433e+000	
  9.1936378e+000	
  9.5008323e+000	
  9.8072683e+000	
  1.0109350e+001	
  1.0403048e+001	
  1.0683927e+001	
  1.0947199e+001	
  1.1187803e+001	
  1.1400522e+001	
  1.1580133e+001	
  1.1721582e+001	
  1.1820191e+001	
  1.1871877e+001	
  1.1873370e+001	
  1.1822427e+001	
  1.1717995e+001	
  1.1560341e+001	
  1.1351106e+001	
  1.1093292e+001	
  1.0791160e+001	
  1.0450071e+001	
  1.0076255e+001	
  9.6765478e+000	
  9.2581056e+000	
  8.8281217e+000	
  8.3935696e+000	
  7.9609835e+000	
  7.5362870e+000	
  7.1246759e+000	
  6.7305518e+000	
  6.3575029e+000	
  6.0083240e+000	
  5.6850668e+000	
  5.3891120e+000	
  5.1212539e+000	
  4.8817917e+000	
  4.6706213e+000	
  4.4873231e+000	
  4.3312430e+000	
  4.2015654e+000	
  4.0973770e+000	
  4.0177205e+000	
  3.9616395e+000	
  3.9282147e+000	
  3.9165923e+000	
  3.9260059e+000	
  3.9557910e+000	
  4.0053961e+000	
  4.0743878e+000	
  4.1624529e+000	
  4.2693965e+000	
  4.3951379e+000	
  4.5397028e+000	
  4.7032133e+000	
  4.8858750e+000	
  5.0879608e+000	
  5.3097913e+000	
  5.5517116e+000	
  5.8140625e+000	
  6.0971473e+000	
  6.4011910e+000	
  6.7262934e+000	
  7.0723725e+000	
  7.4390996e+000	
  7.8258243e+000	
  8.2314889e+000	
  8.6545337e+000	
  9.0927940e+000	
  9.5433918e+000	
  1.0002627e+001	
  1.0465876e+001	
  1.0927504e+001	
  1.1380814e+001	
  1.1818028e+001	
  1.2230349e+001	
  1.2608084e+001	
  1.2940881e+001	
  1.3218066e+001	
  1.3429089e+001	
  1.3564078e+001	
  1.3614443e+001	
  1.3573516e+001	
  1.3437142e+001	
  1.3204146e+001	
  1.2876631e+001	
  1.2460025e+001	
  1.1962876e+001	
  1.1396388e+001	
  1.0773763e+001	
  1.0109414e+001	
  9.4181385e+000	
  8.7143486e+000	
  8.0114134e+000	
  7.3211699e+000	
  6.6536119e+000	
  6.0167493e+000	
  5.4166142e+000	
  4.8573782e+000	
  4.3415454e+000	
  3.8701882e+000	
  3.4431987e+000	
  3.0595355e+000	
  2.7174534e+000	
  2.4147069e+000	
  2.1487244e+000	
  1.9167530e+000	
  1.7159751e+000	
  1.5435985e+000	
  1.3969253e+000	
  1.2734007e+000	
  1.1706466e+000	
  1.0864827e+000	
  1.0189364e+000	
  9.6624659e-001	
  9.2686081e-001	
  8.9942831e-001	
  8.8279087e-001	
  8.7597173e-001	
  8.7816383e-001	
  8.8871791e-001	
  9.0713108e-001	
  9.3303600e-001	
  9.6619122e-001	
  1.0064725e+000	
  1.0538656e+000	
  1.1084601e+000	
  1.1704449e+000	
  1.2401047e+000	
  1.3178179e+000	
  1.4040557e+000	
  1.4993823e+000	
  1.6044564e+000	
  1.7200333e+000	
  1.8469679e+000	
  1.9862189e+000	
  2.1388533e+000	
  2.3060510e+000	
  2.4891098e+000	
  2.6894501e+000	
  2.9086190e+000	
  3.1482928e+000	
  3.4102772e+000	
  3.6965049e+000	
  4.0090281e+000	
  4.3500045e+000	
  4.7216747e+000	
  5.1263278e+000	
  5.5662517e+000	
  6.0436628e+000	
  6.5606104e+000	
  7.1188483e+000	
  7.7196665e+000	
  8.3636746e+000	
  9.0505290e+000	
  9.7785958e+000	
  1.0544548e+001	
  1.1342896e+001	
  1.2165471e+001	
  1.3000884e+001	
  1.3834016e+001	
  1.4645624e+001	
  1.5412174e+001	
  1.6106039e+001	
  1.6696235e+001	
  1.7149809e+001	
  1.7433986e+001	
  1.7518978e+001	
  1.7381245e+001	
  1.7006734e+001	
  1.6393500e+001	
  1.5553074e+001	
  1.4510131e+001	
  1.3300359e+001	
  1.1966881e+001	
  1.0555908e+001	
  9.1124910e+000	
  7.6770453e+000	
  6.2830781e+000	
  4.9561759e+000	
  3.7140539e+000	
  2.5673373e+000	
  1.5207362e+000	
  5.7434007e-001	
 -2.7515188e-001	
 -1.0333633e+000	
 -1.7073732e+000	
 -2.3050457e+000	
 -2.8345343e+000	
 -3.3039302e+000	
 -3.7210237e+000	
 -4.0931519e+000	
 -4.4271093e+000	
 -4.7291034e+000	
 -5.0047426e+000	
 -5.2590445e+000	
 -5.4964579e+000	
 -5.7208933e+000	
 -5.9357560e+000	
 -6.1439817e+000	
 -6.3480700e+000	
 -6.5501160e+000	
 -6.7518381e+000	
 -6.9546029e+000	
 -7.1594450e+000	
 -7.3670831e+000	
 -7.5779324e+000	
 -7.7921135e+000	
 -8.0094574e+000	
 -8.2295099e+000	
 -8.4515330e+000	
 -8.6745075e+000	
 -8.8971354e+000	
 -9.1178458e+000	
 -9.3348046e+000	
 -9.5459295e+000	
 -9.7489128e+000	
 -9.9412536e+000	
 -1.0120299e+001	
 -1.0283299e+001	
 -1.0427468e+001	
 -1.0550063e+001	
 -1.0648466e+001	
 -1.0720279e+001	
 -1.0763412e+001	
 -1.0776181e+001	
 -1.0757391e+001	
 -1.0706409e+001	
 -1.0623219e+001	
 -1.0508454e+001	
 -1.0363397e+001	
 -1.0189966e+001	
 -9.9906561e+000	
 -9.7684695e+000	
 -9.5268187e+000	
 -9.2694176e+000	
 -9.0001641e+000	
 -8.7230235e+000	
 -8.4419171e+000	
 -8.1606230e+000	
 -7.8826918e+000	
 -7.6113813e+000	
 -7.3496097e+000	
 -7.0999282e+000	
 -6.8645095e+000	
 -6.6451532e+000	
 -6.4433013e+000	
 -6.2600651e+000	
 -6.0962566e+000	
 -5.9524259e+000	
 -5.8288987e+000	
 -5.7258146e+000	
 -5.6431638e+000	
 -5.5808208e+000	
 -5.5385751e+000	
 -5.5161578e+000	
 -5.5132644e+000	
 -5.5295733e+000	
 -5.5647598e+000	
 -5.6185064e+000	
 -5.6905091e+000	
 -5.7804799e+000	
 -5.8881455e+000	
 -6.0132424e+000	
 -6.1555088e+000	
 -6.3146727e+000	
 -6.4904365e+000	
 -6.6824584e+000	
 -6.8903297e+000	
 -7.1135493e+000	
 -7.3514938e+000	
 -7.6033851e+000	
 -7.8682539e+000	
 -8.1449020e+000	
 -8.4318616e+000	
 -8.7273553e+000	
 -9.0292566e+000	
 -9.3350548e+000	
 -9.6418258e+000	
 -9.9462136e+000	
 -1.0244426e+001	
 -1.0532249e+001	
 -1.0805084e+001	
 -1.1058017e+001	
 -1.1285910e+001	
 -1.1483536e+001	
 -1.1645740e+001	
 -1.1767631e+001	
 -1.1844792e+001	
 -1.1873501e+001	
 -1.1850950e+001	
 -1.1775433e+001	
 -1.1646500e+001	
 -1.1465049e+001	
 -1.1233352e+001	
 -1.0954999e+001	
 -1.0634772e+001	
 -1.0278446e+001	
 -9.8925485e+000	
 -9.4840801e+000	
 -9.0602286e+000	
 -8.6280980e+000	
 -8.1944672e+000	
 -7.7655929e+000	
 -7.3470632e+000	
 -6.9437046e+000	
 -6.5595378e+000	
 -6.1977775e+000	
 -5.8608673e+000	
 -5.5505409e+000	
 -5.2679000e+000	
 -5.0135029e+000	
 -4.7874563e+000	
 -4.5895047e+000	
 -4.4191162e+000	
 -4.2755589e+000	
 -4.1579699e+000	
 -4.0654142e+000	
 -3.9969344e+000	
 -3.9515912e+000	
 -3.9284962e+000	
 -3.9268366e+000	
 -3.9458942e+000	
 -3.9850578e+000	
 -4.0438317e+000	
 -4.1218391e+000	
 -4.2188227e+000	
 -4.3346413e+000	
 -4.4692641e+000	
 -4.6227620e+000	
 -4.7952961e+000	
 -4.9871032e+000	
 -5.1984782e+000	
 -5.4297527e+000	
 -5.6812692e+000	
 -5.9533503e+000	
 -6.2462620e+000	
 -6.5601700e+000	
 -6.8950885e+000	
 -7.2508194e+000	
 -7.6268830e+000	
 -8.0224381e+000	
 -8.4361917e+000	
 -8.8663009e+000	
 -9.3102668e+000	
 -9.7648260e+000	
 -1.0225845e+001	
 -1.0688223e+001	
 -1.1145826e+001	
 -1.1591442e+001	
 -1.2016806e+001	
 -1.2412688e+001	
 -1.2769067e+001	
 -1.3075420e+001	
 -1.3321105e+001	
 -1.3495867e+001	
 -1.3590411e+001	
 -1.3597037e+001	
 -1.3510250e+001	
 -1.3327308e+001	
 -1.3048607e+001	
 -1.2677862e+001	
 -1.2222033e+001	
 -1.1690991e+001	
 -1.1096958e+001	
 -1.0453776e+001	
 -9.7760961e+000	
 -9.0785729e+000	
 -8.3751424e+000	
 -7.6784475e+000	
 -6.9994344e+000	
 -6.3471266e+000	
 -5.7285585e+000	
 -5.1488391e+000	
 -4.6113086e+000	
 -4.1177547e+000	
 -3.6686576e+000	
 -3.2634402e+000	
 -2.9007068e+000	
 -2.5784602e+000	
 -2.2942907e+000	
 -2.0455359e+000	
 -1.8294110e+000	
 -1.6431123e+000	
 -1.4838966e+000	
 -1.3491398e+000	
 -1.2363785e+000	
 -1.1433364e+000	
 -1.0679409e+000	
 -1.0083291e+000	
 -9.6284843e-001	
 -9.3005197e-001	
 -9.0869025e-001	
 -8.9770119e-001	
 -8.9619869e-001	
 -9.0346089e-001	
 -9.1891849e-001	
 -9.4214375e-001	
 -9.7284026e-001	
 -1.0108338e+000	
 -1.0560647e+000	
 -1.1085807e+000	
 -1.1685323e+000	
 -1.2361684e+000	
 -1.3118338e+000	
 -1.3959676e+000	
 -1.4891032e+000	
 -1.5918688e+000	
 -1.7049896e+000	
 -1.8292902e+000	
 -1.9656986e+000	
 -2.1152499e+000	
 -2.2790913e+000	
 -2.4584866e+000	
 -2.6548209e+000	
 -2.8696045e+000	
 -3.1044757e+000	
 -3.3612016e+000	
 -3.6416763e+000	
 -3.9479136e+000	
 -4.2820356e+000	
 -4.6462513e+000	
 -5.0428250e+000	
 -5.4740307e+000	
 -5.9420864e+000	
 -6.4490645e+000	
 -6.9967722e+000	
 -7.5865932e+000	
 -8.2192831e+000	
 -8.8947114e+000	
 -9.6115417e+000	
 -1.0366846e+001	
 -1.1155654e+001	
 -1.1970450e+001	
 -1.2800641e+001	
 -1.3632038e+001	
 -1.4446441e+001	
 -1.5221412e+001	
 -1.5930383e+001	
 -1.6543258e+001	
 -1.7027639e+001	
 -1.7350776e+001	
 -1.7482225e+001	
 -1.7396988e+001	
 -1.7078773e+001	
 -1.6522768e+001	
 -1.5737324e+001	
 -1.4744027e+001	
 -1.3575994e+001	
 -1.2274615e+001	
 -1.0885371e+001	
 -9.4535436e+000	
 -8.0205518e+000	
 -6.6214080e+000	
 -5.2834246e+000	
 -4.0260330e+000	
 -2.8614086e+000	
 -1.7955613e+000	
 -8.2960450e-001	
  3.9002304e-002	
  8.1535267e-001	
  1.5061846e+000	
  2.1191690e+000	
  2.6623778e+000	
  3.1439011e+000	
  3.5715844e+000	
  3.9528577e+000	
  4.2946314e+000	
  4.6032426e+000	
  4.8844348e+000	
  5.1433620e+000	
  5.3846069e+000	
  5.6122094e+000	
  5.8296995e+000	
  6.0401313e+000	
  6.2461172e+000	
  6.4498599e+000	
  6.6531805e+000	
  6.8575441e+000	
  7.0640799e+000	
  7.2735982e+000	
  7.4866027e+000	
  7.7032992e+000	
  7.9236010e+000	
  8.1471318e+000	
  8.3732271e+000	
  8.6009340e+000	
  8.8290130e+000	
  9.0559407e+000	
  9.2799169e+000	
  9.4988765e+000	
  9.7105093e+000	
  9.9122881e+000	
  1.0101508e+001	
  1.0275336e+001	
  1.0430875e+001	
  1.0565238e+001	
  1.0675632e+001	
  1.0759454e+001	
  1.0814391e+001	
  1.0838515e+001	
  1.0830381e+001	
  1.0789108e+001	
  1.0714444e+001	
  1.0606809e+001	
  1.0467311e+001	
  1.0297732e+001	
  1.0100481e+001	
  9.8785294e+000	
  9.6353087e+000	
  9.3746030e+000	
  9.1004253e+000	
  8.8168931e+000	
  8.5281074e+000	
  8.2380442e+000	
  7.9504608e+000	
  7.6688212e+000	
  7.3962417e+000	
  7.1354575e+000	
  6.8888069e+000	
  6.6582331e+000	
  6.4452994e+000	
  6.2512146e+000	
  6.0768669e+000	
  5.9228613e+000	
  5.7895605e+000	
  5.6771255e+000	
  5.5855541e+000	
  5.5147185e+000	
  5.4643977e+000	
  5.4343070e+000	
  5.4241230e+000	
  5.4335037e+000	
  5.4621051e+000	
  5.5095928e+000	
  5.5756499e+000	
  5.6599810e+000	
  5.7623117e+000	
  5.8823860e+000	
  6.0199580e+000	
  6.1747821e+000	
  6.3465984e+000	
  6.5351147e+000	
  6.7399852e+000	
  6.9607853e+000	
  7.1969827e+000	
  7.4479044e+000	
  7.7127014e+000	
  7.9903083e+000	
  8.2794029e+000	
  8.5783622e+000	
  8.8852199e+000	
  9.1976259e+000	
  9.5128101e+000	
  9.8275555e+000	
  1.0138183e+001	
  1.0440556e+001	
  1.0730100e+001	
  1.1001860e+001	
  1.1250584e+001	
  1.1470837e+001	
  1.1657160e+001	
  1.1804258e+001	
  1.1907210e+001	
  1.1961710e+001	
  1.1964297e+001	
  1.1912577e+001	
  1.1805413e+001	
  1.1643052e+001	
  1.1427194e+001	
  1.1160968e+001	
  1.0848837e+001	
  1.0496419e+001	
  1.0110243e+001	
  9.6974657e+000	
  9.2655675e+000	
  8.8220535e+000	
  8.3741797e+000	
  7.9287225e+000	
  7.4918009e+000	
  7.0687565e+000	
  6.6640876e+000	
  6.2814338e+000	
  5.9236017e+000	
  5.5926214e+000	
  5.2898256e+000	
  5.0159414e+000	
  4.7711873e+000	
  4.5553705e+000	
  4.3679790e+000	
  4.2082668e+000	
  4.0753291e+000	
  3.9681684e+000	
  3.8857491e+000	
  3.8270442e+000	
  3.7910713e+000	
  3.7769214e+000	
  3.7837807e+000	
  3.8109455e+000	
  3.8578327e+000	
  3.9239849e+000	
  4.0090726e+000	
  4.1128926e+000	
  4.2353634e+000	
  4.3765186e+000	
  4.5364970e+000	
  4.7155308e+000	
  4.9139302e+000	
  5.1320656e+000	
  5.3703453e+000	
  5.6291894e+000	
  5.9089976e+000	
  6.2101120e+000	
  6.5327712e+000	
  6.8770569e+000	
  7.2428308e+000	
  7.6296610e+000	
  8.0367374e+000	
  8.4627761e+000	
  8.9059138e+000	
  9.3635937e+000	
  9.8324482e+000	
  1.0308183e+001	
  1.0785474e+001	
  1.1257884e+001	
  1.1717826e+001	
  1.2156575e+001	
  1.2564366e+001	
  1.2930584e+001	
  1.3244072e+001	
  1.3493557e+001	
  1.3668192e+001	
  1.3758195e+001	
  1.3755529e+001	
  1.3654574e+001	
  1.3452708e+001	
  1.3150708e+001	
  1.2752924e+001	
  1.2267163e+001	
  1.1704291e+001	
  1.1077594e+001	
  1.0401955e+001	
  9.6929720e+000	
  8.9660851e+000	
  8.2358220e+000	
  7.5152077e+000	
  6.8153703e+000	
  6.1453390e+000	
  5.5120117e+000	
  4.9202543e+000	
  4.3730942e+000	
  3.8719664e+000	
  3.4169843e+000	
  3.0072086e+000	
  2.6408994e+000	
  2.3157412e+000	
  2.0290364e+000	
  1.7778664e+000	
  1.5592208e+000	
  1.3700991e+000	
  1.2075864e+000	
  1.0689092e+000	
  9.5147234e-001	
  8.5288260e-001	
  7.7096080e-001	
  7.0374525e-001	
  6.4948885e-001	
  6.0665156e-001	
  5.7388979e-001	
  5.5004380e-001	
  5.3412422e-001	
  5.2529820e-001	
  5.2287591e-001	
  5.2629765e-001	
  5.3512190e-001	
  5.4901448e-001	
  5.6773896e-001	
  5.9114825e-001	
  6.1917753e-001	
  6.5183843e-001	
  6.8921440e-001	
  7.3145730e-001	
  7.7878504e-001	
  8.3148039e-001	
  8.8989072e-001	
  9.5442874e-001	
  1.0255742e+000	
  1.1038765e+000	
  1.1899581e+000	
  1.2845185e+000	
  1.3883397e+000	
  1.5022917e+000	
  1.6273391e+000	
  1.7645479e+000	
  1.9150934e+000	
  2.0802679e+000	
  2.2614887e+000	
  2.4603066e+000	
  2.6784124e+000	
  2.9176437e+000	
  3.1799893e+000	
  3.4675900e+000	
  3.7827363e+000	
  4.1278586e+000	
  4.5055092e+000	
  4.9183327e+000	
  5.3690196e+000	
  5.8602388e+000	
  6.3945425e+000	
  6.9742347e+000	
  7.6011945e+000	
  8.2766432e+000	
  9.0008440e+000	
  9.7727233e+000	
  1.0589406e+001	
  1.1445660e+001	
  1.2333267e+001	
  1.3240340e+001	
  1.4150647e+001	
  1.5043039e+001	
  1.5891124e+001	
  1.6663357e+001	
  1.7323782e+001	
  1.7833611e+001	
  1.8153789e+001	
  1.8248482e+001	
  1.8089209e+001	
  1.7659029e+001	
  1.6955926e+001	
  1.5994546e+001	
  1.4805641e+001	
  1.3433123e+001	
  1.1929258e+001	
  1.0349019e+001	
  8.7447649e+000	
  7.1621554e+000	
  5.6377468e+000	
  4.1982326e+000	
  2.8609563e+000	
  1.6352078e+000	
  5.2385839e-001	
 -4.7499302e-001	
 -1.3665528e+000	
 -2.1581278e+000	
 -2.8581951e+000	
 -3.4757187e+000	
 -4.0196710e+000	
 -4.4987137e+000	
 -4.9209977e+000	
 -5.2940493e+000	
 -5.6247165e+000	
 -5.9191558e+000	
 -6.1828459e+000	
 -6.4206180e+000	
 -6.6366949e+000	
 -6.8347356e+000	
 -7.0178808e+000	
 -7.1887975e+000	
 -7.3497225e+000	
 -7.5025018e+000	
 -7.6486281e+000	
 -7.7892747e+000	
 -7.9253257e+000	
 -8.0574050e+000	
 -8.1859009e+000	
 -8.3109903e+000	
 -8.4326602e+000	
 -8.5507286e+000	
 -8.6648644e+000	
 -8.7746068e+000	
 -8.8793853e+000	
 -8.9785394e+000	
 -9.0713392e+000	
 -9.1570068e+000	
 -9.2347385e+000	
 -9.3037273e+000	
 -9.3631868e+000	
 -9.4123747e+000	
 -9.4506158e+000	
 -9.4773253e+000	
 -9.4920298e+000	
 -9.4943865e+000	
 -9.4841998e+000	
 -9.4614346e+000	
 -9.4262251e+000	
 -9.3788797e+000	
 -9.3198808e+000	
 -9.2498803e+000	
 -9.1696898e+000	
 -9.0802671e+000	
 -8.9826981e+000	
 -8.8781765e+000	
 -8.7679808e+000	
 -8.6534495e+000	
 -8.5359570e+000	
 -8.4168886e+000	
 -8.2976178e+000	
 -8.1794850e+000	
 -8.0637787e+000	
 -7.9517195e+000	
 -7.8444477e+000	
 -7.7430129e+000	
 -7.6483672e+000	
 -7.5613619e+000	
 -7.4827452e+000	
 -7.4131629e+000	
 -7.3531614e+000	
 -7.3031907e+000	
 -7.2636092e+000	
 -7.2346892e+000	
 -7.2166220e+000	
 -7.2095236e+000	
 -7.2134390e+000	
 -7.2283471e+000	
 -7.2541642e+000	
 -7.2907463e+000	
 -7.3378912e+000	
 -7.3953388e+000	
 -7.4627710e+000	
 -7.5398098e+000	
 -7.6260151e+000	
 -7.7208816e+000	
 -7.8238342e+000	
 -7.9342243e+000	
 -8.0513241e+000	
 -8.1743225e+000	
 -8.3023199e+000	
 -8.4343252e+000	
 -8.5692520e+000	
 -8.7059187e+000	
 -8.8430484e+000	
 -8.9792733e+000	
 -9.1131411e+000	
 -9.2431254e+000	
 -9.3676397e+000	
 -9.4850569e+000	
 -9.5937314e+000	
 -9.6920270e+000	
 -9.7783486e+000	
 -9.8511763e+000	
 -9.9091035e+000	
 -9.9508751e+000	
 -9.9754256e+000	
 -9.9819164e+000	
 -9.9697677e+000	
 -9.9386858e+000	
 -9.8886833e+000	
 -9.8200903e+000	
 -9.7335554e+000	
 -9.6300379e+000	
 -9.5107888e+000	
 -9.3773227e+000	
 -9.2313816e+000	
 -9.0748927e+000	
 -8.9099209e+000	
 -8.7386200e+000	
 -8.5631834e+000	
 -8.3857970e+000	
 -8.2085963e+000	
 -8.0336283e+000	
 -7.8628202e+000	
 -7.6979547e+000	
 -7.5406519e+000	
 -7.3923591e+000	
 -7.2543450e+000	
 -7.1277011e+000	
 -7.0133466e+000	
 -6.9120371e+000	
 -6.8243762e+000	
 -6.7508283e+000	
 -6.6917334e+000	
 -6.6473206e+000	
 -6.6177224e+000	
 -6.6029871e+000	
 -6.6030909e+000	
 -6.6179472e+000	
 -6.6474145e+000	
 -6.6913025e+000	
 -6.7493757e+000	
 -6.8213545e+000	
 -6.9069151e+000	
 -7.0056858e+000	
 -7.1172424e+000	
 -7.2411011e+000	
 -7.3767094e+000	
 -7.5234351e+000	
 -7.6805546e+000	
 -7.8472395e+000	
 -8.0225420e+000	
 -8.2053811e+000	
 -8.3945281e+000	
 -8.5885938e+000	
 -8.7860177e+000	
 -8.9850599e+000	
 -9.1837975e+000	
 -9.3801264e+000	
 -9.5717697e+000	
 -9.7562948e+000	
 -9.9311392e+000	
 -1.0093647e+001	
 -1.0241114e+001	
 -1.0370848e+001	
 -1.0480234e+001	
 -1.0566810e+001	
 -1.0628346e+001	
 -1.0662929e+001	
 -1.0669041e+001	
 -1.0645635e+001	
 -1.0592192e+001	
 -1.0508769e+001	
 -1.0396019e+001	
 -1.0255195e+001	
 -1.0088124e+001	
 -9.8971571e+000	
 -9.6851036e+000	
 -9.4551410e+000	
 -9.2107178e+000	
 -8.9554482e+000	
 -8.6930070e+000	
 -8.4270300e+000	
 -8.1610247e+000	
 -7.8982952e+000	
 -7.6418821e+000	
 -7.3945205e+000	
 -7.1586131e+000	
 -6.9362203e+000	
 -6.7290617e+000	
 -6.5385307e+000	
 -6.3657160e+000	
 -6.2114299e+000	
 -6.0762406e+000	
 -5.9605059e+000	
 -5.8644073e+000	
 -5.7879827e+000	
 -5.7311571e+000	
 -5.6937705e+000	
 -5.6756018e+000	
 -5.6763895e+000	
 -5.6958489e+000	
 -5.7336843e+000	
 -5.7895985e+000	
 -5.8632981e+000	
 -5.9544951e+000	
 -6.0629054e+000	
 -6.1882431e+000	
 -6.3302125e+000	
 -6.4884955e+000	
 -6.6627366e+000	
 -6.8525243e+000	
 -7.0573690e+000	
 -7.2766777e+000	
 -7.5097260e+000	
 -7.7556268e+000	
 -8.0132970e+000	
 -8.2814217e+000	
 -8.5584194e+000	
 -8.8424059e+000	
 -9.1311624e+000	
 -9.4221076e+000	
 -9.7122780e+000	
 -9.9983193e+000	
 -1.0276493e+001	
 -1.0542702e+001	
 -1.0792537e+001	
 -1.1021354e+001	
 -1.1224374e+001	
 -1.1396814e+001	
 -1.1534046e+001	
 -1.1631774e+001	
 -1.1686228e+001	
 -1.1694357e+001	
 -1.1654011e+001	
 -1.1564096e+001	
 -1.1424691e+001	
 -1.1237099e+001	
 -1.1003851e+001	
 -1.0728628e+001	
 -1.0416129e+001	
 -1.0071884e+001	
 -9.7020239e+000	
 -9.3130381e+000	
 -8.9115206e+000	
 -8.5039375e+000	
 -8.0964231e+000	
 -7.6946145e+000	
 -7.3035322e+000	
 -6.9275051e+000	
 -6.5701384e+000	
 -6.2343175e+000	
 -5.9222422e+000	
 -5.6354818e+000	
 -5.3750457e+000	
 -5.1414614e+000	
 -4.9348557e+000	
 -4.7550345e+000	
 -4.6015573e+000	
 -4.4738060e+000	
 -4.3710457e+000	
 -4.2924768e+000	
 -4.2372798e+000	
 -4.2046512e+000	
 -4.1938325e+000	
 -4.2041329e+000	
 -4.2349449e+000	
 -4.2857563e+000	
 -4.3561561e+000	
 -4.4458371e+000	
 -4.5545946e+000	
 -4.6823220e+000	
 -4.8290032e+000	
 -4.9947015e+000	
 -5.1795461e+000	
 -5.3837142e+000	
 -5.6074101e+000	
 -5.8508397e+000	
 -6.1141797e+000	
 -6.3975422e+000	
 -6.7009315e+000	
 -7.0241952e+000	
 -7.3669663e+000	
 -7.7285981e+000	
 -8.1080899e+000	
 -8.5040052e+000	
 -8.9143828e+000	
 -9.3366446e+000	
 -9.7675018e+000	
 -1.0202867e+001	
 -1.0637781e+001	
 -1.1066359e+001	
 -1.1481779e+001	
 -1.1876313e+001	
 -1.2241433e+001	
 -1.2567982e+001	
 -1.2846448e+001	
 -1.3067320e+001	
 -1.3221533e+001	
 -1.3300976e+001	
 -1.3299030e+001	
 -1.3211088e+001	
 -1.3035002e+001	
 -1.2771399e+001	
 -1.2423809e+001	
 -1.1998590e+001	
 -1.1504638e+001	
 -1.0952899e+001	
 -1.0355751e+001	
 -9.7263118e+000	
 -9.0777525e+000	
 -8.4226716e+000	
 -7.7725912e+000	
 -7.1375917e+000	
 -6.5260961e+000	
 -5.9447902e+000	
 -5.3986558e+000	
 -4.8910894e+000	
 -4.4240770e+000	
 -3.9983994e+000	
 -3.6138479e+000	
 -3.2694334e+000	
 -2.9635809e+000	
 -2.6943018e+000	
 -2.4593415e+000	
 -2.2563025e+000	
 -2.0827434e+000	
 -1.9362576e+000	
 -1.8145316e+000	
 -1.7153885e+000	
 -1.6368178e+000	
 -1.5769941e+000	
 -1.5342878e+000	
 -1.5072686e+000	
 -1.4947052e+000	
 -1.4955604e+000	
 -1.5089845e+000	
 -1.5343076e+000	
 -1.5710306e+000	
 -1.6188169e+000	
 -1.6774838e+000	
 -1.7469955e+000	
 -1.8274557e+000	
 -1.9191026e+000	
 -2.0223039e+000	
 -2.1375532e+000	
 -2.2654675e+000	
 -2.4067855e+000	
 -2.5623661e+000	
 -2.7331875e+000	
 -2.9203468e+000	
 -3.1250581e+000	
 -3.3486510e+000	
 -3.5925657e+000	
 -3.8583472e+000	
 -4.1476343e+000	
 -4.4621444e+000	
 -4.8036508e+000	
 -5.1739503e+000	
 -5.5748196e+000	
 -6.0079556e+000	
 -6.4748964e+000	
 -6.9769190e+000	
 -7.5149068e+000	
 -8.0891840e+000	
 -8.6993102e+000	
 -9.3438315e+000	
 -1.0019987e+001	
 -1.0723375e+001	
 -1.1447582e+001	
 -1.2183805e+001	
 -1.2920493e+001	
 -1.3643059e+001	
 -1.4333735e+001	
 -1.4971662e+001	
 -1.5533300e+001	
 -1.5993269e+001	
 -1.6325665e+001	
 -1.6505854e+001	
 -1.6512639e+001	
 -1.6330578e+001	
 -1.5952100e+001	
 -1.5379046e+001	
 -1.4623248e+001	
 -1.3705954e+001	
 -1.2656092e+001	
 -1.1507671e+001	
 -1.0296747e+001	
 -9.0584873e+000	
 -7.8247483e+000	
 -6.6224264e+000	
 -5.4726305e+000	
 -4.3905770e+000	
 -3.3860135e+000	
 -2.4639633e+000	
 -1.6256082e+000	
 -8.6917465e-001	
 -1.9074377e-001	
  4.1505881e-001	
  9.5450297e-001	
  1.4343190e+000	
  1.8613720e+000	
  2.2424277e+000	
  2.5839910e+000	
  2.8922023e+000	
  3.1727760e+000	
  3.4309715e+000	
  3.6715868e+000	
  3.8989683e+000	
  4.1170302e+000	
  4.3292815e+000	
  4.5388542e+000	
  4.7485341e+000	
  4.9607885e+000	
  5.1777920e+000	
  5.4014486e+000	
  5.6334085e+000	
  5.8750798e+000	
  6.1276339e+000	
  6.3920048e+000	
  6.6688811e+000	
  6.9586913e+000	
  7.2615817e+000	
  7.5773866e+000	
  7.9055928e+000	
  8.2452970e+000	
  8.5951587e+000	
  8.9533499e+000	
  9.3175053e+000	
  9.6846745e+000	
  1.0051284e+001	
  1.0413113e+001	
  1.0765290e+001	
  1.1102320e+001	
  1.1418145e+001	
  1.1706258e+001	
  1.1959857e+001	
  1.2172061e+001	
  1.2336169e+001	
  1.2445969e+001	
  1.2496066e+001	
  1.2482220e+001	
  1.2401656e+001	
  1.2253317e+001	
  1.2038037e+001	
  1.1758601e+001	
  1.1419679e+001	
  1.1027640e+001	
  1.0590258e+001	
  1.0116332e+001	
  9.6152604e+000	
  9.0966130e+000	
  8.5697226e+000	
  8.0433410e+000	
  7.5253693e+000	
  7.0226735e+000	
  6.5409842e+000	
  6.0848705e+000	
  5.6577762e+000	
  5.2621020e+000	
  4.8993190e+000	
  4.5700986e+000	
  4.2744500e+000	
  4.0118542e+000	
  3.7813902e+000	
  3.5818486e+000	
  3.4118315e+000	
  3.2698372e+000	
  3.1543305e+000	
  3.0637998e+000	
  2.9968017e+000	
  2.9519949e+000	
  2.9281656e+000	
  2.9242448e+000	
  2.9393193e+000	
  2.9726386e+000	
  3.0236168e+000	
  3.0918325e+000	
  3.1770256e+000	
  3.2790932e+000	
  3.3980830e+000	
  3.5341869e+000	
  3.6877323e+000	
  3.8591730e+000	
  4.0490782e+000	
  4.2581204e+000	
  4.4870597e+000	
  4.7367263e+000	
  5.0079982e+000	
  5.3017738e+000	
  5.6189384e+000	
  5.9603218e+000	
  6.3266467e+000	
  6.7184651e+000	
  7.1360801e+000	
  7.5794526e+000	
  8.0480898e+000	
  8.5409150e+000	
  9.0561182e+000	
  9.5909902e+000	
  1.0141743e+001	
  1.0703327e+001	
  1.1269252e+001	
  1.1831444e+001	
  1.2380142e+001	
  1.2903886e+001	
  1.3389621e+001	
  1.3822960e+001	
  1.4188628e+001	
  1.4471124e+001	
  1.4655568e+001	
  1.4728721e+001	
  1.4680071e+001	
  1.4502889e+001	
  1.4195089e+001	
  1.3759765e+001	
  1.3205283e+001	
  1.2544873e+001	
  1.1795768e+001	
  1.0977977e+001	
  1.0112880e+001	
  9.2218232e+000	
  8.3248800e+000	
  7.4398978e+000	
  6.5818814e+000	
  5.7627057e+000	
  4.9911111e+000	
  4.2729095e+000	
  3.6113256e+000	
  3.0074071e+000	
  2.4604524e+000	
  1.9684180e+000	
  1.5282845e+000	
  1.1363713e+000	
  7.8859518e-001	
  4.8067711e-001	
  2.0830135e-001	
 -3.2766743e-002	
 -2.4659725e-001	
 -4.3704040e-001	
 -6.0769372e-001	
 -7.6188668e-001	
 -9.0267866e-001	
 -1.0328667e+000	
 -1.1550003e+000	
 -1.2714011e+000	
 -1.3841856e+000	
 -1.4952890e+000	
 -1.6064909e+000	
 -1.7194391e+000	
 -1.8356748e+000	
 -1.9566551e+000	
 -2.0837746e+000	
 -2.2183864e+000	
 -2.3618204e+000	
 -2.5154005e+000	
 -2.6804598e+000	
 -2.8583544e+000	
 -3.0504744e+000	
 -3.2582533e+000	
 -3.4831738e+000	
 -3.7267720e+000	
 -3.9906355e+000	
 -4.2763985e+000	
 -4.5857302e+000	
 -4.9203152e+000	
 -5.2818249e+000	
 -5.6718770e+000	
 -6.0919800e+000	
 -6.5434598e+000	
 -7.0273642e+000	
 -7.5443420e+000	
 -8.0944914e+000	
 -8.6771752e+000	
 -9.2907990e+000	
 -9.9325534e+000	
 -1.0598123e+001	
 -1.1281374e+001	
 -1.1974035e+001	
 -1.2665403e+001	
 -1.3342126e+001	
 -1.3988103e+001	
 -1.4584591e+001	
 -1.5110590e+001	
 -1.5543576e+001	
 -1.5860630e+001	
 -1.6039952e+001	
 -1.6062677e+001	
 -1.5914811e+001	
 -1.5589023e+001	
 -1.5085979e+001	
 -1.4414930e+001	
 -1.3593356e+001	
 -1.2645675e+001	
 -1.1601183e+001	
 -1.0491560e+001	
 -9.3483702e+000	
 -8.2008825e+000	
 -7.0744835e+000	
 -5.9897530e+000	
 -4.9621650e+000	
 -4.0022827e+000	
 -3.1162831e+000	
 -2.3066564e+000	
 -1.5729571e+000	
 -9.1252290e-001	
 -3.2111199e-001	
  2.0656106e-001	
  6.7639542e-001	
  1.0945714e+000	
  1.4673030e+000	
  1.8006601e+000	
  2.1004486e+000	
  2.3721337e+000	
  2.6207974e+000	
  2.8511209e+000	
  3.0673859e+000	
  3.2734877e+000	
  3.4729567e+000	
  3.6689859e+000	
  3.8644592e+000	
  4.0619810e+000	
  4.2639042e+000	
  4.4723558e+000	
  4.6892586e+000	
  4.9163488e+000	
  5.1551885e+000	
  5.4071722e+000	
  5.6735273e+000	
  5.9553067e+000	
  6.2533744e+000	
  6.5683823e+000	
  6.9007382e+000	
  7.2505634e+000	
  7.6176413e+000	
  8.0013553e+000	
  8.4006171e+000	
  8.8137872e+000	
  9.2385886e+000	
  9.6720192e+000	
  1.0110266e+001	
  1.0548633e+001	
  1.0981485e+001	
  1.1402230e+001	
  1.1803344e+001	
  1.2176459e+001	
  1.2512534e+001	
  1.2802098e+001	
  1.3035603e+001	
  1.3203852e+001	
  1.3298500e+001	
  1.3312593e+001	
  1.3241102e+001	
  1.3081388e+001	
  1.2833547e+001	
  1.2500582e+001	
  1.2088367e+001	
  1.1605388e+001	
  1.1062296e+001	
  1.0471299e+001	
  9.8454776e+000	
  9.1980881e+000	
  8.5419181e+000	
  7.8887554e+000	
  7.2489958e+000	
  6.6313983e+000	
  6.0429831e+000	
  5.4890458e+000	
  4.9732645e+000	
  4.4978665e+000	
  4.0638318e+000	
  3.6711083e+000	
  3.3188246e+000	
  3.0054883e+000	
  2.7291632e+000	
  2.4876219e+000	
  2.2784735e+000	
  2.0992677e+000	
  1.9475763e+000	
  1.8210556e+000	
  1.7174922e+000	
  1.6348352e+000	
  1.5712164e+000	
  1.5249627e+000	
  1.4946003e+000	
  1.4788550e+000	
  1.4766480e+000	
  1.4870892e+000	
  1.5094700e+000	
  1.5432541e+000	
  1.5880688e+000	
  1.6436970e+000	
  1.7100688e+000	
  1.7872553e+000	
  1.8754622e+000	
  1.9750250e+000	
  2.0864054e+000	
  2.2101886e+000	
  2.3470811e+000	
  2.4979094e+000	
  2.6636197e+000	
  2.8452766e+000	
  3.0440627e+000	
  3.2612768e+000	
  3.4983304e+000	
  3.7567427e+000	
  4.0381316e+000	
  4.3442000e+000	
  4.6767163e+000	
  5.0374855e+000	
  5.4283099e+000	
  5.8509355e+000	
  6.3069797e+000	
  6.7978372e+000	
  7.3245585e+000	
  7.8876952e+000	
  8.4871077e+000	
  9.1217308e+000	
  9.7892931e+000	
  1.0485994e+001	
  1.1206140e+001	
  1.1941768e+001	
  1.2682262e+001	
  1.3414038e+001	
  1.4120338e+001	
  1.4781220e+001	
  1.5373855e+001	
  1.5873211e+001	
  1.6253214e+001	
  1.6488399e+001	
  1.6555992e+001	
  1.6438221e+001	
  1.6124578e+001	
  1.5613604e+001	
  1.4913848e+001	
  1.4043674e+001	
  1.3029892e+001	
  1.1905374e+001	
  1.0706077e+001	
  9.4679947e+000	
  8.2245044e+000	
  7.0044291e+000	
  5.8309409e+000	
  4.7212370e+000	
  3.6868211e+000	
  2.7341734e+000	
  1.8656142e+000	
  1.0802100e+000	
  3.7462075e-001	
 -2.5616330e-001	
 -8.1821560e-001	
 -1.3181967e+000	
 -1.7629935e+000	
 -2.1594568e+000	
 -2.5142179e+000	
 -2.8335677e+000	
 -3.1233831e+000	
 -3.3890890e+000	
 -3.6356451e+000	
 -3.8675520e+000	
 -4.0888680e+000	
 -4.3032337e+000	
 -4.5139011e+000	
 -4.7237630e+000	
 -4.9353824e+000	
 -5.1510188e+000	
 -5.3726514e+000	
 -5.6019978e+000	
 -5.8405272e+000	
 -6.0894677e+000	
 -6.3498075e+000	
 -6.6222892e+000	
 -6.9073973e+000	
 -7.2053383e+000	
 -7.5160141e+000	
 -7.8389879e+000	
 -8.1734450e+000	
 -8.5181478e+000	
 -8.8713877e+000	
 -9.2309364e+000	
 -9.5939994e+000	
 -9.9571777e+000	
 -1.0316441e+001	
 -1.0667122e+001	
 -1.1003934e+001	
 -1.1321031e+001	
 -1.1612100e+001	
 -1.1870508e+001	
 -1.2089501e+001	
 -1.2262448e+001	
 -1.2383133e+001	
 -1.2446069e+001	
 -1.2446833e+001	
 -1.2382369e+001	
 -1.2251256e+001	
