 -1.7500000e+000	
 -1.7369875e+000	
 -1.7235565e+000	
 -1.7097090e+000	
 -1.6954472e+000	
 -1.6807733e+000	
 -1.6656897e+000	
 -1.6501988e+000	
 -1.6343031e+000	
 -1.6180052e+000	
 -1.6013079e+000	
 -1.5842139e+000	
 -1.5667262e+000	
 -1.5488477e+000	
 -1.5305815e+000	
 -1.5119308e+000	
 -1.4928988e+000	
 -1.4734890e+000	
 -1.4537047e+000	
 -1.4335496e+000	
 -1.4130272e+000	
 -1.3921413e+000	
 -1.3708957e+000	
 -1.3492943e+000	
 -1.3273410e+000	
 -1.3050401e+000	
 -1.2823957e+000	
 -1.2594119e+000	
 -1.2360932e+000	
 -1.2124440e+000	
 -1.1884689e+000	
 -1.1641723e+000	
 -1.1395591e+000	
 -1.1146339e+000	
 -1.0894017e+000	
 -1.0638673e+000	
 -1.0380357e+000	
 -1.0119121e+000	
 -9.8550166e-001	
 -9.5880955e-001	
 -9.3184112e-001	
 -9.0460177e-001	
 -8.7709697e-001	
 -8.4933226e-001	
 -8.2131326e-001	
 -7.9304564e-001	
 -7.6453518e-001	
 -7.3578768e-001	
 -7.0680905e-001	
 -6.7760524e-001	
 -6.4818227e-001	
 -6.1854624e-001	
 -5.8870328e-001	
 -5.5865961e-001	
 -5.2842151e-001	
 -4.9799531e-001	
 -4.6738738e-001	
 -4.3660419e-001	
 -4.0565222e-001	
 -3.7453803e-001	
 -3.4326822e-001	
 -3.1184947e-001	
 -2.8028846e-001	
 -2.4859196e-001	
 -2.1676677e-001	
 -1.8481973e-001	
 -1.5275774e-001	
 -1.2058773e-001	
 -8.8316684e-002	
 -5.5951605e-002	
 -2.3499552e-002	
  9.0323854e-003	
  4.1637083e-002	
  7.4307381e-002	
  1.0703609e-001	
  1.3981598e-001	
  1.7263982e-001	
  2.0550031e-001	
  2.3839016e-001	
  2.7130204e-001	
  3.0422859e-001	
  3.3716245e-001	
  3.7009621e-001	
  4.0302248e-001	
  4.3593383e-001	
  4.6882281e-001	
  5.0168198e-001	
  5.3450386e-001	
  5.6728098e-001	
  6.0000587e-001	
  6.3267102e-001	
  6.6526895e-001	
  6.9779215e-001	
  7.3023314e-001	
  7.6258441e-001	
  7.9483847e-001	
  8.2698782e-001	
  8.5902497e-001	
  8.9094245e-001	
  9.2273279e-001	
  9.5438852e-001	
  9.8590219e-001	
  1.0172664e+000	
  1.0484737e+000	
  1.0795166e+000	
  1.1103879e+000	
  1.1410801e+000	
  1.1715859e+000	
  1.2018980e+000	
  1.2320091e+000	
  1.2619119e+000	
  1.2915993e+000	
  1.3210639e+000	
  1.3502987e+000	
  1.3792964e+000	
  1.4080501e+000	
  1.4365525e+000	
  1.4647968e+000	
  1.4927759e+000	
  1.5204829e+000	
  1.5479109e+000	
  1.5750531e+000	
  1.6019025e+000	
  1.6284526e+000	
  1.6546965e+000	
  1.6806277e+000	
  1.7062396e+000	
  1.7315255e+000	
  1.7564791e+000	
  1.7810938e+000	
  1.8053634e+000	
  1.8292816e+000	
  1.8528420e+000	
  1.8760386e+000	
  1.8988652e+000	
  1.9213158e+000	
  1.9433845e+000	
  1.9650652e+000	
  1.9863523e+000	
  2.0072399e+000	
  2.0277225e+000	
  2.0477943e+000	
  2.0674499e+000	
  2.0866838e+000	
  2.1054908e+000	
  2.1238654e+000	
  2.1418026e+000	
  2.1592972e+000	
  2.1763443e+000	
  2.1929388e+000	
  2.2090760e+000	
  2.2247510e+000	
  2.2399594e+000	
  2.2546964e+000	
  2.2689577e+000	
  2.2827388e+000	
  2.2960355e+000	
  2.3088437e+000	
  2.3211591e+000	
  2.3329780e+000	
  2.3442963e+000	
  2.3551104e+000	
  2.3654166e+000	
  2.3752112e+000	
  2.3844910e+000	
  2.3932524e+000	
  2.4014923e+000	
  2.4092076e+000	
  2.4163952e+000	
  2.4230522e+000	
  2.4291759e+000	
  2.4347635e+000	
  2.4398125e+000	
  2.4443205e+000	
  2.4482850e+000	
  2.4517040e+000	
  2.4545752e+000	
  2.4568967e+000	
  2.4586666e+000	
  2.4598832e+000	
  2.4605449e+000	
  2.4606501e+000	
  2.4601975e+000	
  2.4591858e+000	
  2.4576138e+000	
  2.4554806e+000	
  2.4527852e+000	
  2.4495270e+000	
  2.4457051e+000	
  2.4413192e+000	
  2.4363688e+000	
  2.4308537e+000	
  2.4247737e+000	
  2.4181288e+000	
  2.4109191e+000	
  2.4031449e+000	
  2.3948065e+000	
  2.3859045e+000	
  2.3764393e+000	
  2.3664119e+000	
  2.3558230e+000	
  2.3446737e+000	
  2.3329651e+000	
  2.3206985e+000	
  2.3078753e+000	
  2.2944969e+000	
  2.2805651e+000	
  2.2660816e+000	
  2.2510484e+000	
  2.2354674e+000	
  2.2193408e+000	
  2.2026710e+000	
  2.1854603e+000	
  2.1677113e+000	
  2.1494266e+000	
  2.1306091e+000	
  2.1112616e+000	
  2.0913873e+000	
  2.0709894e+000	
  2.0500710e+000	
  2.0286357e+000	
  2.0066870e+000	
  1.9842286e+000	
  1.9612643e+000	
  1.9377979e+000	
  1.9138337e+000	
  1.8893757e+000	
  1.8644282e+000	
  1.8389956e+000	
  1.8130825e+000	
  1.7866936e+000	
  1.7598335e+000	
  1.7325072e+000	
  1.7047197e+000	
  1.6764760e+000	
  1.6477815e+000	
  1.6186415e+000	
  1.5890615e+000	
  1.5590469e+000	
  1.5286036e+000	
  1.4977372e+000	
  1.4664538e+000	
  1.4347593e+000	
  1.4026599e+000	
  1.3701617e+000	
  1.3372711e+000	
  1.3039946e+000	
  1.2703386e+000	
  1.2363099e+000	
  1.2019151e+000	
  1.1671611e+000	
  1.1320549e+000	
  1.0966035e+000	
  1.0608139e+000	
  1.0246935e+000	
  9.8824948e-001	
  9.5148932e-001	
  9.1442050e-001	
  8.7705059e-001	
  8.3938727e-001	
  8.0143829e-001	
  7.6321147e-001	
  7.2471475e-001	
  6.8595612e-001	
  6.4694366e-001	
  6.0768551e-001	
  5.6818991e-001	
  5.2846516e-001	
  4.8851964e-001	
  4.4836179e-001	
  4.0800012e-001	
  3.6744321e-001	
  3.2669972e-001	
  2.8577833e-001	
  2.4468784e-001	
  2.0343705e-001	
  1.6203487e-001	
  1.2049023e-001	
  7.8812138e-002	
  3.7009632e-002	
 -4.9081849e-003	
 -4.6932166e-002	
 -8.9053117e-002	
 -1.3126180e-001	
 -1.7354893e-001	
 -2.1590520e-001	
 -2.5832123e-001	
 -3.0078764e-001	
 -3.4329499e-001	
 -3.8583383e-001	
 -4.2839465e-001	
 -4.7096794e-001	
 -5.1354415e-001	
 -5.5611371e-001	
 -5.9866703e-001	
 -6.4119448e-001	
 -6.8368645e-001	
 -7.2613327e-001	
 -7.6852530e-001	
 -8.1085286e-001	
 -8.5310627e-001	
 -8.9527583e-001	
 -9.3735187e-001	
 -9.7932467e-001	
 -1.0211846e+000	
 -1.0629218e+000	
 -1.1045268e+000	
 -1.1459897e+000	
 -1.1873010e+000	
 -1.2284509e+000	
 -1.2694299e+000	
 -1.3102282e+000	
 -1.3508362e+000	
 -1.3912444e+000	
 -1.4314431e+000	
 -1.4714229e+000	
 -1.5111741e+000	
 -1.5506873e+000	
 -1.5899529e+000	
 -1.6289616e+000	
 -1.6677040e+000	
 -1.7061706e+000	
 -1.7443521e+000	
 -1.7822393e+000	
 -1.8198229e+000	
 -1.8570937e+000	
 -1.8940426e+000	
 -1.9306604e+000	
 -1.9669380e+000	
 -2.0028666e+000	
 -2.0384371e+000	
 -2.0736407e+000	
 -2.1084686e+000	
 -2.1429119e+000	
 -2.1769621e+000	
 -2.2106104e+000	
 -2.2438483e+000	
 -2.2766674e+000	
 -2.3090592e+000	
 -2.3410153e+000	
 -2.3725276e+000	
 -2.4035879e+000	
 -2.4341880e+000	
 -2.4643199e+000	
 -2.4939757e+000	
 -2.5231477e+000	
 -2.5518279e+000	
 -2.5800088e+000	
 -2.6076827e+000	
 -2.6348423e+000	
 -2.6614802e+000	
 -2.6875890e+000	
 -2.7131617e+000	
 -2.7381910e+000	
 -2.7626702e+000	
 -2.7865923e+000	
 -2.8099505e+000	
 -2.8327383e+000	
 -2.8549490e+000	
 -2.8765764e+000	
 -2.8976141e+000	
 -2.9180559e+000	
 -2.9378957e+000	
 -2.9571277e+000	
 -2.9757460e+000	
 -2.9937448e+000	
 -3.0111188e+000	
 -3.0278623e+000	
 -3.0439701e+000	
 -3.0594370e+000	
 -3.0742580e+000	
 -3.0884282e+000	
 -3.1019426e+000	
 -3.1147969e+000	
 -3.1269863e+000	
 -3.1385065e+000	
 -3.1493533e+000	
 -3.1595227e+000	
 -3.1690106e+000	
 -3.1778133e+000	
 -3.1859271e+000	
 -3.1933485e+000	
 -3.2000741e+000	
 -3.2061007e+000	
 -3.2114253e+000	
 -3.2160449e+000	
 -3.2199568e+000	
 -3.2231583e+000	
 -3.2256470e+000	
 -3.2274206e+000	
 -3.2284770e+000	
 -3.2288141e+000	
 -3.2284301e+000	
 -3.2273234e+000	
 -3.2254924e+000	
 -3.2229358e+000	
 -3.2196523e+000	
 -3.2156409e+000	
 -3.2109008e+000	
 -3.2054313e+000	
 -3.1992317e+000	
 -3.1923018e+000	
 -3.1846412e+000	
 -3.1762499e+000	
 -3.1671280e+000	
 -3.1572758e+000	
 -3.1466938e+000	
 -3.1353824e+000	
 -3.1233426e+000	
 -3.1105751e+000	
 -3.0970812e+000	
 -3.0828620e+000	
 -3.0679190e+000	
 -3.0522539e+000	
 -3.0358683e+000	
 -3.0187642e+000	
 -3.0009436e+000	
 -2.9824090e+000	
 -2.9631626e+000	
 -2.9432071e+000	
 -2.9225452e+000	
 -2.9011799e+000	
 -2.8791143e+000	
 -2.8563516e+000	
 -2.8328952e+000	
 -2.8087488e+000	
 -2.7839160e+000	
 -2.7584008e+000	
 -2.7322074e+000	
 -2.7053398e+000	
 -2.6778026e+000	
 -2.6496003e+000	
 -2.6207376e+000	
 -2.5912194e+000	
 -2.5610508e+000	
 -2.5302369e+000	
 -2.4987832e+000	
 -2.4666951e+000	
 -2.4339784e+000	
 -2.4006388e+000	
 -2.3666824e+000	
 -2.3321152e+000	
 -2.2969437e+000	
 -2.2611742e+000	
 -2.2248133e+000	
 -2.1878678e+000	
 -2.1503446e+000	
 -2.1122507e+000	
 -2.0735933e+000	
 -2.0343798e+000	
 -1.9946175e+000	
 -1.9543142e+000	
 -1.9134776e+000	
 -1.8721155e+000	
 -1.8302361e+000	
 -1.7878474e+000	
 -1.7449578e+000	
 -1.7015757e+000	
 -1.6577098e+000	
 -1.6133686e+000	
 -1.5685610e+000	
 -1.5232960e+000	
 -1.4775826e+000	
 -1.4314301e+000	
 -1.3848478e+000	
 -1.3378451e+000	
 -1.2904315e+000	
 -1.2426168e+000	
 -1.1944108e+000	
 -1.1458233e+000	
 -1.0968643e+000	
 -1.0475440e+000	
 -9.9787255e-001	
 -9.4786035e-001	
 -8.9751780e-001	
 -8.4685542e-001	
 -7.9588386e-001	
 -7.4461382e-001	
 -6.9305613e-001	
 -6.4122168e-001	
 -5.8912149e-001	
 -5.3676662e-001	
 -4.8416825e-001	
 -4.3133762e-001	
 -3.7828606e-001	
 -3.2502497e-001	
 -2.7156584e-001	
 -2.1792021e-001	
 -1.6409970e-001	
 -1.1011600e-001	
 -5.5980874e-002	
 -1.7061259e-003	
  5.2696365e-002	
  1.0721467e-001	
  1.6183679e-001	
  2.1655069e-001	
  2.7134429e-001	
  3.2620544e-001	
  3.8112197e-001	
  4.3608165e-001	
  4.9107222e-001	
  5.4608138e-001	
  6.0109680e-001	
  6.5610611e-001	
  7.1109693e-001	
  7.6605683e-001	
  8.2097338e-001	
  8.7583412e-001	
  9.3062656e-001	
  9.8533822e-001	
  1.0399566e+000	
  1.0944692e+000	
  1.1488634e+000	
  1.2031268e+000	
  1.2572468e+000	
  1.3112110e+000	
  1.3650067e+000	
  1.4186215e+000	
  1.4720429e+000	
  1.5252584e+000	
  1.5782556e+000	
  1.6310219e+000	
  1.6835449e+000	
  1.7358124e+000	
  1.7878118e+000	
  1.8395308e+000	
  1.8909571e+000	
  1.9420785e+000	
  1.9928827e+000	
  2.0433575e+000	
  2.0934907e+000	
  2.1432704e+000	
  2.1926843e+000	
  2.2417205e+000	
  2.2903671e+000	
  2.3386122e+000	
  2.3864439e+000	
  2.4338506e+000	
  2.4808204e+000	
  2.5273418e+000	
  2.5734033e+000	
  2.6189933e+000	
  2.6641005e+000	
  2.7087136e+000	
  2.7528212e+000	
  2.7964124e+000	
  2.8394760e+000	
  2.8820010e+000	
  2.9239766e+000	
  2.9653920e+000	
  3.0062366e+000	
  3.0464997e+000	
  3.0861710e+000	
  3.1252400e+000	
  3.1636965e+000	
  3.2015304e+000	
  3.2387316e+000	
  3.2752903e+000	
  3.3111967e+000	
  3.3464410e+000	
  3.3810138e+000	
  3.4149057e+000	
  3.4481074e+000	
  3.4806098e+000	
  3.5124037e+000	
  3.5434805e+000	
  3.5738312e+000	
  3.6034474e+000	
  3.6323206e+000	
  3.6604425e+000	
  3.6878050e+000	
  3.7144000e+000	
  3.7402197e+000	
  3.7652563e+000	
  3.7895025e+000	
  3.8129507e+000	
  3.8355938e+000	
  3.8574247e+000	
  3.8784366e+000	
  3.8986226e+000	
  3.9179763e+000	
  3.9364913e+000	
  3.9541614e+000	
  3.9709805e+000	
  3.9869427e+000	
  4.0020425e+000	
  4.0162742e+000	
  4.0296327e+000	
  4.0421126e+000	
  4.0537092e+000	
  4.0644176e+000	
  4.0742332e+000	
  4.0831518e+000	
  4.0911689e+000	
  4.0982808e+000	
  4.1044835e+000	
  4.1097734e+000	
  4.1141472e+000	
  4.1176015e+000	
  4.1201335e+000	
  4.1217401e+000	
  4.1224189e+000	
  4.1221674e+000	
  4.1209834e+000	
  4.1188649e+000	
  4.1158100e+000	
  4.1118172e+000	
  4.1068850e+000	
  4.1010123e+000	
  4.0941982e+000	
  4.0864417e+000	
  4.0777424e+000	
  4.0680999e+000	
  4.0575141e+000	
  4.0459850e+000	
  4.0335129e+000	
  4.0200984e+000	
  4.0057421e+000	
  3.9904449e+000	
  3.9742081e+000	
  3.9570328e+000	
  3.9389208e+000	
  3.9198738e+000	
  3.8998937e+000	
  3.8789828e+000	
  3.8571435e+000	
  3.8343785e+000	
  3.8106905e+000	
  3.7860827e+000	
  3.7605584e+000	
  3.7341209e+000	
  3.7067741e+000	
  3.6785219e+000	
  3.6493684e+000	
  3.6193179e+000	
  3.5883750e+000	
  3.5565444e+000	
  3.5238312e+000	
  3.4902406e+000	
  3.4557779e+000	
  3.4204488e+000	
  3.3842591e+000	
  3.3472147e+000	
  3.3093220e+000	
  3.2705874e+000	
  3.2310176e+000	
  3.1906193e+000	
  3.1493997e+000	
  3.1073659e+000	
  3.0645255e+000	
  3.0208861e+000	
  2.9764556e+000	
  2.9312420e+000	
  2.8852535e+000	
  2.8384987e+000	
  2.7909861e+000	
  2.7427245e+000	
  2.6937231e+000	
  2.6439909e+000	
  2.5935374e+000	
  2.5423722e+000	
  2.4905050e+000	
  2.4379457e+000	
  2.3847045e+000	
  2.3307918e+000	
  2.2762179e+000	
  2.2209935e+000	
  2.1651294e+000	
  2.1086367e+000	
  2.0515265e+000	
  1.9938102e+000	
  1.9354991e+000	
  1.8766051e+000	
  1.8171398e+000	
  1.7571153e+000	
  1.6965437e+000	
  1.6354373e+000	
  1.5738086e+000	
  1.5116700e+000	
  1.4490343e+000	
  1.3859144e+000	
  1.3223234e+000	
  1.2582743e+000	
  1.1937804e+000	
  1.1288551e+000	
  1.0635121e+000	
  9.9776489e-001	
  9.3162737e-001	
  8.6511344e-001	
  7.9823713e-001	
  7.3101259e-001	
  6.6345409e-001	
  5.9557602e-001	
  5.2739285e-001	
  4.5891918e-001	
  3.9016969e-001	
  3.2115917e-001	
  2.5190252e-001	
  1.8241470e-001	
  1.1271078e-001	
  4.2805901e-002	
 -2.7284691e-002	
 -9.7545689e-002	
 -1.6796171e-001	
 -2.3851728e-001	
 -3.0919688e-001	
 -3.7998491e-001	
 -4.5086571e-001	
 -5.2182356e-001	
 -5.9284269e-001	
 -6.6390728e-001	
 -7.3500143e-001	
 -8.0610924e-001	
 -8.7721473e-001	
 -9.4830191e-001	
 -1.0193547e+000	
 -1.0903571e+000	
 -1.1612930e+000	
 -1.2321462e+000	
 -1.3029007e+000	
 -1.3735402e+000	
 -1.4440485e+000	
 -1.5144096e+000	
 -1.5846071e+000	
 -1.6546250e+000	
 -1.7244469e+000	
 -1.7940568e+000	
 -1.8634384e+000	
 -1.9325755e+000	
 -2.0014520e+000	
 -2.0700519e+000	
 -2.1383588e+000	
 -2.2063569e+000	
 -2.2740299e+000	
 -2.3413619e+000	
 -2.4083369e+000	
 -2.4749389e+000	
 -2.5411521e+000	
 -2.6069606e+000	
 -2.6723486e+000	
 -2.7373003e+000	
 -2.8018000e+000	
 -2.8658322e+000	
 -2.9293813e+000	
 -2.9924317e+000	
 -3.0549682e+000	
 -3.1169753e+000	
 -3.1784377e+000	
 -3.2393404e+000	
 -3.2996683e+000	
 -3.3594063e+000	
 -3.4185395e+000	
 -3.4770533e+000	
 -3.5349328e+000	
 -3.5921636e+000	
 -3.6487311e+000	
 -3.7046209e+000	
 -3.7598190e+000	
 -3.8143110e+000	
 -3.8680830e+000	
 -3.9211212e+000	
 -3.9734119e+000	
 -4.0249413e+000	
 -4.0756961e+000	
 -4.1256630e+000	
 -4.1748286e+000	
 -4.2231802e+000	
 -4.2707046e+000	
 -4.3173893e+000	
 -4.3632216e+000	
 -4.4081892e+000	
 -4.4522798e+000	
 -4.4954813e+000	
 -4.5377818e+000	
 -4.5791697e+000	
 -4.6196333e+000	
 -4.6591612e+000	
 -4.6977424e+000	
 -4.7353657e+000	
 -4.7720204e+000	
 -4.8076958e+000	
 -4.8423815e+000	
 -4.8760673e+000	
 -4.9087431e+000	
 -4.9403992e+000	
 -4.9710258e+000	
 -5.0006136e+000	
 -5.0291533e+000	
 -5.0566361e+000	
 -5.0830530e+000	
 -5.1083955e+000	
 -5.1326554e+000	
 -5.1558244e+000	
 -5.1778948e+000	
 -5.1988588e+000	
 -5.2187090e+000	
 -5.2374382e+000	
 -5.2550394e+000	
 -5.2715060e+000	
 -5.2868315e+000	
 -5.3010095e+000	
 -5.3140341e+000	
 -5.3258996e+000	
 -5.3366004e+000	
 -5.3461313e+000	
 -5.3544873e+000	
 -5.3616636e+000	
 -5.3676557e+000	
 -5.3724593e+000	
 -5.3760705e+000	
 -5.3784856e+000	
 -5.3797011e+000	
 -5.3797137e+000	
 -5.3785205e+000	
 -5.3761189e+000	
 -5.3725064e+000	
 -5.3676810e+000	
 -5.3616406e+000	
 -5.3543837e+000	
 -5.3459090e+000	
 -5.3362154e+000	
 -5.3253020e+000	
 -5.3131685e+000	
 -5.2998145e+000	
 -5.2852400e+000	
 -5.2694454e+000	
 -5.2524312e+000	
 -5.2341983e+000	
 -5.2147479e+000	
 -5.1940813e+000	
 -5.1722001e+000	
 -5.1491065e+000	
 -5.1248026e+000	
 -5.0992910e+000	
 -5.0725744e+000	
 -5.0446559e+000	
 -5.0155389e+000	
 -4.9852270e+000	
 -4.9537242e+000	
 -4.9210346e+000	
 -4.8871627e+000	
 -4.8521132e+000	
 -4.8158913e+000	
 -4.7785021e+000	
 -4.7399513e+000	
 -4.7002447e+000	
 -4.6593885e+000	
 -4.6173890e+000	
 -4.5742529e+000	
 -4.5299873e+000	
 -4.4845993e+000	
 -4.4380963e+000	
 -4.3904863e+000	
 -4.3417772e+000	
 -4.2919773e+000	
 -4.2410952e+000	
 -4.1891397e+000	
 -4.1361199e+000	
 -4.0820453e+000	
 -4.0269253e+000	
 -3.9707700e+000	
 -3.9135893e+000	
 -3.8553938e+000	
 -3.7961941e+000	
 -3.7360011e+000	
 -3.6748259e+000	
 -3.6126800e+000	
 -3.5495750e+000	
 -3.4855228e+000	
 -3.4205355e+000	
 -3.3546255e+000	
 -3.2878055e+000	
 -3.2200883e+000	
 -3.1514870e+000	
 -3.0820149e+000	
 -3.0116855e+000	
 -2.9405127e+000	
 -2.8685105e+000	
 -2.7956930e+000	
 -2.7220747e+000	
 -2.6476703e+000	
 -2.5724947e+000	
 -2.4965628e+000	
 -2.4198901e+000	
 -2.3424920e+000	
 -2.2643841e+000	
 -2.1855825e+000	
 -2.1061032e+000	
 -2.0259624e+000	
 -1.9451766e+000	
 -1.8637626e+000	
 -1.7817371e+000	
 -1.6991171e+000	
 -1.6159198e+000	
 -1.5321626e+000	
 -1.4478631e+000	
 -1.3630389e+000	
 -1.2777078e+000	
 -1.1918880e+000	
 -1.1055975e+000	
 -1.0188547e+000	
 -9.3167797e-001	
 -8.4408602e-001	
 -7.5609755e-001	
 -6.6773144e-001	
 -5.7900670e-001	
 -4.8994245e-001	
 -4.0055795e-001	
 -3.1087258e-001	
 -2.2090581e-001	
 -1.3067726e-001	
 -4.0206605e-002	
  5.0486338e-002	
  1.4138167e-001	
  2.3245941e-001	
  3.2369947e-001	
  4.1508169e-001	
  5.0658583e-001	
  5.9819157e-001	
  6.8987851e-001	
  7.8162622e-001	
  8.7341418e-001	
  9.6522180e-001	
  1.0570285e+000	
  1.1488135e+000	
  1.2405562e+000	
  1.3322358e+000	
  1.4238316e+000	
  1.5153226e+000	
  1.6066881e+000	
  1.6979072e+000	
  1.7889590e+000	
  1.8798227e+000	
  1.9704772e+000	
  2.0609019e+000	
  2.1510756e+000	
  2.2409777e+000	
  2.3305871e+000	
  2.4198831e+000	
  2.5088448e+000	
  2.5974513e+000	
  2.6856821e+000	
  2.7735162e+000	
  2.8609330e+000	
  2.9479118e+000	
  3.0344321e+000	
  3.1204733e+000	
  3.2060150e+000	
  3.2910366e+000	
  3.3755178e+000	
  3.4594385e+000	
  3.5427783e+000	
  3.6255172e+000	
  3.7076351e+000	
  3.7891120e+000	
  3.8699283e+000	
  3.9500640e+000	
  4.0294997e+000	
  4.1082157e+000	
  4.1861927e+000	
  4.2634113e+000	
  4.3398525e+000	
  4.4154971e+000	
  4.4903264e+000	
  4.5643215e+000	
  4.6374637e+000	
  4.7097348e+000	
  4.7811162e+000	
  4.8515899e+000	
  4.9211378e+000	
  4.9897421e+000	
  5.0573852e+000	
  5.1240495e+000	
  5.1897177e+000	
  5.2543727e+000	
  5.3179975e+000	
  5.3805754e+000	
  5.4420897e+000	
  5.5025241e+000	
  5.5618624e+000	
  5.6200888e+000	
  5.6771873e+000	
  5.7331424e+000	
  5.7879389e+000	
  5.8415616e+000	
  5.8939957e+000	
  5.9452265e+000	
  5.9952396e+000	
  6.0440208e+000	
  6.0915561e+000	
  6.1378320e+000	
  6.1828349e+000	
  6.2265517e+000	
  6.2689694e+000	
  6.3100753e+000	
  6.3498570e+000	
  6.3883025e+000	
  6.4253997e+000	
  6.4611371e+000	
  6.4955034e+000	
  6.5284875e+000	
  6.5600787e+000	
  6.5902664e+000	
  6.6190405e+000	
  6.6463911e+000	
  6.6723085e+000	
  6.6967835e+000	
  6.7198070e+000	
  6.7413703e+000	
  6.7614651e+000	
  6.7800832e+000	
  6.7972168e+000	
  6.8128585e+000	
  6.8270012e+000	
  6.8396379e+000	
  6.8507622e+000	
  6.8603679e+000	
  6.8684491e+000	
  6.8750003e+000	
  6.8800163e+000	
  6.8834922e+000	
  6.8854234e+000	
  6.8858058e+000	
  6.8846354e+000	
  6.8819088e+000	
  6.8776227e+000	
  6.8717743e+000	
  6.8643611e+000	
  6.8553809e+000	
  6.8448319e+000	
  6.8327127e+000	
  6.8190221e+000	
  6.8037593e+000	
  6.7869240e+000	
  6.7685160e+000	
  6.7485357e+000	
  6.7269837e+000	
  6.7038609e+000	
  6.6791688e+000	
  6.6529091e+000	
  6.6250837e+000	
  6.5956952e+000	
  6.5647463e+000	
  6.5322401e+000	
  6.4981801e+000	
  6.4625702e+000	
  6.4254146e+000	
  6.3867178e+000	
  6.3464847e+000	
  6.3047207e+000	
  6.2614314e+000	
  6.2166227e+000	
  6.1703010e+000	
  6.1224730e+000	
  6.0731459e+000	
  6.0223268e+000	
  5.9700238e+000	
  5.9162448e+000	
  5.8609983e+000	
  5.8042932e+000	
  5.7461386e+000	
  5.6865440e+000	
  5.6255194e+000	
  5.5630748e+000	
  5.4992210e+000	
  5.4339687e+000	
  5.3673292e+000	
  5.2993142e+000	
  5.2299354e+000	
  5.1592052e+000	
  5.0871361e+000	
  5.0137411e+000	
  4.9390334e+000	
  4.8630266e+000	
  4.7857346e+000	
  4.7071716e+000	
  4.6273522e+000	
  4.5462912e+000	
  4.4640038e+000	
  4.3805055e+000	
  4.2958121e+000	
  4.2099397e+000	
  4.1229048e+000	
  4.0347240e+000	
  3.9454143e+000	
  3.8549932e+000	
  3.7634781e+000	
  3.6708870e+000	
  3.5772381e+000	
  3.4825497e+000	
  3.3868408e+000	
  3.2901302e+000	
  3.1924373e+000	
  3.0937816e+000	
  2.9941830e+000	
  2.8936615e+000	
  2.7922375e+000	
  2.6899316e+000	
  2.5867646e+000	
  2.4827576e+000	
  2.3779319e+000	
  2.2723092e+000	
  2.1659111e+000	
  2.0587598e+000	
  1.9508774e+000	
  1.8422866e+000	
  1.7330098e+000	
  1.6230701e+000	
  1.5124905e+000	
  1.4012943e+000	
  1.2895051e+000	
  1.1771465e+000	
  1.0642424e+000	
  9.5081680e-001	
  8.3689403e-001	
  7.2249845e-001	
  6.0765463e-001	
  4.9238730e-001	
  3.7672137e-001	
  2.6068186e-001	
  1.4429396e-001	
  2.7583002e-002	
 -8.9425553e-002	
 -2.0670611e-001	
 -3.2423297e-001	
 -4.4198028e-001	
 -5.5992209e-001	
 -6.7803236e-001	
 -7.9628492e-001	
 -9.1465353e-001	
 -1.0331118e+000	
 -1.1516334e+000	
 -1.2701917e+000	
 -1.3887602e+000	
 -1.5073122e+000	
 -1.6258210e+000	
 -1.7442599e+000	
 -1.8626019e+000	
 -1.9808204e+000	
 -2.0988882e+000	
 -2.2167786e+000	
 -2.3344646e+000	
 -2.4519191e+000	
 -2.5691152e+000	
 -2.6860258e+000	
 -2.8026241e+000	
 -2.9188829e+000	
 -3.0347752e+000	
 -3.1502742e+000	
 -3.2653528e+000	
 -3.3799841e+000	
 -3.4941412e+000	
 -3.6077972e+000	
 -3.7209255e+000	
 -3.8334991e+000	
 -3.9454915e+000	
 -4.0568759e+000	
 -4.1676258e+000	
 -4.2777148e+000	
 -4.3871164e+000	
 -4.4958044e+000	
 -4.6037525e+000	
 -4.7109346e+000	
 -4.8173247e+000	
 -4.9228969e+000	
 -5.0276255e+000	
 -5.1314847e+000	
 -5.2344492e+000	
 -5.3364936e+000	
 -5.4375925e+000	
 -5.5377210e+000	
 -5.6368541e+000	
 -5.7349670e+000	
 -5.8320352e+000	
 -5.9280343e+000	
 -6.0229400e+000	
 -6.1167283e+000	
 -6.2093753e+000	
 -6.3008573e+000	
 -6.3911511e+000	
 -6.4802331e+000	
 -6.5680806e+000	
 -6.6546706e+000	
 -6.7399805e+000	
 -6.8239881e+000	
 -6.9066712e+000	
 -6.9880080e+000	
 -7.0679768e+000	
 -7.1465563e+000	
 -7.2237254e+000	
 -7.2994632e+000	
 -7.3737492e+000	
 -7.4465632e+000	
 -7.5178850e+000	
 -7.5876950e+000	
 -7.6559738e+000	
 -7.7227022e+000	
 -7.7878614e+000	
 -7.8514329e+000	
 -7.9133984e+000	
 -7.9737402e+000	
 -8.0324405e+000	
 -8.0894823e+000	
 -8.1448485e+000	
 -8.1985225e+000	
 -8.2504883e+000	
 -8.3007298e+000	
 -8.3492315e+000	
 -8.3959782e+000	
 -8.4409552e+000	
 -8.4841479e+000	
 -8.5255423e+000	
 -8.5651245e+000	
 -8.6028813e+000	
 -8.6387997e+000	
 -8.6728671e+000	
 -8.7050713e+000	
 -8.7354004e+000	
 -8.7638430e+000	
 -8.7903882e+000	
 -8.8150253e+000	
 -8.8377440e+000	
 -8.8585345e+000	
 -8.8773875e+000	
 -8.8942940e+000	
 -8.9092454e+000	
 -8.9222334e+000	
 -8.9332505e+000	
 -8.9422893e+000	
 -8.9493429e+000	
 -8.9544048e+000	
 -8.9574692e+000	
 -8.9585303e+000	
 -8.9575830e+000	
 -8.9546227e+000	
 -8.9496451e+000	
 -8.9426464e+000	
 -8.9336232e+000	
 -8.9225727e+000	
 -8.9094922e+000	
 -8.8943800e+000	
 -8.8772343e+000	
 -8.8580541e+000	
 -8.8368387e+000	
 -8.8135880e+000	
 -8.7883023e+000	
 -8.7609822e+000	
 -8.7316290e+000	
 -8.7002443e+000	
 -8.6668302e+000	
 -8.6313894e+000	
 -8.5939249e+000	
 -8.5544402e+000	
 -8.5129393e+000	
 -8.4694266e+000	
 -8.4239071e+000	
 -8.3763862e+000	
 -8.3268697e+000	
 -8.2753638e+000	
 -8.2218755e+000	
 -8.1664119e+000	
 -8.1089808e+000	
 -8.0495904e+000	
 -7.9882492e+000	
 -7.9249664e+000	
 -7.8597517e+000	
 -7.7926149e+000	
 -7.7235666e+000	
 -7.6526178e+000	
 -7.5797799e+000	
 -7.5050648e+000	
 -7.4284847e+000	
 -7.3500526e+000	
 -7.2697815e+000	
 -7.1876853e+000	
 -7.1037780e+000	
 -7.0180742e+000	
 -6.9305890e+000	
 -6.8413379e+000	
 -6.7503367e+000	
 -6.6576019e+000	
 -6.5631502e+000	
 -6.4669988e+000	
 -6.3691655e+000	
 -6.2696683e+000	
 -6.1685257e+000	
 -6.0657567e+000	
 -5.9613806e+000	
 -5.8554173e+000	
 -5.7478868e+000	
 -5.6388099e+000	
 -5.5282075e+000	
 -5.4161010e+000	
 -5.3025123e+000	
 -5.1874636e+000	
 -5.0709774e+000	
 -4.9530767e+000	
 -4.8337851e+000	
 -4.7131261e+000	
 -4.5911239e+000	
 -4.4678031e+000	
 -4.3431885e+000	
 -4.2173054e+000	
 -4.0901793e+000	
 -3.9618362e+000	
 -3.8323024e+000	
 -3.7016046e+000	
 -3.5697697e+000	
 -3.4368250e+000	
 -3.3027983e+000	
 -3.1677174e+000	
 -3.0316106e+000	
 -2.8945066e+000	
 -2.7564343e+000	
 -2.6174228e+000	
 -2.4775018e+000	
 -2.3367009e+000	
 -2.1950502e+000	
 -2.0525801e+000	
 -1.9093213e+000	
 -1.7653046e+000	
 -1.6205612e+000	
 -1.4751224e+000	
 -1.3290199e+000	
 -1.1822856e+000	
 -1.0349516e+000	
 -8.8705028e-001	
 -7.3861410e-001	
 -5.8967584e-001	
 -4.4026848e-001	
 -2.9042516e-001	
 -1.4017921e-001	
  1.0435847e-002	
  1.6138634e-001	
  3.1263842e-001	
  4.6415811e-001	
  6.1591125e-001	
  7.6786358e-001	
  9.1998070e-001	
  1.0722281e+000	
  1.2245712e+000	
  1.3769751e+000	
  1.5294052e+000	
  1.6818265e+000	
  1.8342041e+000	
  1.9865029e+000	
  2.1386879e+000	
  2.2907239e+000	
  2.4425759e+000	
  2.5942085e+000	
  2.7455867e+000	
  2.8966752e+000	
  3.0474388e+000	
  3.1978425e+000	
  3.3478511e+000	
  3.4974294e+000	
  3.6465425e+000	
  3.7951553e+000	
  3.9432329e+000	
  4.0907405e+000	
  4.2376433e+000	
  4.3839066e+000	
  4.5294959e+000	
  4.6743768e+000	
  4.8185149e+000	
  4.9618761e+000	
  5.1044262e+000	
  5.2461315e+000	
  5.3869581e+000	
  5.5268725e+000	
  5.6658414e+000	
  5.8038314e+000	
  5.9408097e+000	
  6.0767433e+000	
  6.2115996e+000	
  6.3453463e+000	
  6.4779511e+000	
  6.6093821e+000	
  6.7396075e+000	
  6.8685958e+000	
  6.9963158e+000	
  7.1227363e+000	
  7.2478267e+000	
  7.3715565e+000	
  7.4938952e+000	
  7.6148131e+000	
  7.7342802e+000	
  7.8522672e+000	
  7.9687449e+000	
  8.0836844e+000	
  8.1970569e+000	
  8.3088343e+000	
  8.4189884e+000	
  8.5274915e+000	
  8.6343161e+000	
  8.7394352e+000	
  8.8428217e+000	
  8.9444493e+000	
  9.0442916e+000	
  9.1423228e+000	
  9.2385173e+000	
  9.3328499e+000	
  9.4252956e+000	
  9.5158298e+000	
  9.6044284e+000	
  9.6910673e+000	
  9.7757231e+000	
  9.8583727e+000	
  9.9389931e+000	
  1.0017562e+001	
  1.0094057e+001	
  1.0168457e+001	
  1.0240740e+001	
  1.0310886e+001	
  1.0378873e+001	
  1.0444683e+001	
  1.0508294e+001	
  1.0569689e+001	
  1.0628847e+001	
  1.0685751e+001	
  1.0740383e+001	
  1.0792725e+001	
  1.0842759e+001	
  1.0890470e+001	
  1.0935841e+001	
  1.0978857e+001	
  1.1019501e+001	
  1.1057760e+001	
  1.1093620e+001	
  1.1127065e+001	
  1.1158084e+001	
  1.1186663e+001	
  1.1212790e+001	
  1.1236453e+001	
  1.1257641e+001	
  1.1276343e+001	
  1.1292549e+001	
  1.1306250e+001	
  1.1317435e+001	
  1.1326097e+001	
  1.1332228e+001	
  1.1335819e+001	
  1.1336864e+001	
  1.1335357e+001	
  1.1331291e+001	
  1.1324661e+001	
  1.1315463e+001	
  1.1303692e+001	
  1.1289345e+001	
  1.1272418e+001	
  1.1252909e+001	
  1.1230816e+001	
  1.1206137e+001	
  1.1178873e+001	
  1.1149022e+001	
  1.1116585e+001	
  1.1081564e+001	
  1.1043958e+001	
  1.1003772e+001	
  1.0961007e+001	
  1.0915666e+001	
  1.0867754e+001	
  1.0817275e+001	
  1.0764234e+001	
  1.0708636e+001	
  1.0650489e+001	
  1.0589798e+001	
  1.0526571e+001	
  1.0460816e+001	
  1.0392542e+001	
  1.0321757e+001	
  1.0248472e+001	
  1.0172697e+001	
  1.0094443e+001	
  1.0013721e+001	
  9.9305428e+000	
  9.8449221e+000	
  9.7568717e+000	
  9.6664053e+000	
  9.5735375e+000	
  9.4782831e+000	
  9.3806577e+000	
  9.2806774e+000	
  9.1783590e+000	
  9.0737197e+000	
  8.9667772e+000	
  8.8575501e+000	
  8.7460571e+000	
  8.6323179e+000	
  8.5163525e+000	
  8.3981814e+000	
  8.2778259e+000	
  8.1553076e+000	
  8.0306487e+000	
  7.9038721e+000	
  7.7750009e+000	
  7.6440592e+000	
  7.5110711e+000	
  7.3760615e+000	
  7.2390559e+000	
  7.1000802e+000	
  6.9591608e+000	
  6.8163245e+000	
  6.6715988e+000	
  6.5250115e+000	
  6.3765912e+000	
  6.2263665e+000	
  6.0743670e+000	
  5.9206223e+000	
  5.7651628e+000	
  5.6080193e+000	
  5.4492229e+000	
  5.2888052e+000	
  5.1267985e+000	
  4.9632351e+000	
  4.7981480e+000	
  4.6315707e+000	
  4.4635370e+000	
  4.2940810e+000	
  4.1232373e+000	
  3.9510410e+000	
  3.7775275e+000	
  3.6027325e+000	
  3.4266923e+000	
  3.2494433e+000	
  3.0710224e+000	
  2.8914670e+000	
  2.7108146e+000	
  2.5291031e+000	
  2.3463708e+000	
  2.1626563e+000	
  1.9779985e+000	
  1.7924367e+000	
  1.6060103e+000	
  1.4187591e+000	
  1.2307233e+000	
  1.0419432e+000	
  8.5245940e-001	
  6.6231288e-001	
  4.7154475e-001	
  2.8019639e-001	
  8.8309427e-002	
 -1.0407430e-001	
 -2.9691273e-001	
 -4.9016361e-001	
 -6.8378446e-001	
 -8.7773265e-001	
 -1.0719653e+000	
 -1.2664395e+000	
 -1.4611121e+000	
 -1.6559396e+000	
 -1.8508788e+000	
 -2.0458860e+000	
 -2.2409174e+000	
 -2.4359294e+000	
 -2.6308778e+000	
 -2.8257188e+000	
 -3.0204083e+000	
 -3.2149020e+000	
 -3.4091557e+000	
 -3.6031251e+000	
 -3.7967659e+000	
 -3.9900336e+000	
 -4.1828840e+000	
 -4.3752725e+000	
 -4.5671547e+000	
 -4.7584863e+000	
 -4.9492228e+000	
 -5.1393198e+000	
 -5.3287329e+000	
 -5.5174180e+000	
 -5.7053307e+000	
 -5.8924268e+000	
 -6.0786622e+000	
 -6.2639929e+000	
 -6.4483750e+000	
 -6.6317647e+000	
 -6.8141182e+000	
 -6.9953919e+000	
 -7.1755424e+000	
 -7.3545264e+000	
 -7.5323008e+000	
 -7.7088225e+000	
 -7.8840488e+000	
 -8.0579370e+000	
 -8.2304447e+000	
 -8.4015297e+000	
 -8.5711500e+000	
 -8.7392637e+000	
 -8.9058295e+000	
 -9.0708059e+000	
 -9.2341519e+000	
 -9.3958268e+000	
 -9.5557901e+000	
 -9.7140015e+000	
 -9.8704211e+000	
 -1.0025009e+001	
 -1.0177727e+001	
 -1.0328535e+001	
 -1.0477394e+001	
 -1.0624267e+001	
 -1.0769116e+001	
 -1.0911902e+001	
 -1.1052589e+001	
 -1.1191140e+001	
 -1.1327518e+001	
 -1.1461687e+001	
 -1.1593612e+001	
 -1.1723258e+001	
 -1.1850589e+001	
 -1.1975572e+001	
 -1.2098172e+001	
 -1.2218357e+001	
 -1.2336092e+001	
 -1.2451345e+001	
 -1.2564086e+001	
 -1.2674281e+001	
 -1.2781899e+001	
 -1.2886911e+001	
 -1.2989286e+001	
 -1.3088995e+001	
 -1.3186009e+001	
 -1.3280298e+001	
 -1.3371836e+001	
 -1.3460595e+001	
 -1.3546548e+001	
 -1.3629669e+001	
 -1.3709932e+001	
 -1.3787312e+001	
 -1.3861785e+001	
 -1.3933326e+001	
 -1.4001913e+001	
 -1.4067522e+001	
 -1.4130132e+001	
 -1.4189721e+001	
 -1.4246269e+001	
 -1.4299754e+001	
 -1.4350158e+001	
 -1.4397462e+001	
 -1.4441647e+001	
 -1.4482696e+001	
 -1.4520591e+001	
 -1.4555317e+001	
 -1.4586858e+001	
 -1.4615200e+001	
 -1.4640327e+001	
 -1.4662226e+001	
 -1.4680885e+001	
 -1.4696291e+001	
 -1.4708433e+001	
 -1.4717301e+001	
 -1.4722883e+001	
 -1.4725171e+001	
 -1.4724157e+001	
 -1.4719832e+001	
 -1.4712190e+001	
 -1.4701223e+001	
 -1.4686927e+001	
 -1.4669296e+001	
 -1.4648326e+001	
 -1.4624015e+001	
 -1.4596358e+001	
 -1.4565355e+001	
 -1.4531004e+001	
 -1.4493304e+001	
 -1.4452257e+001	
 -1.4407863e+001	
 -1.4360123e+001	
 -1.4309042e+001	
 -1.4254622e+001	
 -1.4196866e+001	
 -1.4135782e+001	
 -1.4071373e+001	
 -1.4003647e+001	
 -1.3932610e+001	
 -1.3858271e+001	
 -1.3780639e+001	
 -1.3699723e+001	
 -1.3615534e+001	
 -1.3528083e+001	
 -1.3437381e+001	
 -1.3343442e+001	
 -1.3246278e+001	
 -1.3145905e+001	
 -1.3042337e+001	
 -1.2935591e+001	
 -1.2825682e+001	
 -1.2712628e+001	
 -1.2596447e+001	
 -1.2477159e+001	
 -1.2354783e+001	
 -1.2229340e+001	
 -1.2100850e+001	
 -1.1969337e+001	
 -1.1834822e+001	
 -1.1697330e+001	
 -1.1556885e+001	
 -1.1413512e+001	
 -1.1267237e+001	
 -1.1118088e+001	
 -1.0966091e+001	
 -1.0811275e+001	
 -1.0653670e+001	
 -1.0493304e+001	
 -1.0330210e+001	
 -1.0164419e+001	
 -9.9959626e+000	
 -9.8248747e+000	
 -9.6511893e+000	
 -9.4749412e+000	
 -9.2961663e+000	
 -9.1149011e+000	
 -8.9311832e+000	
 -8.7450509e+000	
 -8.5565435e+000	
 -8.3657012e+000	
 -8.1725652e+000	
 -7.9771775e+000	
 -7.7795814e+000	
 -7.5798208e+000	
 -7.3779410e+000	
 -7.1739883e+000	
 -6.9680101e+000	
 -6.7600549e+000	
 -6.5501727e+000	
 -6.3384145e+000	
 -6.1248328e+000	
 -5.9094815e+000	
 -5.6924161e+000	
 -5.4736936e+000	
 -5.2533727e+000	
 -5.0315140e+000	
 -4.8081797e+000	
 -4.5834346e+000	
 -4.3573451e+000	
 -4.1299805e+000	
 -3.9014121e+000	
 -3.6717144e+000	
 -3.4409643e+000	
 -3.2092423e+000	
 -2.9766319e+000	
 -2.7432204e+000	
 -2.5090989e+000	
 -2.2743628e+000	
 -2.0391117e+000	
 -1.8034502e+000	
 -1.5674881e+000	
 -1.3313404e+000	
 -1.0951281e+000	
 -8.5897837e-001	
 -6.2302489e-001	
 -3.8740821e-001	
 -1.5227609e-001	
  8.2216181e-002	
  3.1590557e-001	
  5.4862105e-001	
  7.8018349e-001	
  1.0104056e+000	
  1.2390920e+000	
  1.4660393e+000	
  1.6910367e+000	
  1.9138663e+000	
  2.1343039e+000	
  2.3521196e+000	
  2.5670798e+000	
  2.7789477e+000	
  2.9874855e+000	
  3.1924562e+000	
  3.3936260e+000	
  3.5907662e+000	
  3.7836562e+000	
  3.9720863e+000	
  4.1558600e+000	
  4.3347973e+000	
  4.5087371e+000	
  4.6775398e+000	
  4.8410893e+000	
  4.9992954e+000	
  5.1520942e+000	
  5.2994500e+000	
  5.4413549e+000	
  5.5778286e+000	
  5.7089174e+000	
  5.8346931e+000	
  5.9552505e+000	
  6.0707051e+000	
  6.1811906e+000	
  6.2868555e+000	
  6.3878605e+000	
  6.4843749e+000	
  6.5765736e+000	
  6.6646347e+000	
  6.7487364e+000	
  6.8290547e+000	
  6.9057617e+000	
  6.9790233e+000	
  7.0489984e+000	
  7.1158377e+000	
  7.1796824e+000	
  7.2406646e+000	
  7.2989063e+000	
  7.3545198e+000	
  7.4076073e+000	
  7.4582620e+000	
  7.5065674e+000	
  7.5525986e+000	
  7.5964226e+000	
  7.6380983e+000	
  7.6776780e+000	
  7.7152071e+000	
  7.7507251e+000	
  7.7842662e+000	
  7.8158595e+000	
  7.8455299e+000	
  7.8732982e+000	
  7.8991817e+000	
  7.9231948e+000	
  7.9453491e+000	
  7.9656538e+000	
  7.9841160e+000	
  8.0007412e+000	
  8.0155334e+000	
  8.0284951e+000	
  8.0396281e+000	
  8.0489330e+000	
  8.0564099e+000	
  8.0620582e+000	
  8.0658770e+000	
  8.0678651e+000	
  8.0680209e+000	
  8.0663429e+000	
  8.0628294e+000	
  8.0574787e+000	
  8.0502893e+000	
  8.0412598e+000	
  8.0303889e+000	
  8.0176755e+000	
  8.0031188e+000	
  7.9867183e+000	
  7.9684738e+000	
  7.9483852e+000	
  7.9264530e+000	
  7.9026779e+000	
  7.8770611e+000	
  7.8496038e+000	
  7.8203081e+000	
  7.7891761e+000	
  7.7562104e+000	
  7.7214141e+000	
  7.6847905e+000	
  7.6463435e+000	
  7.6060773e+000	
  7.5639965e+000	
  7.5201062e+000	
  7.4744117e+000	
  7.4269190e+000	
  7.3776344e+000	
  7.3265646e+000	
  7.2737166e+000	
  7.2190979e+000	
  7.1627166e+000	
  7.1045810e+000	
  7.0446999e+000	
  6.9830823e+000	
  6.9197380e+000	
  6.8546770e+000	
  6.7879095e+000	
  6.7194465e+000	
  6.6492993e+000	
  6.5774793e+000	
  6.5039988e+000	
  6.4288700e+000	
  6.3521059e+000	
  6.2737197e+000	
  6.1937251e+000	
  6.1121360e+000	
  6.0289670e+000	
  5.9442328e+000	
  5.8579486e+000	
  5.7701301e+000	
  5.6807932e+000	
  5.5899543e+000	
  5.4976301e+000	
  5.4038377e+000	
  5.3085946e+000	
  5.2119187e+000	
  5.1138281e+000	
  5.0143416e+000	
  4.9134779e+000	
  4.8112565e+000	
  4.7076969e+000	
  4.6028191e+000	
  4.4966436e+000	
  4.3891910e+000	
  4.2804823e+000	
  4.1705388e+000	
  4.0593824e+000	
  3.9470349e+000	
  3.8335188e+000	
  3.7188567e+000	
  3.6030715e+000	
  3.4861866e+000	
  3.3682255e+000	
  3.2492122e+000	
  3.1291707e+000	
  3.0081256e+000	
  2.8861017e+000	
  2.7631239e+000	
  2.6392176e+000	
  2.5144084e+000	
  2.3887221e+000	
  2.2621848e+000	
  2.1348230e+000	
  2.0066632e+000	
  1.8777323e+000	
  1.7480574e+000	
  1.6176659e+000	
  1.4865853e+000	
  1.3548434e+000	
  1.2224682e+000	
  1.0894879e+000	
  9.5593102e-001	
  8.2182612e-001	
  6.8720204e-001	
  5.5208777e-001	
  4.1651252e-001	
  2.8050564e-001	
  1.4409667e-001	
  7.3153144e-003	
 -1.2980858e-001	
 -2.6724500e-001	
 -4.0496380e-001	
 -5.4293469e-001	
 -6.8112725e-001	
 -8.1951093e-001	
 -9.5805508e-001	
 -1.0967289e+000	
 -1.2355015e+000	
 -1.3743420e+000	
 -1.5132192e+000	
 -1.6521021e+000	
 -1.7909593e+000	
 -1.9297595e+000	
 -2.0684715e+000	
 -2.2070637e+000	
 -2.3455047e+000	
 -2.4837630e+000	
 -2.6218070e+000	
 -2.7596052e+000	
 -2.8971258e+000	
 -3.0343374e+000	
 -3.1712082e+000	
 -3.3077067e+000	
 -3.4438011e+000	
 -3.5794599e+000	
 -3.7146515e+000	
 -3.8493444e+000	
 -3.9835069e+000	
 -4.1171076e+000	
 -4.2501150e+000	
 -4.3824978e+000	
 -4.5142246e+000	
 -4.6452642e+000	
 -4.7755854e+000	
 -4.9051572e+000	
 -5.0339484e+000	
 -5.1619282e+000	
 -5.2890659e+000	
 -5.4153306e+000	
 -5.5406920e+000	
 -5.6651195e+000	
 -5.7885828e+000	
 -5.9110518e+000	
 -6.0324965e+000	
 -6.1528871e+000	
 -6.2721937e+000	
 -6.3903870e+000	
 -6.5074377e+000	
 -6.6233164e+000	
 -6.7379943e+000	
 -6.8514427e+000	
 -6.9636329e+000	
 -7.0745367e+000	
 -7.1841259e+000	
 -7.2923726e+000	
 -7.3992491e+000	
 -7.5047280e+000	
 -7.6087822e+000	
 -7.7113848e+000	
 -7.8125090e+000	
 -7.9121284e+000	
 -8.0102171e+000	
 -8.1067490e+000	
 -8.2016987e+000	
 -8.2950409e+000	
 -8.3867507e+000	
 -8.4768033e+000	
 -8.5651745e+000	
 -8.6518403e+000	
 -8.7367768e+000	
 -8.8199608e+000	
 -8.9013693e+000	
 -8.9809795e+000	
 -9.0587691e+000	
 -9.1347161e+000	
 -9.2087989e+000	
 -9.2809963e+000	
 -9.3512874e+000	
 -9.4196516e+000	
 -9.4860689e+000	
 -9.5505194e+000	
 -9.6129840e+000	
 -9.6734436e+000	
 -9.7318797e+000	
 -9.7882741e+000	
 -9.8426093e+000	
 -9.8948678e+000	
 -9.9450329e+000	
 -9.9930881e+000	
 -1.0039017e+001	
 -1.0082805e+001	
 -1.0124436e+001	
 -1.0163897e+001	
 -1.0201171e+001	
 -1.0236247e+001	
 -1.0269110e+001	
 -1.0299747e+001	
 -1.0328147e+001	
 -1.0354298e+001	
 -1.0378187e+001	
 -1.0399805e+001	
 -1.0419140e+001	
 -1.0436184e+001	
 -1.0450925e+001	
 -1.0463356e+001	
 -1.0473468e+001	
 -1.0481253e+001	
 -1.0486703e+001	
 -1.0489812e+001	
 -1.0490573e+001	
 -1.0488980e+001	
 -1.0485029e+001	
 -1.0478713e+001	
 -1.0470029e+001	
 -1.0458972e+001	
 -1.0445540e+001	
 -1.0429730e+001	
 -1.0411539e+001	
 -1.0390966e+001	
 -1.0368010e+001	
 -1.0342669e+001	
 -1.0314945e+001	
 -1.0284836e+001	
 -1.0252345e+001	
 -1.0217473e+001	
 -1.0180222e+001	
 -1.0140594e+001	
 -1.0098592e+001	
 -1.0054221e+001	
 -1.0007485e+001	
 -9.9583878e+000	
 -9.9069353e+000	
 -9.8531335e+000	
 -9.7969886e+000	
 -9.7385077e+000	
 -9.6776983e+000	
 -9.6145685e+000	
 -9.5491269e+000	
 -9.4813828e+000	
 -9.4113457e+000	
 -9.3390260e+000	
 -9.2644346e+000	
 -9.1875826e+000	
 -9.1084822e+000	
 -9.0271456e+000	
 -8.9435859e+000	
 -8.8578166e+000	
 -8.7698518e+000	
 -8.6797060e+000	
 -8.5873945e+000	
 -8.4929328e+000	
 -8.3963373e+000	
 -8.2976246e+000	
 -8.1968119e+000	
 -8.0939172e+000	
 -7.9889587e+000	
 -7.8819552e+000	
 -7.7729261e+000	
 -7.6618913e+000	
 -7.5488711e+000	
 -7.4338865e+000	
 -7.3169589e+000	
 -7.1981102e+000	
 -7.0773629e+000	
 -6.9547397e+000	
 -6.8302643e+000	
 -6.7039604e+000	
 -6.5758525e+000	
 -6.4459655e+000	
 -6.3143248e+000	
 -6.1809561e+000	
 -6.0458859e+000	
 -5.9091410e+000	
 -5.7707486e+000	
 -5.6307365e+000	
 -5.4891329e+000	
 -5.3459664e+000	
 -5.2012662e+000	
 -5.0550617e+000	
 -4.9073832e+000	
 -4.7582609e+000	
 -4.6077258e+000	
 -4.4558092e+000	
 -4.3025429e+000	
 -4.1479590e+000	
 -3.9920901e+000	
 -3.8349692e+000	
 -3.6766297e+000	
 -3.5171056e+000	
 -3.3564308e+000	
 -3.1946402e+000	
 -3.0317687e+000	
 -2.8678517e+000	
 -2.7029249e+000	
 -2.5370244e+000	
 -2.3701869e+000	
 -2.2024492e+000	
 -2.0338484e+000	
 -1.8644222e+000	
 -1.6942084e+000	
 -1.5232454e+000	
 -1.3515717e+000	
 -1.1792262e+000	
 -1.0062482e+000	
 -8.3267720e-001	
 -6.5855301e-001	
 -4.8391577e-001	
 -3.0880591e-001	
 -1.3326412e-001	
  4.2668641e-002	
  2.1895115e-001	
  3.9554194e-001	
  5.7239930e-001	
  7.4948130e-001	
  9.2674579e-001	
  1.1041504e+000	
  1.2816526e+000	
  1.4592097e+000	
  1.6367787e+000	
  1.8143166e+000	
  1.9917803e+000	
  2.1691264e+000	
  2.3463115e+000	
  2.5232921e+000	
  2.7000247e+000	
  2.8764656e+000	
  3.0525712e+000	
  3.2282978e+000	
  3.4036018e+000	
  3.5784394e+000	
  3.7527672e+000	
  3.9265416e+000	
  4.0997191e+000	
  4.2722564e+000	
  4.4441104e+000	
  4.6152381e+000	
  4.7855965e+000	
  4.9551432e+000	
  5.1238356e+000	
  5.2916317e+000	
  5.4584895e+000	
  5.6243676e+000	
  5.7892247e+000	
  5.9530199e+000	
  6.1157126e+000	
  6.2772628e+000	
  6.4376306e+000	
  6.5967769e+000	
  6.7546627e+000	
  6.9112495e+000	
  7.0664996e+000	
  7.2203753e+000	
  7.3728399e+000	
  7.5238567e+000	
  7.6733898e+000	
  7.8214039e+000	
  7.9678639e+000	
  8.1127356e+000	
  8.2559851e+000	
  8.3975790e+000	
  8.5374845e+000	
  8.6756693e+000	
  8.8121016e+000	
  8.9467501e+000	
  9.0795840e+000	
  9.2105731e+000	
  9.3396875e+000	
  9.4668977e+000	
  9.5921750e+000	
  9.7154907e+000	
  9.8368169e+000	
  9.9561258e+000	
  1.0073390e+001	
  1.0188584e+001	
  1.0301679e+001	
  1.0412650e+001	
  1.0521472e+001	
  1.0628119e+001	
  1.0732565e+001	
  1.0834787e+001	
  1.0934759e+001	
  1.1032458e+001	
  1.1127860e+001	
  1.1220941e+001	
  1.1311679e+001	
  1.1400049e+001	
  1.1486031e+001	
  1.1569601e+001	
  1.1650738e+001	
  1.1729420e+001	
  1.1805626e+001	
  1.1879335e+001	
  1.1950527e+001	
  1.2019181e+001	
  1.2085278e+001	
  1.2148798e+001	
  1.2209723e+001	
  1.2268033e+001	
  1.2323711e+001	
  1.2376738e+001	
  1.2427098e+001	
  1.2474774e+001	
  1.2519749e+001	
  1.2562007e+001	
  1.2601533e+001	
  1.2638311e+001	
  1.2672329e+001	
  1.2703571e+001	
  1.2732024e+001	
  1.2757675e+001	
  1.2780513e+001	
  1.2800525e+001	
  1.2817700e+001	
  1.2832028e+001	
  1.2843499e+001	
  1.2852102e+001	
  1.2857831e+001	
  1.2860675e+001	
  1.2860628e+001	
  1.2857683e+001	
  1.2851833e+001	
  1.2843073e+001	
  1.2831397e+001	
  1.2816801e+001	
  1.2799281e+001	
  1.2778834e+001	
  1.2755457e+001	
  1.2729149e+001	
  1.2699908e+001	
  1.2667734e+001	
  1.2632626e+001	
  1.2594585e+001	
  1.2553614e+001	
  1.2509713e+001	
  1.2462885e+001	
  1.2413134e+001	
  1.2360464e+001	
  1.2304879e+001	
  1.2246385e+001	
  1.2184988e+001	
  1.2120694e+001	
  1.2053511e+001	
  1.1983447e+001	
  1.1910510e+001	
  1.1834710e+001	
  1.1756057e+001	
  1.1674561e+001	
  1.1590234e+001	
  1.1503087e+001	
  1.1413135e+001	
  1.1320389e+001	
  1.1224863e+001	
  1.1126573e+001	
  1.1025534e+001	
  1.0921761e+001	
  1.0815272e+001	
  1.0706083e+001	
  1.0594213e+001	
  1.0479679e+001	
  1.0362502e+001	
  1.0242701e+001	
  1.0120296e+001	
  9.9953093e+000	
  9.8677616e+000	
  9.7376757e+000	
  9.6050745e+000	
  9.4699818e+000	
  9.3324216e+000	
  9.1924190e+000	
  9.0499994e+000	
  8.9051888e+000	
  8.7580139e+000	
  8.6085021e+000	
  8.4566811e+000	
  8.3025795e+000	
  8.1462263e+000	
  7.9876511e+000	
  7.8268841e+000	
  7.6639560e+000	
  7.4988983e+000	
  7.3317426e+000	
  7.1625216e+000	
  6.9912682e+000	
  6.8180158e+000	
  6.6427986e+000	
  6.4656510e+000	
  6.2866083e+000	
  6.1057059e+000	
  5.9229800e+000	
  5.7384673e+000	
  5.5522047e+000	
  5.3642300e+000	
  5.1745811e+000	
  4.9832966e+000	
  4.7904155e+000	
  4.5959773e+000	
  4.4000218e+000	
  4.2025894e+000	
  4.0037208e+000	
  3.8034574e+000	
  3.6018406e+000	
  3.3989125e+000	
  3.1947155e+000	
  2.9892924e+000	
  2.7826865e+000	
  2.5749412e+000	
  2.3661005e+000	
  2.1562088e+000	
  1.9453105e+000	
  1.7334507e+000	
  1.5206747e+000	
  1.3070280e+000	
  1.0925567e+000	
  8.7730688e-001	
  6.6132507e-001	
  4.4465807e-001	
  2.2735294e-001	
  9.4569828e-003	
 -2.0898223e-001	
 -4.2791689e-001	
 -6.4729896e-001	
 -8.6708020e-001	
 -1.0872121e+000	
 -1.3076461e+000	
 -1.5283333e+000	
 -1.7492246e+000	
 -1.9702709e+000	
 -2.1914228e+000	
 -2.4126308e+000	
 -2.6338453e+000	
 -2.8550165e+000	
 -3.0760946e+000	
 -3.2970296e+000	
 -3.5177714e+000	
 -3.7382699e+000	
 -3.9584748e+000	
 -4.1783360e+000	
 -4.3978031e+000	
 -4.6168257e+000	
 -4.8353535e+000	
 -5.0533360e+000	
 -5.2707229e+000	
 -5.4874639e+000	
 -5.7035084e+000	
 -5.9188063e+000	
 -6.1333072e+000	
 -6.3469609e+000	
 -6.5597173e+000	
 -6.7715262e+000	
 -6.9823376e+000	
 -7.1921018e+000	
 -7.4007688e+000	
 -7.6082890e+000	
 -7.8146129e+000	
 -8.0196912e+000	
 -8.2234745e+000	
 -8.4259140e+000	
 -8.6269606e+000	
 -8.8265658e+000	
 -9.0246810e+000	
 -9.2212580e+000	
 -9.4162488e+000	
 -9.6096056e+000	
 -9.8012808e+000	
 -9.9912272e+000	
 -1.0179398e+001	
 -1.0365746e+001	
 -1.0550225e+001	
 -1.0732789e+001	
 -1.0913392e+001	
 -1.1091989e+001	
 -1.1268534e+001	
 -1.1442983e+001	
 -1.1615291e+001	
 -1.1785415e+001	
 -1.1953310e+001	
 -1.2118933e+001	
 -1.2282242e+001	
 -1.2443193e+001	
 -1.2601746e+001	
 -1.2757858e+001	
 -1.2911488e+001	
 -1.3062596e+001	
 -1.3211141e+001	
 -1.3357084e+001	
 -1.3500385e+001	
 -1.3641005e+001	
 -1.3778907e+001	
 -1.3914052e+001	
 -1.4046404e+001	
 -1.4175926e+001	
 -1.4302581e+001	
 -1.4426334e+001	
 -1.4547150e+001	
 -1.4664994e+001	
 -1.4779834e+001	
 -1.4891635e+001	
 -1.5000365e+001	
 -1.5105991e+001	
 -1.5208484e+001	
 -1.5307810e+001	
 -1.5403942e+001	
 -1.5496848e+001	
 -1.5586501e+001	
 -1.5672871e+001	
 -1.5755932e+001	
 -1.5835657e+001	
 -1.5912019e+001	
 -1.5984994e+001	
 -1.6054555e+001	
 -1.6120680e+001	
 -1.6183345e+001	
 -1.6242527e+001	
 -1.6298205e+001	
 -1.6350356e+001	
 -1.6398962e+001	
 -1.6444002e+001	
 -1.6485458e+001	
 -1.6523310e+001	
 -1.6557543e+001	
 -1.6588139e+001	
 -1.6615082e+001	
 -1.6638358e+001	
 -1.6657953e+001	
 -1.6673852e+001	
 -1.6686043e+001	
 -1.6694515e+001	
 -1.6699256e+001	
 -1.6700256e+001	
 -1.6697506e+001	
 -1.6690997e+001	
 -1.6680722e+001	
 -1.6666674e+001	
 -1.6648846e+001	
 -1.6627233e+001	
 -1.6601832e+001	
 -1.6572639e+001	
 -1.6539650e+001	
 -1.6502864e+001	
 -1.6462281e+001	
 -1.6417899e+001	
 -1.6369721e+001	
 -1.6317747e+001	
 -1.6261980e+001	
 -1.6202424e+001	
 -1.6139082e+001	
 -1.6071961e+001	
 -1.6001065e+001	
 -1.5926402e+001	
 -1.5847979e+001	
 -1.5765806e+001	
 -1.5679892e+001	
 -1.5590247e+001	
 -1.5496882e+001	
 -1.5399811e+001	
 -1.5299045e+001	
 -1.5194599e+001	
 -1.5086488e+001	
 -1.4974727e+001	
 -1.4859334e+001	
 -1.4740326e+001	
 -1.4617721e+001	
 -1.4491539e+001	
 -1.4361800e+001	
 -1.4228525e+001	
 -1.4091737e+001	
 -1.3951458e+001	
 -1.3807712e+001	
 -1.3660525e+001	
 -1.3509922e+001	
 -1.3355930e+001	
 -1.3198576e+001	
 -1.3037889e+001	
 -1.2873898e+001	
 -1.2706635e+001	
 -1.2536130e+001	
 -1.2362417e+001	
 -1.2185528e+001	
 -1.2005498e+001	
 -1.1822363e+001	
 -1.1636159e+001	
 -1.1446923e+001	
 -1.1254696e+001	
 -1.1059515e+001	
 -1.0861423e+001	
 -1.0660462e+001	
 -1.0456675e+001	
 -1.0250108e+001	
 -1.0040805e+001	
 -9.8288160e+000	
 -9.6141887e+000	
 -9.3969742e+000	
 -9.1772250e+000	
 -8.9549954e+000	
 -8.7303416e+000	
 -8.5033218e+000	
 -8.2739965e+000	
 -8.0424288e+000	
 -7.8086843e+000	
 -7.5728314e+000	
 -7.3349419e+000	
 -7.0950908e+000	
 -6.8533570e+000	
 -6.6098237e+000	
 -6.3645785e+000	
 -6.1177143e+000	
 -5.8693296e+000	
 -5.6195289e+000	
 -5.3684241e+000	
 -5.1161343e+000	
 -4.8627874e+000	
 -4.6085207e+000	
 -4.3534818e+000	
 -4.0978297e+000	
 -3.8417364e+000	
 -3.5853876e+000	
 -3.3289843e+000	
 -3.0727443e+000	
 -2.8169032e+000	
 -2.5617165e+000	
 -2.3074605e+000	
 -2.0544339e+000	
 -1.8029590e+000	
 -1.5533826e+000	
 -1.3060768e+000	
 -1.0614390e+000	
 -8.1989171e-001	
 -5.8188168e-001	
 -3.4787759e-001	
 -1.1836734e-001	
  1.0614616e-001	
  3.2515041e-001	
  5.3813006e-001	
  7.4457508e-001	
  9.4399014e-001	
  1.1359050e+000	
  1.3198858e+000	
  1.4955464e+000	
  1.6625596e+000	
  1.8206672e+000	
  1.9696889e+000	
  2.1095284e+000	
  2.2401770e+000	
  2.3617142e+000	
  2.4743047e+000	
  2.5781922e+000	
  2.6736911e+000	
  2.7611754e+000	
  2.8410660e+000	
  2.9138183e+000	
  2.9799087e+000	
  3.0398225e+000	
  3.0940432e+000	
  3.1430430e+000	
  3.1872754e+000	
  3.2271695e+000	
  3.2631257e+000	
  3.2955139e+000	
  3.3246717e+000	
  3.3509050e+000	
  3.3744884e+000	
  3.3956667e+000	
  3.4146567e+000	
  3.4316496e+000	
  3.4468127e+000	
  3.4602923e+000	
  3.4722152e+000	
  3.4826913e+000	
  3.4918153e+000	
  3.4996688e+000	
  3.5063217e+000	
  3.5118336e+000	
  3.5162556e+000	
  3.5196311e+000	
  3.5219969e+000	
  3.5233842e+000	
  3.5238195e+000	
  3.5233252e+000	
  3.5219200e+000	
  3.5196199e+000	
  3.5164383e+000	
  3.5123865e+000	
  3.5074739e+000	
  3.5017088e+000	
  3.4950980e+000	
  3.4876472e+000	
  3.4793617e+000	
  3.4702456e+000	
  3.4603028e+000	
  3.4495368e+000	
  3.4379506e+000	
  3.4255471e+000	
  3.4123288e+000	
  3.3982984e+000	
  3.3834583e+000	
  3.3678110e+000	
  3.3513589e+000	
  3.3341044e+000	
  3.3160501e+000	
  3.2971986e+000	
  3.2775527e+000	
  3.2571152e+000	
  3.2358889e+000	
  3.2138770e+000	
  3.1910828e+000	
  3.1675096e+000	
  3.1431608e+000	
  3.1180403e+000	
  3.0921519e+000	
  3.0654995e+000	
  3.0380874e+000	
  3.0099199e+000	
  2.9810015e+000	
  2.9513370e+000	
  2.9209311e+000	
  2.8897891e+000	
  2.8579159e+000	
  2.8253172e+000	
  2.7919984e+000	
  2.7579652e+000	
  2.7232236e+000	
  2.6877797e+000	
  2.6516397e+000	
  2.6148100e+000	
  2.5772973e+000	
  2.5391083e+000	
  2.5002498e+000	
  2.4607292e+000	
  2.4205535e+000	
  2.3797303e+000	
  2.3382670e+000	
  2.2961716e+000	
  2.2534519e+000	
  2.2101159e+000	
  2.1661719e+000	
  2.1216284e+000	
  2.0764938e+000	
  2.0307769e+000	
  1.9844865e+000	
  1.9376316e+000	
  1.8902213e+000	
  1.8422651e+000	
  1.7937722e+000	
  1.7447524e+000	
  1.6952153e+000	
  1.6451708e+000	
  1.5946290e+000	
  1.5435999e+000	
  1.4920939e+000	
  1.4401214e+000	
  1.3876929e+000	
  1.3348191e+000	
  1.2815108e+000	
  1.2277789e+000	
  1.1736345e+000	
  1.1190887e+000	
  1.0641528e+000	
  1.0088383e+000	
  9.5315656e-001	
  8.9711931e-001	
  8.4073826e-001	
  7.8402523e-001	
  7.2699218e-001	
  6.6965115e-001	
  6.1201428e-001	
  5.5409381e-001	
  4.9590208e-001	
  4.3745151e-001	
  3.7875462e-001	
  3.1982399e-001	
  2.6067233e-001	
  2.0131239e-001	
  1.4175701e-001	
  8.2019111e-002	
  2.2111689e-002	
 -3.7952198e-002	
 -9.8159421e-002	
 -1.5849679e-001	
 -2.1895105e-001	
 -2.7950888e-001	
 -3.4015692e-001	
 -4.0088174e-001	
 -4.6166987e-001	
 -5.2250779e-001	
 -5.8338193e-001	
 -6.4427869e-001	
 -7.0518443e-001	
 -7.6608545e-001	
 -8.2696806e-001	
 -8.8781850e-001	
 -9.4862301e-001	
 -1.0093678e+000	
 -1.0700390e+000	
 -1.1306229e+000	
 -1.1911056e+000	
 -1.2514732e+000	
 -1.3117118e+000	
 -1.3718076e+000	
 -1.4317468e+000	
 -1.4915154e+000	
 -1.5510996e+000	
 -1.6104856e+000	
 -1.6696594e+000	
 -1.7286072e+000	
 -1.7873153e+000	
 -1.8457698e+000	
 -1.9039570e+000	
 -1.9618630e+000	
 -2.0194743e+000	
 -2.0767770e+000	
 -2.1337576e+000	
 -2.1904024e+000	
 -2.2466979e+000	
 -2.3026305e+000	
 -2.3581868e+000	
 -2.4133534e+000	
 -2.4681168e+000	
 -2.5224638e+000	
 -2.5763811e+000	
 -2.6298555e+000	
 -2.6828739e+000	
 -2.7354232e+000	
 -2.7874906e+000	
 -2.8390630e+000	
 -2.8901277e+000	
 -2.9406719e+000	
 -2.9906830e+000	
 -3.0401483e+000	
 -3.0890556e+000	
 -3.1373923e+000	
 -3.1851461e+000	
 -3.2323050e+000	
 -3.2788569e+000	
 -3.3247897e+000	
 -3.3700916e+000	
 -3.4147509e+000	
 -3.4587560e+000	
 -3.5020953e+000	
 -3.5447575e+000	
 -3.5867312e+000	
 -3.6280054e+000	
 -3.6685691e+000	
 -3.7084114e+000	
 -3.7475215e+000	
 -3.7858889e+000	
 -3.8235031e+000	
 -3.8603538e+000	
 -3.8964307e+000	
 -3.9317240e+000	
 -3.9662238e+000	
 -3.9999202e+000	
 -4.0328039e+000	
 -4.0648653e+000	
 -4.0960953e+000	
 -4.1264848e+000	
 -4.1560249e+000	
 -4.1847068e+000	
 -4.2125220e+000	
 -4.2394622e+000	
 -4.2655190e+000	
 -4.2906846e+000	
 -4.3149509e+000	
 -4.3383105e+000	
 -4.3607557e+000	
 -4.3822793e+000	
 -4.4028742e+000	
 -4.4225335e+000	
 -4.4412505e+000	
 -4.4590186e+000	
 -4.4758316e+000	
 -4.4916832e+000	
 -4.5065676e+000	
 -4.5204791e+000	
 -4.5334121e+000	
 -4.5453614e+000	
 -4.5563218e+000	
 -4.5662885e+000	
 -4.5752568e+000	
 -4.5832221e+000	
 -4.5901804e+000	
 -4.5961275e+000	
 -4.6010596e+000	
 -4.6049731e+000	
 -4.6078648e+000	
 -4.6097313e+000	
 -4.6105698e+000	
 -4.6103776e+000	
 -4.6091522e+000	
 -4.6068914e+000	
 -4.6035931e+000	
 -4.5992555e+000	
 -4.5938771e+000	
 -4.5874566e+000	
 -4.5799928e+000	
 -4.5714849e+000	
 -4.5619322e+000	
 -4.5513343e+000	
 -4.5396911e+000	
 -4.5270027e+000	
 -4.5132693e+000	
 -4.4984915e+000	
 -4.4826700e+000	
 -4.4658059e+000	
 -4.4479005e+000	
 -4.4289551e+000	
 -4.4089716e+000	
 -4.3879520e+000	
 -4.3658983e+000	
 -4.3428131e+000	
 -4.3186990e+000	
 -4.2935590e+000	
 -4.2673962e+000	
 -4.2402141e+000	
 -4.2120162e+000	
 -4.1828064e+000	
 -4.1525888e+000	
 -4.1213679e+000	
 -4.0891481e+000	
 -4.0559343e+000	
 -4.0217316e+000	
 -3.9865453e+000	
 -3.9503808e+000	
 -3.9132439e+000	
 -3.8751407e+000	
 -3.8360774e+000	
 -3.7960604e+000	
 -3.7550964e+000	
 -3.7131924e+000	
 -3.6703554e+000	
 -3.6265929e+000	
 -3.5819125e+000	
 -3.5363221e+000	
 -3.4898295e+000	
 -3.4424433e+000	
 -3.3941718e+000	
 -3.3450237e+000	
 -3.2950081e+000	
 -3.2441340e+000	
 -3.1924109e+000	
 -3.1398483e+000	
 -3.0864560e+000	
 -3.0322441e+000	
 -2.9772227e+000	
 -2.9214024e+000	
 -2.8647937e+000	
 -2.8074074e+000	
 -2.7492547e+000	
 -2.6903467e+000	
 -2.6306949e+000	
 -2.5703110e+000	
 -2.5092067e+000	
 -2.4473941e+000	
 -2.3848853e+000	
 -2.3216929e+000	
 -2.2578293e+000	
 -2.1933073e+000	
 -2.1281398e+000	
 -2.0623401e+000	
 -1.9959213e+000	
 -1.9288970e+000	
 -1.8612807e+000	
 -1.7930862e+000	
 -1.7243276e+000	
 -1.6550190e+000	
 -1.5851746e+000	
 -1.5148089e+000	
 -1.4439364e+000	
 -1.3725719e+000	
 -1.3007303e+000	
 -1.2284267e+000	
 -1.1556761e+000	
 -1.0824939e+000	
 -1.0088956e+000	
 -9.3489661e-001	
 -8.6051277e-001	
 -7.8575987e-001	
 -7.1065385e-001	
 -6.3521076e-001	
 -5.5944680e-001	
 -4.8337823e-001	
 -4.0702147e-001	
 -3.3039302e-001	
 -2.5350946e-001	
 -1.7638751e-001	
 -9.9043947e-002	
 -2.1495659e-002	
  5.6240389e-002	
  1.3414715e-001	
  2.1220748e-001	
  2.9040419e-001	
  3.6872000e-001	
  4.4713757e-001	
  5.2563949e-001	
  6.0420828e-001	
  6.8282643e-001	
  7.6147636e-001	
  8.4014044e-001	
  9.1880100e-001	
  9.9744033e-001	
  1.0760407e+000	
  1.1545843e+000	
  1.2330533e+000	
  1.3114299e+000	
  1.3896963e+000	
  1.4678345e+000	
  1.5458266e+000	
  1.6236549e+000	
  1.7013013e+000	
  1.7787480e+000	
  1.8559770e+000	
  1.9329705e+000	
  2.0097106e+000	
  2.0861794e+000	
  2.1623591e+000	
  2.2382318e+000	
  2.3137797e+000	
  2.3889851e+000	
  2.4638303e+000	
  2.5382974e+000	
  2.6123690e+000	
  2.6860273e+000	
  2.7592548e+000	
  2.8320341e+000	
  2.9043476e+000	
  2.9761780e+000	
  3.0475080e+000	
  3.1183204e+000	
  3.1885980e+000	
  3.2583236e+000	
  3.3274804e+000	
  3.3960514e+000	
  3.4640197e+000	
  3.5313687e+000	
  3.5980817e+000	
  3.6641421e+000	
  3.7295337e+000	
  3.7942400e+000	
  3.8582449e+000	
  3.9215322e+000	
  3.9840861e+000	
  4.0458908e+000	
  4.1069304e+000	
  4.1671895e+000	
  4.2266526e+000	
  4.2853045e+000	
  4.3431300e+000	
  4.4001142e+000	
  4.4562421e+000	
  4.5114991e+000	
  4.5658707e+000	
  4.6193426e+000	
  4.6719005e+000	
  4.7235304e+000	
  4.7742184e+000	
  4.8239510e+000	
  4.8727146e+000	
  4.9204959e+000	
  4.9672818e+000	
  5.0130594e+000	
  5.0578159e+000	
  5.1015388e+000	
  5.1442158e+000	
  5.1858348e+000	
  5.2263838e+000	
  5.2658511e+000	
  5.3042253e+000	
  5.3414950e+000	
  5.3776493e+000	
  5.4126772e+000	
  5.4465681e+000	
  5.4793117e+000	
  5.5108979e+000	
  5.5413167e+000	
  5.5705584e+000	
  5.5986136e+000	
  5.6254731e+000	
  5.6511280e+000	
  5.6755696e+000	
  5.6987894e+000	
  5.7207792e+000	
  5.7415311e+000	
  5.7610374e+000	
  5.7792907e+000	
  5.7962838e+000	
  5.8120099e+000	
  5.8264623e+000	
  5.8396346e+000	
  5.8515208e+000	
  5.8621150e+000	
  5.8714118e+000	
  5.8794058e+000	
  5.8860922e+000	
  5.8914661e+000	
  5.8955232e+000	
  5.8982593e+000	
  5.8996707e+000	
  5.8997536e+000	
  5.8985050e+000	
  5.8959218e+000	
  5.8920013e+000	
  5.8867411e+000	
  5.8801392e+000	
  5.8721937e+000	
  5.8629032e+000	
  5.8522664e+000	
  5.8402824e+000	
  5.8269507e+000	
  5.8122709e+000	
  5.7962430e+000	
  5.7788673e+000	
  5.7601445e+000	
  5.7400754e+000	
  5.7186613e+000	
  5.6959037e+000	
  5.6718043e+000	
  5.6463654e+000	
  5.6195894e+000	
  5.5914790e+000	
  5.5620372e+000	
  5.5312675e+000	
  5.4991734e+000	
  5.4657591e+000	
  5.4310286e+000	
  5.3949866e+000	
  5.3576381e+000	
  5.3189881e+000	
  5.2790422e+000	
  5.2378062e+000	
  5.1952863e+000	
  5.1514887e+000	
  5.1064203e+000	
  5.0600880e+000	
  5.0124991e+000	
  4.9636614e+000	
  4.9135826e+000	
  4.8622711e+000	
  4.8097352e+000	
  4.7559840e+000	
  4.7010263e+000	
  4.6448717e+000	
  4.5875298e+000	
  4.5290107e+000	
  4.4693245e+000	
  4.4084818e+000	
  4.3464935e+000	
  4.2833707e+000	
  4.2191249e+000	
  4.1537676e+000	
  4.0873110e+000	
  4.0197671e+000	
  3.9511486e+000	
  3.8814682e+000	
  3.8107391e+000	
  3.7389744e+000	
  3.6661879e+000	
  3.5923934e+000	
  3.5176050e+000	
  3.4418371e+000	
  3.3651043e+000	
  3.2874215e+000	
  3.2088039e+000	
  3.1292668e+000	
  3.0488258e+000	
  2.9674970e+000	
  2.8852962e+000	
  2.8022400e+000	
  2.7183448e+000	
  2.6336275e+000	
  2.5481052e+000	
  2.4617950e+000	
  2.3747145e+000	
  2.2868813e+000	
  2.1983134e+000	
  2.1090289e+000	
  2.0190460e+000	
  1.9283834e+000	
  1.8370597e+000	
  1.7450939e+000	
  1.6525051e+000	
  1.5593125e+000	
  1.4655357e+000	
  1.3711943e+000	
  1.2763081e+000	
  1.1808972e+000	
  1.0849817e+000	
  9.8858199e-001	
  8.9171850e-001	
  7.9441191e-001	
  6.9668303e-001	
  5.9855279e-001	
  5.0004230e-001	
  4.0117277e-001	
  3.0196557e-001	
  2.0244217e-001	
  1.0262421e-001	
  2.5334015e-003	
 -9.7808403e-002	
 -1.9837925e-001	
 -2.9915707e-001	
 -4.0011970e-001	
 -5.0124489e-001	
 -6.0251028e-001	
 -7.0389343e-001	
 -8.0537183e-001	
 -9.0692288e-001	
 -1.0085239e+000	
 -1.1101522e+000	
 -1.2117849e+000	
 -1.3133992e+000	
 -1.4149722e+000	
 -1.5164809e+000	
 -1.6179024e+000	
 -1.7192136e+000	
 -1.8203914e+000	
 -1.9214127e+000	
 -2.0222545e+000	
 -2.1228935e+000	
 -2.2233068e+000	
 -2.3234710e+000	
 -2.4233631e+000	
 -2.5229599e+000	
 -2.6222383e+000	
 -2.7211752e+000	
 -2.8197474e+000	
 -2.9179319e+000	
 -3.0157056e+000	
 -3.1130456e+000	
 -3.2099288e+000	
 -3.3063324e+000	
 -3.4022334e+000	
 -3.4976091e+000	
 -3.5924366e+000	
 -3.6866934e+000	
 -3.7803568e+000	
 -3.8734043e+000	
 -3.9658134e+000	
 -4.0575617e+000	
 -4.1486270e+000	
 -4.2389871e+000	
 -4.3286200e+000	
 -4.4175037e+000	
 -4.5056163e+000	
 -4.5929361e+000	
 -4.6794416e+000	
 -4.7651112e+000	
 -4.8499236e+000	
 -4.9338577e+000	
 -5.0168924e+000	
 -5.0990067e+000	
 -5.1801800e+000	
 -5.2603917e+000	
 -5.3396213e+000	
 -5.4178487e+000	
 -5.4950537e+000	
 -5.5712165e+000	
 -5.6463173e+000	
 -5.7203367e+000	
 -5.7932553e+000	
 -5.8650540e+000	
 -5.9357140e+000	
 -6.0052164e+000	
 -6.0735429e+000	
 -6.1406752e+000	
 -6.2065952e+000	
 -6.2712851e+000	
 -6.3347273e+000	
 -6.3969045e+000	
 -6.4577996e+000	
 -6.5173957e+000	
 -6.5756763e+000	
 -6.6326249e+000	
 -6.6882256e+000	
 -6.7424624e+000	
 -6.7953198e+000	
 -6.8467826e+000	
 -6.8968357e+000	
 -6.9454645e+000	
 -6.9926543e+000	
 -7.0383912e+000	
 -7.0826613e+000	
 -7.1254509e+000	
 -7.1667469e+000	
 -7.2065363e+000	
 -7.2448063e+000	
 -7.2815448e+000	
 -7.3167396e+000	
 -7.3503790e+000	
 -7.3824517e+000	
 -7.4129466e+000	
 -7.4418529e+000	
 -7.4691604e+000	
 -7.4948588e+000	
 -7.5189385e+000	
 -7.5413901e+000	
 -7.5622045e+000	
 -7.5813731e+000	
 -7.5988875e+000	
 -7.6147397e+000	
 -7.6289220e+000	
 -7.6414273e+000	
 -7.6522485e+000	
 -7.6613791e+000	
 -7.6688129e+000	
 -7.6745441e+000	
 -7.6785673e+000	
 -7.6808773e+000	
 -7.6814694e+000	
 -7.6803394e+000	
 -7.6774832e+000	
 -7.6728973e+000	
 -7.6665784e+000	
 -7.6585238e+000	
 -7.6487311e+000	
 -7.6371982e+000	
 -7.6239234e+000	
 -7.6089055e+000	
 -7.5921436e+000	
 -7.5736372e+000	
 -7.5533863e+000	
 -7.5313912e+000	
 -7.5076525e+000	
 -7.4821713e+000	
 -7.4549492e+000	
 -7.4259880e+000	
 -7.3952900e+000	
 -7.3628579e+000	
 -7.3286948e+000	
 -7.2928042e+000	
 -7.2551899e+000	
 -7.2158562e+000	
 -7.1748078e+000	
 -7.1320499e+000	
 -7.0875878e+000	
 -7.0414274e+000	
 -6.9935751e+000	
 -6.9440374e+000	
 -6.8928216e+000	
 -6.8399349e+000	
 -6.7853854e+000	
 -6.7291812e+000	
 -6.6713311e+000	
 -6.6118440e+000	
 -6.5507295e+000	
 -6.4879974e+000	
 -6.4236578e+000	
 -6.3577214e+000	
 -6.2901993e+000	
 -6.2211027e+000	
 -6.1504435e+000	
 -6.0782339e+000	
 -6.0044864e+000	
 -5.9292139e+000	
 -5.8524297e+000	
 -5.7741475e+000	
 -5.6943814e+000	
 -5.6131457e+000	
 -5.5304553e+000	
 -5.4463254e+000	
 -5.3607713e+000	
 -5.2738091e+000	
 -5.1854550e+000	
 -5.0957256e+000	
 -5.0046379e+000	
 -4.9122090e+000	
 -4.8184568e+000	
 -4.7233993e+000	
 -4.6270546e+000	
 -4.5294417e+000	
 -4.4305793e+000	
 -4.3304870e+000	
 -4.2291844e+000	
 -4.1266914e+000	
 -4.0230285e+000	
 -3.9182162e+000	
 -3.8122756e+000	
 -3.7052278e+000	
 -3.5970944e+000	
 -3.4878973e+000	
 -3.3776587e+000	
 -3.2664011e+000	
 -3.1541471e+000	
 -3.0409198e+000	
 -2.9267426e+000	
 -2.8116389e+000	
 -2.6956327e+000	
 -2.5787481e+000	
 -2.4610095e+000	
 -2.3424414e+000	
 -2.2230688e+000	
 -2.1029168e+000	
 -1.9820108e+000	
 -1.8603764e+000	
 -1.7380394e+000	
 -1.6150258e+000	
 -1.4913619e+000	
 -1.3670743e+000	
 -1.2421896e+000	
 -1.1167347e+000	
 -9.9073666e-001	
 -8.6422279e-001	
 -7.3722054e-001	
 -6.0975753e-001	
 -4.8186159e-001	
 -3.5356066e-001	
 -2.2488289e-001	
 -9.5856545e-002	
  3.3489952e-002	
  1.6312804e-001	
  2.9302902e-001	
  4.2316408e-001	
  5.5350429e-001	
  6.8402059e-001	
  8.1468384e-001	
  9.4546477e-001	
  1.0763341e+000	
  1.2072623e+000	
  1.3382199e+000	
  1.4691774e+000	
  1.6001051e+000	
  1.7309733e+000	
  1.8617523e+000	
  1.9924122e+000	
  2.1229234e+000	
  2.2532559e+000	
  2.3833798e+000	
  2.5132653e+000	
  2.6428826e+000	
  2.7722016e+000	
  2.9011926e+000	
  3.0298257e+000	
  3.1580710e+000	
  3.2858987e+000	
  3.4132791e+000	
  3.5401824e+000	
  3.6665790e+000	
  3.7924392e+000	
  3.9177334e+000	
  4.0424323e+000	
  4.1665063e+000	
  4.2899262e+000	
  4.4126628e+000	
  4.5346868e+000	
  4.6559693e+000	
  4.7764813e+000	
  4.8961941e+000	
  5.0150789e+000	
  5.1331073e+000	
  5.2502508e+000	
  5.3664811e+000	
  5.4817702e+000	
  5.5960900e+000	
  5.7094128e+000	
  5.8217109e+000	
  5.9329568e+000	
  6.0431233e+000	
  6.1521833e+000	
  6.2601097e+000	
  6.3668761e+000	
  6.4724557e+000	
  6.5768223e+000	
  6.6799498e+000	
  6.7818123e+000	
  6.8823842e+000	
  6.9816399e+000	
  7.0795544e+000	
  7.1761026e+000	
  7.2712599e+000	
  7.3650017e+000	
  7.4573038e+000	
  7.5481424e+000	
  7.6374937e+000	
  7.7253343e+000	
  7.8116411e+000	
  7.8963912e+000	
  7.9795620e+000	
  8.0611313e+000	
  8.1410771e+000	
  8.2193777e+000	
  8.2960118e+000	
  8.3709582e+000	
  8.4441963e+000	
  8.5157056e+000	
  8.5854662e+000	
  8.6534581e+000	
  8.7196620e+000	
  8.7840590e+000	
  8.8466301e+000	
  8.9073572e+000	
  8.9662221e+000	
  9.0232073e+000	
  9.0782956e+000	
  9.1314699e+000	
  9.1827139e+000	
  9.2320114e+000	
  9.2793467e+000	
  9.3247045e+000	
  9.3680698e+000	
  9.4094281e+000	
  9.4487652e+000	
  9.4860676e+000	
  9.5213218e+000	
  9.5545151e+000	
  9.5856350e+000	
  9.6146695e+000	
  9.6416070e+000	
  9.6664363e+000	
  9.6891469e+000	
  9.7097283e+000	
  9.7281709e+000	
  9.7444654e+000	
  9.7586027e+000	
  9.7705744e+000	
  9.7803727e+000	
  9.7879900e+000	
  9.7934193e+000	
  9.7966540e+000	
  9.7976881e+000	
  9.7965158e+000	
  9.7931322e+000	
  9.7875325e+000	
  9.7797126e+000	
  9.7696688e+000	
  9.7573980e+000	
  9.7428974e+000	
  9.7261648e+000	
  9.7071986e+000	
  9.6859975e+000	
  9.6625609e+000	
  9.6368884e+000	
  9.6089805e+000	
  9.5788379e+000	
  9.5464618e+000	
  9.5118542e+000	
  9.4750172e+000	
  9.4359538e+000	
  9.3946672e+000	
  9.3511613e+000	
  9.3054403e+000	
  9.2575092e+000	
  9.2073733e+000	
  9.1550384e+000	
  9.1005109e+000	
  9.0437978e+000	
  8.9849062e+000	
  8.9238443e+000	
  8.8606203e+000	
  8.7952432e+000	
  8.7277223e+000	
  8.6580677e+000	
  8.5862896e+000	
  8.5123991e+000	
  8.4364075e+000	
  8.3583268e+000	
  8.2781694e+000	
  8.1959482e+000	
  8.1116766e+000	
  8.0253686e+000	
  7.9370386e+000	
  7.8467013e+000	
  7.7543723e+000	
  7.6600674e+000	
  7.5638028e+000	
  7.4655956e+000	
  7.3654629e+000	
  7.2634225e+000	
  7.1594928e+000	
  7.0536923e+000	
  6.9460404e+000	
  6.8365567e+000	
  6.7252613e+000	
  6.6121747e+000	
  6.4973180e+000	
  6.3807127e+000	
  6.2623807e+000	
  6.1423443e+000	
  6.0206264e+000	
  5.8972502e+000	
  5.7722393e+000	
  5.6456180e+000	
  5.5174105e+000	
  5.3876420e+000	
  5.2563378e+000	
  5.1235236e+000	
  4.9892255e+000	
  4.8534702e+000	
  4.7162845e+000	
  4.5776958e+000	
  4.4377319e+000	
  4.2964207e+000	
  4.1537909e+000	
  4.0098712e+000	
  3.8646908e+000	
  3.7182793e+000	
  3.5706666e+000	
  3.4218829e+000	
  3.2719589e+000	
  3.1209253e+000	
  2.9688135e+000	
  2.8156551e+000	
  2.6614819e+000	
  2.5063261e+000	
  2.3502202e+000	
  2.1931969e+000	
  2.0352893e+000	
  1.8765308e+000	
  1.7169550e+000	
  1.5565958e+000	
  1.3954873e+000	
  1.2336639e+000	
  1.0711602e+000	
  9.0801124e-001	
  7.4425200e-001	
  5.7991786e-001	
  4.1504437e-001	
  2.4966728e-001	
  8.3822581e-002	
 -8.2453585e-002	
 -2.4912487e-001	
 -4.1615475e-001	
 -5.8350652e-001	
 -7.5114334e-001	
 -9.1902818e-001	
 -1.0871239e+000	
 -1.2553932e+000	
 -1.4237986e+000	
 -1.5923026e+000	
 -1.7608675e+000	
 -1.9294556e+000	
 -2.0980289e+000	
 -2.2665495e+000	
 -2.4349794e+000	
 -2.6032804e+000	
 -2.7714144e+000	
 -2.9393431e+000	
 -3.1070282e+000	
 -3.2744314e+000	
 -3.4415144e+000	
 -3.6082387e+000	
 -3.7745660e+000	
 -3.9404578e+000	
 -4.1058758e+000	
 -4.2707816e+000	
 -4.4351367e+000	
 -4.5989030e+000	
 -4.7620420e+000	
 -4.9245155e+000	
 -5.0862853e+000	
 -5.2473134e+000	
 -5.4075615e+000	
 -5.5669918e+000	
 -5.7255664e+000	
 -5.8832474e+000	
 -6.0399972e+000	
 -6.1957783e+000	
 -6.3505531e+000	
 -6.5042844e+000	
 -6.6569351e+000	
 -6.8084680e+000	
 -6.9588464e+000	
 -7.1080336e+000	
 -7.2559930e+000	
 -7.4026884e+000	
 -7.5480836e+000	
 -7.6921428e+000	
 -7.8348301e+000	
 -7.9761102e+000	
 -8.1159477e+000	
 -8.2543076e+000	
 -8.3911552e+000	
 -8.5264560e+000	
 -8.6601757e+000	
 -8.7922802e+000	
 -8.9227360e+000	
 -9.0515095e+000	
 -9.1785678e+000	
 -9.3038778e+000	
 -9.4274072e+000	
 -9.5491238e+000	
 -9.6689957e+000	
 -9.7869914e+000	
 -9.9030797e+000	
 -1.0017230e+001	
 -1.0129411e+001	
 -1.0239594e+001	
 -1.0347748e+001	
 -1.0453845e+001	
 -1.0557854e+001	
 -1.0659749e+001	
 -1.0759500e+001	
 -1.0857080e+001	
 -1.0952461e+001	
 -1.1045617e+001	
 -1.1136522e+001	
 -1.1225148e+001	
 -1.1311472e+001	
 -1.1395467e+001	
 -1.1477108e+001	
 -1.1556373e+001	
 -1.1633237e+001	
 -1.1707677e+001	
 -1.1779670e+001	
 -1.1849194e+001	
 -1.1916228e+001	
 -1.1980749e+001	
 -1.2042738e+001	
 -1.2102174e+001	
 -1.2159038e+001	
 -1.2213310e+001	
 -1.2264972e+001	
 -1.2314006e+001	
 -1.2360394e+001	
 -1.2404119e+001	
 -1.2445166e+001	
 -1.2483518e+001	
 -1.2519160e+001	
 -1.2552077e+001	
 -1.2582255e+001	
 -1.2609681e+001	
 -1.2634342e+001	
 -1.2656226e+001	
 -1.2675320e+001	
 -1.2691613e+001	
 -1.2705096e+001	
 -1.2715758e+001	
 -1.2723590e+001	
 -1.2728583e+001	
 -1.2730729e+001	
 -1.2730021e+001	
 -1.2726451e+001	
 -1.2720015e+001	
 -1.2710705e+001	
 -1.2698517e+001	
 -1.2683448e+001	
 -1.2665492e+001	
 -1.2644648e+001	
 -1.2620913e+001	
 -1.2594285e+001	
 -1.2564763e+001	
 -1.2532347e+001	
 -1.2497037e+001	
 -1.2458834e+001	
 -1.2417740e+001	
 -1.2373756e+001	
 -1.2326886e+001	
 -1.2277133e+001	
 -1.2224502e+001	
 -1.2168997e+001	
 -1.2110624e+001	
 -1.2049389e+001	
 -1.1985299e+001	
 -1.1918361e+001	
 -1.1848584e+001	
 -1.1775977e+001	
 -1.1700550e+001	
 -1.1622311e+001	
 -1.1541273e+001	
 -1.1457448e+001	
 -1.1370846e+001	
 -1.1281481e+001	
 -1.1189367e+001	
 -1.1094518e+001	
 -1.0996948e+001	
 -1.0896674e+001	
 -1.0793712e+001	
 -1.0688078e+001	
 -1.0579790e+001	
 -1.0468867e+001	
 -1.0355327e+001	
 -1.0239189e+001	
 -1.0120474e+001	
 -9.9992036e+000	
 -9.8753980e+000	
 -9.7490799e+000	
 -9.6202721e+000	
 -9.4889980e+000	
 -9.3552818e+000	
 -9.2191482e+000	
 -9.0806227e+000	
 -8.9397313e+000	
 -8.7965008e+000	
 -8.6509584e+000	
 -8.5031322e+000	
 -8.3530507e+000	
 -8.2007434e+000	
 -8.0462401e+000	
 -7.8895712e+000	
 -7.7307682e+000	
 -7.5698627e+000	
 -7.4068873e+000	
 -7.2418750e+000	
 -7.0748596e+000	
 -6.9058755e+000	
 -6.7349578e+000	
 -6.5621421e+000	
 -6.3874648e+000	
 -6.2109628e+000	
 -6.0326739e+000	
 -5.8526362e+000	
 -5.6708888e+000	
 -5.4874713e+000	
 -5.3024240e+000	
 -5.1157879e+000	
 -4.9276047e+000	
 -4.7379168e+000	
 -4.5467672e+000	
 -4.3541998e+000	
 -4.1602592e+000	
 -3.9649906e+000	
 -3.7684401e+000	
 -3.5706545e+000	
 -3.3716815e+000	
 -3.1715695e+000	
 -2.9703677e+000	
 -2.7681263e+000	
 -2.5648963e+000	
 -2.3607296e+000	
 -2.1556790e+000	
 -1.9497983e+000	
 -1.7431421e+000	
 -1.5357664e+000	
 -1.3277278e+000	
 -1.1190842e+000	
 -9.0989455e-001	
 -7.0021897e-001	
 -4.9011868e-001	
 -2.7965611e-001	
 -6.8894939e-002	
  1.4209993e-001	
  3.5326230e-001	
  5.6452465e-001	
  7.7581815e-001	
  9.8707260e-001	
  1.1982165e+000	
  1.4091768e+000	
  1.6198792e+000	
  1.8302481e+000	
  2.0402064e+000	
  2.2496757e+000	
  2.4585763e+000	
  2.6668272e+000	
  2.8743463e+000	
  3.0810502e+000	
  3.2868547e+000	
  3.4916743e+000	
  3.6954232e+000	
  3.8980145e+000	
  4.0993610e+000	
  4.2993751e+000	
  4.4979693e+000	
  4.6950559e+000	
  4.8905479e+000	
  5.0843586e+000	
  5.2764026e+000	
  5.4665952e+000	
  5.6548536e+000	
  5.8410967e+000	
  6.0252456e+000	
  6.2072238e+000	
  6.3869576e+000	
  6.5643763e+000	
  6.7394129e+000	
  6.9120039e+000	
  7.0820896e+000	
  7.2496147e+000	
  7.4145282e+000	
  7.5767837e+000	
  7.7363394e+000	
  7.8931580e+000	
  8.0472075e+000	
  8.1984601e+000	
  8.3468931e+000	
  8.4924880e+000	
  8.6352311e+000	
  8.7751126e+000	
  8.9121268e+000	
  9.0462718e+000	
  9.1775490e+000	
  9.3059628e+000	
  9.4315205e+000	
  9.5542318e+000	
  9.6741082e+000	
  9.7911631e+000	
  9.9054112e+000	
  1.0016868e+001	
  1.0125549e+001	
  1.0231472e+001	
  1.0334653e+001	
  1.0435108e+001	
  1.0532852e+001	
  1.0627902e+001	
  1.0720271e+001	
  1.0809973e+001	
  1.0897018e+001	
  1.0981419e+001	
  1.1063185e+001	
  1.1142323e+001	
  1.1218841e+001	
  1.1292743e+001	
  1.1364034e+001	
  1.1432715e+001	
  1.1498789e+001	
  1.1562255e+001	
  1.1623112e+001	
  1.1681358e+001	
  1.1736988e+001	
  1.1790000e+001	
  1.1840388e+001	
  1.1888146e+001	
  1.1933267e+001	
  1.1975745e+001	
  1.2015572e+001	
  1.2052740e+001	
  1.2087240e+001	
  1.2119066e+001	
  1.2148206e+001	
  1.2174655e+001	
  1.2198401e+001	
  1.2219438e+001	
  1.2237757e+001	
  1.2253348e+001	
  1.2266206e+001	
  1.2276321e+001	
  1.2283686e+001	
  1.2288294e+001	
  1.2290140e+001	
  1.2289215e+001	
  1.2285515e+001	
  1.2279035e+001	
  1.2269769e+001	
  1.2257714e+001	
  1.2242865e+001	
  1.2225219e+001	
  1.2204774e+001	
  1.2181528e+001	
  1.2155479e+001	
  1.2126627e+001	
  1.2094971e+001	
  1.2060511e+001	
  1.2023248e+001	
  1.1983185e+001	
  1.1940322e+001	
  1.1894664e+001	
  1.1846212e+001	
  1.1794973e+001	
  1.1740949e+001	
  1.1684147e+001	
  1.1624572e+001	
  1.1562231e+001	
  1.1497131e+001	
  1.1429281e+001	
  1.1358687e+001	
  1.1285361e+001	
  1.1209311e+001	
  1.1130548e+001	
  1.1049083e+001	
  1.0964927e+001	
  1.0878093e+001	
  1.0788595e+001	
  1.0696444e+001	
  1.0601656e+001	
  1.0504246e+001	
  1.0404228e+001	
  1.0301619e+001	
  1.0196436e+001	
  1.0088696e+001	
  9.9784171e+000	
  9.8656174e+000	
  9.7503164e+000	
  9.6325337e+000	
  9.5122897e+000	
  9.3896056e+000	
  9.2645027e+000	
  9.1370034e+000	
  9.0071304e+000	
  8.8749070e+000	
  8.7403572e+000	
  8.6035056e+000	
  8.4643772e+000	
  8.3229978e+000	
  8.1793935e+000	
  8.0335913e+000	
  7.8856184e+000	
  7.7355029e+000	
  7.5832732e+000	
  7.4289583e+000	
  7.2725878e+000	
  7.1141919e+000	
  6.9538011e+000	
  6.7914466e+000	
  6.6271602e+000	
  6.4609739e+000	
  6.2929206e+000	
  6.1230333e+000	
  5.9513459e+000	
  5.7778924e+000	
  5.6027076e+000	
  5.4258265e+000	
  5.2472849e+000	
  5.0671187e+000	
  4.8853645e+000	
  4.7020593e+000	
  4.5172405e+000	
  4.3309458e+000	
  4.1432137e+000	
  3.9540827e+000	
  3.7635921e+000	
  3.5717812e+000	
  3.3786899e+000	
  3.1843587e+000	
  2.9888280e+000	
  2.7921390e+000	
  2.5943330e+000	
  2.3954519e+000	
  2.1955376e+000	
  1.9946326e+000	
  1.7927796e+000	
  1.5900219e+000	
  1.3864026e+000	
  1.1819655e+000	
  9.7675462e-001	
  7.7081417e-001	
  5.6418870e-001	
  3.5692300e-001	
  1.4906212e-001	
 -5.9348639e-002	
 -2.6826374e-001	
 -4.7763744e-001	
 -6.8742375e-001	
 -8.9757649e-001	
 -1.1080493e+000	
 -1.3187956e+000	
 -1.5297686e+000	
 -1.7409215e+000	
 -1.9522072e+000	
 -2.1635784e+000	
 -2.3749878e+000	
 -2.5863881e+000	
 -2.7977314e+000	
 -3.0089703e+000	
 -3.2200568e+000	
 -3.4309432e+000	
 -3.6415815e+000	
 -3.8519236e+000	
 -4.0619215e+000	
 -4.2715272e+000	
 -4.4806925e+000	
 -4.6893692e+000	
 -4.8975092e+000	
 -5.1050643e+000	
 -5.3119865e+000	
 -5.5182275e+000	
 -5.7237393e+000	
 -5.9284738e+000	
 -6.1323831e+000	
 -6.3354193e+000	
 -6.5375344e+000	
 -6.7386809e+000	
 -6.9388109e+000	
 -7.1378771e+000	
 -7.3358319e+000	
 -7.5326281e+000	
 -7.7282185e+000	
 -7.9225562e+000	
 -8.1155943e+000	
 -8.3072863e+000	
 -8.4975856e+000	
 -8.6864460e+000	
 -8.8738214e+000	
 -9.0596661e+000	
 -9.2439344e+000	
 -9.4265810e+000	
 -9.6075608e+000	
 -9.7868290e+000	
 -9.9643410e+000	
 -1.0140052e+001	
 -1.0313920e+001	
 -1.0485898e+001	
 -1.0655946e+001	
 -1.0824019e+001	
 -1.0990075e+001	
 -1.1154071e+001	
 -1.1315966e+001	
 -1.1475717e+001	
 -1.1633285e+001	
 -1.1788627e+001	
 -1.1941703e+001	
 -1.2092474e+001	
 -1.2240900e+001	
 -1.2386941e+001	
 -1.2530559e+001	
 -1.2671715e+001	
 -1.2810372e+001	
 -1.2946493e+001	
 -1.3080040e+001	
 -1.3210977e+001	
 -1.3339268e+001	
 -1.3464878e+001	
 -1.3587772e+001	
 -1.3707916e+001	
 -1.3825275e+001	
 -1.3939817e+001	
 -1.4051508e+001	
 -1.4160317e+001	
 -1.4266213e+001	
 -1.4369163e+001	
 -1.4469138e+001	
 -1.4566108e+001	
 -1.4660043e+001	
 -1.4750915e+001	
 -1.4838696e+001	
 -1.4923359e+001	
 -1.5004877e+001	
 -1.5083224e+001	
 -1.5158374e+001	
 -1.5230303e+001	
 -1.5298986e+001	
 -1.5364400e+001	
 -1.5426523e+001	
 -1.5485332e+001	
 -1.5540806e+001	
 -1.5592924e+001	
 -1.5641666e+001	
 -1.5687013e+001	
 -1.5728947e+001	
 -1.5767449e+001	
 -1.5802503e+001	
 -1.5834092e+001	
 -1.5862201e+001	
 -1.5886814e+001	
 -1.5907918e+001	
 -1.5925500e+001	
 -1.5939546e+001	
 -1.5950044e+001	
 -1.5956985e+001	
 -1.5960357e+001	
 -1.5960152e+001	
 -1.5956359e+001	
 -1.5948973e+001	
 -1.5937984e+001	
 -1.5923388e+001	
 -1.5905178e+001	
 -1.5883350e+001	
 -1.5857899e+001	
 -1.5828824e+001	
 -1.5796121e+001	
 -1.5759790e+001	
 -1.5719828e+001	
 -1.5676238e+001	
 -1.5629019e+001	
 -1.5578173e+001	
 -1.5523704e+001	
 -1.5465614e+001	
 -1.5403909e+001	
 -1.5338592e+001	
 -1.5269671e+001	
 -1.5197152e+001	
 -1.5121043e+001	
 -1.5041352e+001	
 -1.4958089e+001	
 -1.4871263e+001	
 -1.4780887e+001	
 -1.4686972e+001	
 -1.4589530e+001	
 -1.4488576e+001	
 -1.4384123e+001	
 -1.4276188e+001	
 -1.4164786e+001	
 -1.4049935e+001	
 -1.3931651e+001	
 -1.3809955e+001	
 -1.3684865e+001	
 -1.3556403e+001	
 -1.3424589e+001	
 -1.3289445e+001	
 -1.3150995e+001	
 -1.3009263e+001	
 -1.2864273e+001	
 -1.2716051e+001	
 -1.2564624e+001	
 -1.2410019e+001	
 -1.2252264e+001	
 -1.2091389e+001	
 -1.1927423e+001	
 -1.1760398e+001	
 -1.1590346e+001	
 -1.1417299e+001	
 -1.1241291e+001	
 -1.1062357e+001	
 -1.0880533e+001	
 -1.0695855e+001	
 -1.0508362e+001	
 -1.0318091e+001	
 -1.0125082e+001	
 -9.9293768e+000	
 -9.7310170e+000	
 -9.5300455e+000	
 -9.3265068e+000	
 -9.1204462e+000	
 -8.9119108e+000	
 -8.7009486e+000	
 -8.4876092e+000	
 -8.2719438e+000	
 -8.0540052e+000	
 -7.8338476e+000	
 -7.6115272e+000	
 -7.3871023e+000	
 -7.1606329e+000	
 -6.9321816e+000	
 -6.7018131e+000	
 -6.4695949e+000	
 -6.2355972e+000	
 -5.9998934e+000	
 -5.7625602e+000	
 -5.5236778e+000	
 -5.2833308e+000	
 -5.0416077e+000	
 -4.7986022e+000	
 -4.5544131e+000	
 -4.3091450e+000	
 -4.0629088e+000	
 -3.8158224e+000	
 -3.5680113e+000	
 -3.3196094e+000	
 -3.0707595e+000	
 -2.8216145e+000	
 -2.5723380e+000	
 -2.3231050e+000	
 -2.0741035e+000	
 -1.8255346e+000	
 -1.5776140e+000	
 -1.3305726e+000	
 -1.0846573e+000	
 -8.4013194e-001	
 -5.9727735e-001	
 -3.5639203e-001	
 -1.1779199e-001	
  1.1818961e-001	
  3.5120326e-001	
  5.8088444e-001	
  8.0685563e-001	
  1.0287289e+000	
  1.2461094e+000	
  1.4585993e+000	
  1.6658031e+000	
  1.8673331e+000	
  2.0628158e+000	
  2.2518990e+000	
  2.4342586e+000	
  2.6096060e+000	
  2.7776949e+000	
  2.9383277e+000	
  3.0913606e+000	
  3.2367075e+000	
  3.3743425e+000	
  3.5042999e+000	
  3.6266736e+000	
  3.7416131e+000	
  3.8493195e+000	
  3.9500382e+000	
  4.0440528e+000	
  4.1316761e+000	
  4.2132427e+000	
  4.2891005e+000	
  4.3596034e+000	
  4.4251043e+000	
  4.4859495e+000	
  4.5424736e+000	
  4.5949957e+000	
  4.6438164e+000	
  4.6892162e+000	
  4.7314543e+000	
  4.7707679e+000	
  4.8073726e+000	
  4.8414632e+000	
  4.8732140e+000	
  4.9027807e+000	
  4.9303011e+000	
  4.9558968e+000	
  4.9796746e+000	
  5.0017278e+000	
  5.0221375e+000	
  5.0409742e+000	
  5.0582984e+000	
  5.0741625e+000	
  5.0886111e+000	
  5.1016823e+000	
  5.1134086e+000	
  5.1238173e+000	
  5.1329316e+000	
  5.1407707e+000	
  5.1473508e+000	
  5.1526855e+000	
  5.1567857e+000	
  5.1596606e+000	
  5.1613178e+000	
  5.1617632e+000	
  5.1610019e+000	
  5.1590379e+000	
  5.1558743e+000	
  5.1515138e+000	
  5.1459585e+000	
  5.1392101e+000	
  5.1312702e+000	
  5.1221400e+000	
  5.1118207e+000	
  5.1003133e+000	
  5.0876190e+000	
  5.0737390e+000	
  5.0586743e+000	
  5.0424263e+000	
  5.0249964e+000	
  5.0063863e+000	
  4.9865976e+000	
  4.9656323e+000	
  4.9434926e+000	
  4.9201809e+000	
  4.8956996e+000	
  4.8700516e+000	
  4.8432401e+000	
  4.8152682e+000	
  4.7861395e+000	
  4.7558579e+000	
  4.7244273e+000	
  4.6918520e+000	
  4.6581367e+000	
  4.6232861e+000	
  4.5873054e+000	
  4.5501998e+000	
  4.5119750e+000	
  4.4726368e+000	
  4.4321914e+000	
  4.3906451e+000	
  4.3480047e+000	
  4.3042769e+000	
  4.2594691e+000	
  4.2135885e+000	
  4.1666430e+000	
  4.1186404e+000	
  4.0695890e+000	
  4.0194972e+000	
  3.9683737e+000	
  3.9162275e+000	
  3.8630678e+000	
  3.8089042e+000	
  3.7537462e+000	
  3.6976038e+000	
  3.6404874e+000	
  3.5824073e+000	
  3.5233742e+000	
  3.4633990e+000	
  3.4024930e+000	
  3.3406676e+000	
  3.2779344e+000	
  3.2143052e+000	
  3.1497922e+000	
  3.0844078e+000	
  3.0181645e+000	
  2.9510750e+000	
  2.8831525e+000	
  2.8144100e+000	
  2.7448612e+000	
  2.6745196e+000	
  2.6033991e+000	
  2.5315138e+000	
  2.4588780e+000	
  2.3855062e+000	
  2.3114131e+000	
  2.2366135e+000	
  2.1611227e+000	
  2.0849557e+000	
  2.0081282e+000	
  1.9306557e+000	
  1.8525542e+000	
  1.7738396e+000	
  1.6945282e+000	
  1.6146362e+000	
  1.5341804e+000	
  1.4531773e+000	
  1.3716438e+000	
  1.2895971e+000	
  1.2070542e+000	
  1.1240326e+000	
  1.0405497e+000	
  9.5662313e-001	
  8.7227077e-001	
  7.8751051e-001	
  7.0236041e-001	
  6.1683867e-001	
  5.3096361e-001	
  4.4475369e-001	
  3.5822748e-001	
  2.7140367e-001	
  1.8430105e-001	
  9.6938534e-002	
  9.3351417e-003	
 -7.8490013e-002	
 -1.6651772e-001	
 -2.5472866e-001	
 -3.4310346e-001	
 -4.3162263e-001	
 -5.2026660e-001	
 -6.0901575e-001	
 -6.9785036e-001	
 -7.8675066e-001	
 -8.7569682e-001	
 -9.6466892e-001	
 -1.0536470e+000	
 -1.1426111e+000	
 -1.2315412e+000	
 -1.3204170e+000	
 -1.4092187e+000	
 -1.4979258e+000	
 -1.5865184e+000	
 -1.6749761e+000	
 -1.7632787e+000	
 -1.8514060e+000	
 -1.9393377e+000	
 -2.0270536e+000	
 -2.1145334e+000	
 -2.2017567e+000	
 -2.2887035e+000	
 -2.3753533e+000	
 -2.4616861e+000	
 -2.5476815e+000	
 -2.6333195e+000	
 -2.7185798e+000	
 -2.8034424e+000	
 -2.8878872e+000	
 -2.9718941e+000	
 -3.0554432e+000	
 -3.1385146e+000	
 -3.2210883e+000	
 -3.3031446e+000	
 -3.3846638e+000	
 -3.4656261e+000	
 -3.5460121e+000	
 -3.6258021e+000	
 -3.7049769e+000	
 -3.7835169e+000	
 -3.8614031e+000	
 -3.9386163e+000	
 -4.0151374e+000	
 -4.0909475e+000	
 -4.1660279e+000	
 -4.2403598e+000	
 -4.3139247e+000	
 -4.3867042e+000	
 -4.4586798e+000	
 -4.5298336e+000	
 -4.6001473e+000	
 -4.6696032e+000	
 -4.7381835e+000	
 -4.8058706e+000	
 -4.8726471e+000	
 -4.9384958e+000	
 -5.0033994e+000	
 -5.0673412e+000	
 -5.1303044e+000	
 -5.1922723e+000	
 -5.2532286e+000	
 -5.3131571e+000	
 -5.3720418e+000	
 -5.4298668e+000	
 -5.4866166e+000	
 -5.5422757e+000	
 -5.5968290e+000	
 -5.6502614e+000	
 -5.7025582e+000	
 -5.7537048e+000	
 -5.8036869e+000	
 -5.8524903e+000	
 -5.9001012e+000	
 -5.9465060e+000	
 -5.9916912e+000	
 -6.0356437e+000	
 -6.0783506e+000	
 -6.1197992e+000	
 -6.1599771e+000	
 -6.1988720e+000	
 -6.2364723e+000	
 -6.2727661e+000	
 -6.3077421e+000	
 -6.3413892e+000	
 -6.3736966e+000	
 -6.4046538e+000	
 -6.4342503e+000	
 -6.4624763e+000	
 -6.4893221e+000	
 -6.5147782e+000	
 -6.5388354e+000	
 -6.5614850e+000	
 -6.5827183e+000	
 -6.6025272e+000	
 -6.6209037e+000	
 -6.6378401e+000	
 -6.6533291e+000	
 -6.6673637e+000	
 -6.6799372e+000	
 -6.6910431e+000	
 -6.7006753e+000	
 -6.7088281e+000	
 -6.7154961e+000	
 -6.7206740e+000	
 -6.7243571e+000	
 -6.7265409e+000	
 -6.7272213e+000	
 -6.7263943e+000	
 -6.7240565e+000	
 -6.7202048e+000	
 -6.7148363e+000	
 -6.7079485e+000	
 -6.6995392e+000	
 -6.6896067e+000	
 -6.6781494e+000	
 -6.6651662e+000	
 -6.6506562e+000	
 -6.6346191e+000	
 -6.6170548e+000	
 -6.5979633e+000	
 -6.5773454e+000	
 -6.5552020e+000	
 -6.5315342e+000	
 -6.5063438e+000	
 -6.4796326e+000	
 -6.4514030e+000	
 -6.4216577e+000	
 -6.3903996e+000	
 -6.3576322e+000	
 -6.3233590e+000	
 -6.2875842e+000	
 -6.2503122e+000	
 -6.2115478e+000	
 -6.1712959e+000	
 -6.1295622e+000	
 -6.0863523e+000	
 -6.0416725e+000	
 -5.9955291e+000	
 -5.9479292e+000	
 -5.8988798e+000	
 -5.8483884e+000	
 -5.7964631e+000	
 -5.7431119e+000	
 -5.6883434e+000	
 -5.6321667e+000	
 -5.5745908e+000	
 -5.5156254e+000	
 -5.4552804e+000	
 -5.3935661e+000	
 -5.3304930e+000	
 -5.2660721e+000	
 -5.2003147e+000	
 -5.1332323e+000	
 -5.0648369e+000	
 -4.9951407e+000	
 -4.9241563e+000	
 -4.8518966e+000	
 -4.7783747e+000	
 -4.7036043e+000	
 -4.6275992e+000	
 -4.5503734e+000	
 -4.4719416e+000	
 -4.3923185e+000	
 -4.3115192e+000	
 -4.2295591e+000	
 -4.1464538e+000	
 -4.0622194e+000	
 -3.9768721e+000	
 -3.8904286e+000	
 -3.8029057e+000	
 -3.7143205e+000	
 -3.6246906e+000	
 -3.5340335e+000	
 -3.4423674e+000	
 -3.3497104e+000	
 -3.2560811e+000	
 -3.1614984e+000	
 -3.0659813e+000	
 -2.9695490e+000	
 -2.8722213e+000	
 -2.7740178e+000	
 -2.6749588e+000	
 -2.5750645e+000	
 -2.4743554e+000	
 -2.3728524e+000	
 -2.2705765e+000	
 -2.1675489e+000	
 -2.0637912e+000	
 -1.9593249e+000	
 -1.8541721e+000	
 -1.7483548e+000	
 -1.6418953e+000	
 -1.5348161e+000	
 -1.4271400e+000	
 -1.3188898e+000	
 -1.2100887e+000	
 -1.1007599e+000	
 -9.9092685e-001	
 -8.8061313e-001	
 -7.6984252e-001	
 -6.5863897e-001	
 -5.4702656e-001	
 -4.3502952e-001	
 -3.2267223e-001	
 -2.0997922e-001	
 -9.6975141e-002	
  1.6315239e-002	
  1.2986701e-001	
  2.4365516e-001	
  3.5765456e-001	
  4.7183997e-001	
  5.8618606e-001	
  7.0066740e-001	
  8.1525848e-001	
  9.2993370e-001	
  1.0446674e+000	
  1.1594338e+000	
  1.2742071e+000	
  1.3889614e+000	
  1.5036708e+000	
  1.6183094e+000	
  1.7328511e+000	
  1.8472699e+000	
  1.9615397e+000	
  2.0756344e+000	
  2.1895278e+000	
  2.3031939e+000	
  2.4166066e+000	
  2.5297396e+000	
  2.6425668e+000	
  2.7550622e+000	
  2.8671997e+000	
  2.9789530e+000	
  3.0902963e+000	
  3.2012036e+000	
  3.3116487e+000	
  3.4216059e+000	
  3.5310492e+000	
  3.6399528e+000	
  3.7482911e+000	
  3.8560383e+000	
  3.9631689e+000	
  4.0696573e+000	
  4.1754781e+000	
  4.2806060e+000	
  4.3850158e+000	
  4.4886824e+000	
  4.5915806e+000	
  4.6936857e+000	
  4.7949729e+000	
  4.8954176e+000	
  4.9949951e+000	
  5.0936812e+000	
  5.1914517e+000	
  5.2882824e+000	
  5.3841494e+000	
  5.4790290e+000	
  5.5728976e+000	
  5.6657318e+000	
  5.7575084e+000	
  5.8482041e+000	
  5.9377963e+000	
  6.0262622e+000	
  6.1135793e+000	
  6.1997254e+000	
  6.2846784e+000	
  6.3684163e+000	
  6.4509177e+000	
  6.5321610e+000	
  6.6121251e+000	
  6.6907890e+000	
  6.7681321e+000	
  6.8441337e+000	
  6.9187738e+000	
  6.9920324e+000	
  7.0638896e+000	
  7.1343262e+000	
  7.2033229e+000	
  7.2708608e+000	
  7.3369213e+000	
  7.4014860e+000	
  7.4645369e+000	
  7.5260562e+000	
  7.5860265e+000	
  7.6444305e+000	
  7.7012515e+000	
  7.7564729e+000	
  7.8100784e+000	
  7.8620522e+000	
  7.9123785e+000	
  7.9610423e+000	
  8.0080285e+000	
  8.0533225e+000	
  8.0969102e+000	
  8.1387775e+000	
  8.1789110e+000	
  8.2172974e+000	
  8.2539239e+000	
  8.2887780e+000	
  8.3218476e+000	
  8.3531209e+000	
  8.3825865e+000	
  8.4102334e+000	
  8.4360511e+000	
  8.4600292e+000	
  8.4821578e+000	
  8.5024276e+000	
  8.5208295e+000	
  8.5373547e+000	
  8.5519950e+000	
  8.5647425e+000	
  8.5755897e+000	
  8.5845296e+000	
  8.5915554e+000	
  8.5966609e+000	
  8.5998404e+000	
  8.6010883e+000	
  8.6003997e+000	
  8.5977700e+000	
  8.5931950e+000	
  8.5866710e+000	
  8.5781948e+000	
  8.5677633e+000	
  8.5553743e+000	
  8.5410257e+000	
  8.5247159e+000	
  8.5064438e+000	
  8.4862086e+000	
  8.4640102e+000	
  8.4398487e+000	
  8.4137247e+000	
  8.3856393e+000	
  8.3555940e+000	
  8.3235907e+000	
  8.2896319e+000	
  8.2537203e+000	
  8.2158593e+000	
  8.1760526e+000	
  8.1343044e+000	
  8.0906192e+000	
  8.0450022e+000	
  7.9974588e+000	
  7.9479951e+000	
  7.8966174e+000	
  7.8433326e+000	
  7.7881480e+000	
  7.7310714e+000	
  7.6721108e+000	
  7.6112750e+000	
  7.5485730e+000	
  7.4840143e+000	
  7.4176090e+000	
  7.3493673e+000	
  7.2793002e+000	
  7.2074188e+000	
  7.1337350e+000	
  7.0582607e+000	
  6.9810087e+000	
  6.9019919e+000	
  6.8212238e+000	
  6.7387181e+000	
  6.6544892e+000	
  6.5685519e+000	
  6.4809211e+000	
  6.3916125e+000	
  6.3006421e+000	
  6.2080261e+000	
  6.1137814e+000	
  6.0179251e+000	
  5.9204750e+000	
  5.8214489e+000	
  5.7208652e+000	
  5.6187428e+000	
  5.5151008e+000	
  5.4099588e+000	
  5.3033368e+000	
  5.1952551e+000	
  5.0857344e+000	
  4.9747958e+000	
  4.8624608e+000	
  4.7487512e+000	
  4.6336892e+000	
  4.5172974e+000	
  4.3995986e+000	
  4.2806161e+000	
  4.1603736e+000	
  4.0388949e+000	
  3.9162044e+000	
  3.7923266e+000	
  3.6672866e+000	
  3.5411095e+000	
  3.4138210e+000	
  3.2854470e+000	
  3.1560136e+000	
  3.0255474e+000	
  2.8940752e+000	
  2.7616240e+000	
  2.6282213e+000	
  2.4938947e+000	
  2.3586722e+000	
  2.2225820e+000	
  2.0856526e+000	
  1.9479126e+000	
  1.8093911e+000	
  1.6701174e+000	
  1.5301209e+000	
  1.3894312e+000	
  1.2480785e+000	
  1.1060928e+000	
  9.6350448e-001	
  8.2034418e-001	
  6.7664269e-001	
  5.3243100e-001	
  3.8774031e-001	
  2.4260197e-001	
  9.7047546e-002	
 -4.8891246e-002	
 -1.9518252e-001	
 -3.4179423e-001	
 -4.8869418e-001	
 -6.3585003e-001	
 -7.8322930e-001	
 -9.3079939e-001	
 -1.0785276e+000	
 -1.2263810e+000	
 -1.3743267e+000	
 -1.5223316e+000	
 -1.6703626e+000	
 -1.8183864e+000	
 -1.9663698e+000	
 -2.1142792e+000	
 -2.2620813e+000	
 -2.4097426e+000	
 -2.5572294e+000	
 -2.7045081e+000	
 -2.8515452e+000	
 -2.9983069e+000	
 -3.1447595e+000	
 -3.2908693e+000	
 -3.4366027e+000	
 -3.5819258e+000	
 -3.7268050e+000	
 -3.8712065e+000	
 -4.0150968e+000	
 -4.1584421e+000	
 -4.3012089e+000	
 -4.4433637e+000	
 -4.5848729e+000	
 -4.7257031e+000	
 -4.8658210e+000	
 -5.0051932e+000	
 -5.1437866e+000	
 -5.2815681e+000	
 -5.4185046e+000	
 -5.5545633e+000	
 -5.6897114e+000	
 -5.8239163e+000	
 -5.9571454e+000	
 -6.0893663e+000	
 -6.2205468e+000	
 -6.3506549e+000	
 -6.4796586e+000	
 -6.6075261e+000	
 -6.7342259e+000	
 -6.8597267e+000	
 -6.9839972e+000	
 -7.1070064e+000	
 -7.2287235e+000	
 -7.3491180e+000	
 -7.4681595e+000	
 -7.5858179e+000	
 -7.7020634e+000	
 -7.8168662e+000	
 -7.9301971e+000	
 -8.0420268e+000	
 -8.1523265e+000	
 -8.2610677e+000	
 -8.3682219e+000	
 -8.4737613e+000	
 -8.5776581e+000	
 -8.6798848e+000	
 -8.7804144e+000	
 -8.8792200e+000	
 -8.9762752e+000	
 -9.0715538e+000	
 -9.1650301e+000	
 -9.2566784e+000	
 -9.3464738e+000	
 -9.4343915e+000	
 -9.5204070e+000	
 -9.6044963e+000	
 -9.6866357e+000	
 -9.7668020e+000	
 -9.8449724e+000	
 -9.9211242e+000	
 -9.9952353e+000	
 -1.0067284e+001	
 -1.0137249e+001	
 -1.0205110e+001	
 -1.0270846e+001	
 -1.0334437e+001	
 -1.0395864e+001	
 -1.0455106e+001	
 -1.0512147e+001	
 -1.0566967e+001	
 -1.0619548e+001	
 -1.0669874e+001	
 -1.0717927e+001	
 -1.0763692e+001	
 -1.0807151e+001	
 -1.0848290e+001	
 -1.0887094e+001	
 -1.0923548e+001	
 -1.0957638e+001	
 -1.0989351e+001	
 -1.1018674e+001	
 -1.1045594e+001	
 -1.1070100e+001	
 -1.1092180e+001	
 -1.1111823e+001	
 -1.1129018e+001	
 -1.1143756e+001	
 -1.1156028e+001	
 -1.1165825e+001	
 -1.1173138e+001	
 -1.1177960e+001	
 -1.1180283e+001	
 -1.1180101e+001	
 -1.1177408e+001	
 -1.1172198e+001	
 -1.1164467e+001	
 -1.1154209e+001	
 -1.1141422e+001	
 -1.1126101e+001	
 -1.1108244e+001	
 -1.1087849e+001	
 -1.1064914e+001	
 -1.1039439e+001	
 -1.1011422e+001	
 -1.0980864e+001	
 -1.0947766e+001	
 -1.0912129e+001	
 -1.0873954e+001	
 -1.0833244e+001	
 -1.0790003e+001	
 -1.0744233e+001	
 -1.0695940e+001	
 -1.0645127e+001	
 -1.0591800e+001	
 -1.0535965e+001	
 -1.0477628e+001	
 -1.0416798e+001	
 -1.0353480e+001	
 -1.0287684e+001	
 -1.0219418e+001	
 -1.0148692e+001	
 -1.0075516e+001	
 -9.9999006e+000	
 -9.9218567e+000	
 -9.8413962e+000	
 -9.7585314e+000	
 -9.6732753e+000	
 -9.5856414e+000	
 -9.4956439e+000	
 -9.4032973e+000	
 -9.3086169e+000	
 -9.2116186e+000	
 -9.1123187e+000	
 -9.0107342e+000	
 -8.9068826e+000	
 -8.8007821e+000	
 -8.6924513e+000	
 -8.5819094e+000	
 -8.4691762e+000	
 -8.3542721e+000	
 -8.2372181e+000	
 -8.1180354e+000	
 -7.9967462e+000	
 -7.8733731e+000	
 -7.7479391e+000	
 -7.6204680e+000	
 -7.4909838e+000	
 -7.3595114e+000	
 -7.2260761e+000	
 -7.0907035e+000	
 -6.9534202e+000	
 -6.8142529e+000	
 -6.6732290e+000	
 -6.5303765e+000	
 -6.3857237e+000	
 -6.2392997e+000	
 -6.0911338e+000	
 -5.9412561e+000	
 -5.7896970e+000	
 -5.6364875e+000	
 -5.4816590e+000	
 -5.3252436e+000	
 -5.1672736e+000	
 -5.0077821e+000	
 -4.8468024e+000	
 -4.6843685e+000	
 -4.5205148e+000	
 -4.3552761e+000	
 -4.1886878e+000	
 -4.0207858e+000	
 -3.8516062e+000	
 -3.6811858e+000	
 -3.5095619e+000	
 -3.3367721e+000	
 -3.1628546e+000	
 -2.9878478e+000	
 -2.8117909e+000	
 -2.6347232e+000	
 -2.4566847e+000	
 -2.2777157e+000	
 -2.0978570e+000	
 -1.9171499e+000	
 -1.7356358e+000	
 -1.5533570e+000	
 -1.3703559e+000	
 -1.1866754e+000	
 -1.0023587e+000	
 -8.1744966e-001	
 -6.3199234e-001	
 -4.4603126e-001	
 -2.5961133e-001	
 -7.2777821e-002	
  1.1442359e-001	
  3.0194688e-001	
  4.8974564e-001	
  6.7777313e-001	
  8.6598227e-001	
  1.0543256e+000	
  1.2427555e+000	
  1.4312238e+000	
  1.6196822e+000	
  1.8080821e+000	
  1.9963747e+000	
  2.1845108e+000	
  2.3724411e+000	
  2.5601161e+000	
  2.7474861e+000	
  2.9345013e+000	
  3.1211116e+000	
  3.3072671e+000	
  3.4929176e+000	
  3.6780129e+000	
  3.8625029e+000	
  4.0463375e+000	
  4.2294667e+000	
  4.4118406e+000	
  4.5934093e+000	
  4.7741235e+000	
  4.9539336e+000	
  5.1327908e+000	
  5.3106464e+000	
  5.4874520e+000	
  5.6631598e+000	
  5.8377224e+000	
  6.0110929e+000	
  6.1832250e+000	
  6.3540730e+000	
  6.5235920e+000	
  6.6917374e+000	
  6.8584659e+000	
  7.0237344e+000	
  7.1875010e+000	
  7.3497244e+000	
  7.5103645e+000	
  7.6693817e+000	
  7.8267375e+000	
