  2.0000000e-002	
  2.0339000e-002	
  2.0640813e-002	
  2.0910560e-002	
  2.1152638e-002	
  2.1370825e-002	
  2.1568370e-002	
  2.1748062e-002	
  2.1912303e-002	
  2.2063156e-002	
  2.2202400e-002	
  2.2331561e-002	
  2.2451956e-002	
  2.2564716e-002	
  2.2670816e-002	
  2.2771094e-002	
  2.2866272e-002	
  2.2956970e-002	
  2.3043722e-002	
  2.3126985e-002	
  2.3207154e-002	
  2.3284567e-002	
  2.3359511e-002	
  2.3432236e-002	
  2.3502952e-002	
  2.3571838e-002	
  2.3639049e-002	
  2.3704714e-002	
  2.3768941e-002	
  2.3831822e-002	
  2.3893434e-002	
  2.3953839e-002	
  2.4013089e-002	
  2.4071226e-002	
  2.4128282e-002	
  2.4184283e-002	
  2.4239248e-002	
  2.4293190e-002	
  2.4346117e-002	
  2.4398033e-002	
  2.4448939e-002	
  2.4498832e-002	
  2.4547706e-002	
  2.4595555e-002	
  2.4642366e-002	
  2.4688130e-002	
  2.4732833e-002	
  2.4776461e-002	
  2.4818997e-002	
  2.4860427e-002	
  2.4900733e-002	
  2.4939898e-002	
  2.4977903e-002	
  2.5014731e-002	
  2.5050362e-002	
  2.5084779e-002	
  2.5117962e-002	
  2.5149894e-002	
  2.5180555e-002	
  2.5209927e-002	
  2.5237992e-002	
  2.5264732e-002	
  2.5290130e-002	
  2.5314168e-002	
  2.5336830e-002	
  2.5358100e-002	
  2.5377961e-002	
  2.5396399e-002	
  2.5413398e-002	
  2.5428945e-002	
  2.5443026e-002	
  2.5455628e-002	
  2.5466740e-002	
  2.5476349e-002	
  2.5484445e-002	
  2.5491018e-002	
  2.5496059e-002	
  2.5499560e-002	
  2.5501512e-002	
  2.5501910e-002	
  2.5500746e-002	
  2.5498016e-002	
  2.5493716e-002	
  2.5487843e-002	
  2.5480393e-002	
  2.5471366e-002	
  2.5460760e-002	
  2.5448577e-002	
  2.5434816e-002	
  2.5419480e-002	
  2.5402573e-002	
  2.5384097e-002	
  2.5364059e-002	
  2.5342463e-002	
  2.5319316e-002	
  2.5294626e-002	
  2.5268401e-002	
  2.5240651e-002	
  2.5211386e-002	
  2.5180617e-002	
  2.5148357e-002	
  2.5114618e-002	
  2.5079413e-002	
  2.5042758e-002	
  2.5004669e-002	
  2.4965160e-002	
  2.4924250e-002	
  2.4881955e-002	
  2.4838296e-002	
  2.4793290e-002	
  2.4746959e-002	
  2.4699322e-002	
  2.4650402e-002	
  2.4600219e-002	
  2.4548798e-002	
  2.4496160e-002	
  2.4442331e-002	
  2.4387334e-002	
  2.4331194e-002	
  2.4273937e-002	
  2.4215588e-002	
  2.4156175e-002	
  2.4095723e-002	
  2.4034260e-002	
  2.3971813e-002	
  2.3908410e-002	
  2.3844079e-002	
  2.3778849e-002	
  2.3712748e-002	
  2.3645804e-002	
  2.3578049e-002	
  2.3509509e-002	
  2.3440215e-002	
  2.3370196e-002	
  2.3299481e-002	
  2.3228101e-002	
  2.3156084e-002	
  2.3083460e-002	
  2.3010259e-002	
  2.2936511e-002	
  2.2862244e-002	
  2.2787488e-002	
  2.2712272e-002	
  2.2636626e-002	
  2.2560578e-002	
  2.2484157e-002	
  2.2407391e-002	
  2.2330308e-002	
  2.2252938e-002	
  2.2175306e-002	
  2.2097442e-002	
  2.2019371e-002	
  2.1941121e-002	
  2.1862719e-002	
  2.1784190e-002	
  2.1705561e-002	
  2.1626856e-002	
  2.1548101e-002	
  2.1469321e-002	
  2.1390540e-002	
  2.1311781e-002	
  2.1233069e-002	
  2.1154426e-002	
  2.1075875e-002	
  2.0997438e-002	
  2.0919136e-002	
  2.0840992e-002	
  2.0763026e-002	
  2.0685258e-002	
  2.0607708e-002	
  2.0530396e-002	
  2.0453341e-002	
  2.0376561e-002	
  2.0300075e-002	
  2.0223899e-002	
  2.0148052e-002	
  2.0072550e-002	
  1.9997410e-002	
  1.9922646e-002	
  1.9848275e-002	
  1.9774312e-002	
  1.9700771e-002	
  1.9627665e-002	
  1.9555010e-002	
  1.9482818e-002	
  1.9411101e-002	
  1.9339873e-002	
  1.9269146e-002	
  1.9198930e-002	
  1.9129237e-002	
  1.9060078e-002	
  1.8991464e-002	
  1.8923404e-002	
  1.8855908e-002	
  1.8788986e-002	
  1.8722646e-002	
  1.8656897e-002	
  1.8591748e-002	
  1.8527207e-002	
  1.8463280e-002	
  1.8399977e-002	
  1.8337302e-002	
  1.8275264e-002	
  1.8213869e-002	
  1.8153123e-002	
  1.8093032e-002	
  1.8033601e-002	
  1.7974836e-002	
  1.7916743e-002	
  1.7859325e-002	
  1.7802588e-002	
  1.7746536e-002	
  1.7691173e-002	
  1.7636503e-002	
  1.7582531e-002	
  1.7529259e-002	
  1.7476691e-002	
  1.7424830e-002	
  1.7373679e-002	
  1.7323242e-002	
  1.7273521e-002	
  1.7224517e-002	
  1.7176235e-002	
  1.7128676e-002	
  1.7081841e-002	
  1.7035734e-002	
  1.6990356e-002	
  1.6945708e-002	
  1.6901792e-002	
  1.6858611e-002	
  1.6816164e-002	
  1.6774454e-002	
  1.6733481e-002	
  1.6693248e-002	
  1.6653754e-002	
  1.6615000e-002	
  1.6576989e-002	
  1.6539720e-002	
  1.6503194e-002	
  1.6467411e-002	
  1.6432374e-002	
  1.6398081e-002	
  1.6364534e-002	
  1.6331733e-002	
  1.6299679e-002	
  1.6268372e-002	
  1.6237812e-002	
  1.6207999e-002	
  1.6178935e-002	
  1.6150619e-002	
  1.6123052e-002	
  1.6096234e-002	
  1.6070165e-002	
  1.6044845e-002	
  1.6020275e-002	
  1.5996455e-002	
  1.5973386e-002	
  1.5951067e-002	
  1.5929498e-002	
  1.5908681e-002	
  1.5888615e-002	
  1.5869301e-002	
  1.5850738e-002	
  1.5832928e-002	
  1.5815871e-002	
  1.5799567e-002	
  1.5784016e-002	
  1.5769219e-002	
  1.5755176e-002	
  1.5741888e-002	
  1.5729355e-002	
  1.5717578e-002	
  1.5706558e-002	
  1.5696295e-002	
  1.5686789e-002	
  1.5678042e-002	
  1.5670054e-002	
  1.5662827e-002	
  1.5656360e-002	
  1.5650654e-002	
  1.5645712e-002	
  1.5641533e-002	
  1.5638118e-002	
  1.5635469e-002	
  1.5633588e-002	
  1.5632474e-002	
  1.5632129e-002	
  1.5632555e-002	
  1.5633753e-002	
  1.5635724e-002	
  1.5638470e-002	
  1.5641992e-002	
  1.5646292e-002	
  1.5651371e-002	
  1.5657232e-002	
  1.5663875e-002	
  1.5671303e-002	
  1.5679518e-002	
  1.5688521e-002	
  1.5698314e-002	
  1.5708900e-002	
  1.5720281e-002	
  1.5732458e-002	
  1.5745434e-002	
  1.5759212e-002	
  1.5773793e-002	
  1.5789181e-002	
  1.5805376e-002	
  1.5822384e-002	
  1.5840204e-002	
  1.5858841e-002	
  1.5878298e-002	
  1.5898576e-002	
  1.5919679e-002	
  1.5941609e-002	
  1.5964370e-002	
  1.5987965e-002	
  1.6012396e-002	
  1.6037668e-002	
  1.6063782e-002	
  1.6090742e-002	
  1.6118552e-002	
  1.6147216e-002	
  1.6176735e-002	
  1.6207114e-002	
  1.6238357e-002	
  1.6270466e-002	
  1.6303446e-002	
  1.6337300e-002	
  1.6372032e-002	
  1.6407645e-002	
  1.6444143e-002	
  1.6481531e-002	
  1.6519812e-002	
  1.6558989e-002	
  1.6599067e-002	
  1.6640050e-002	
  1.6681942e-002	
  1.6724746e-002	
  1.6768467e-002	
  1.6813108e-002	
  1.6858674e-002	
  1.6905169e-002	
  1.6952596e-002	
  1.7000961e-002	
  1.7050266e-002	
  1.7100517e-002	
  1.7151716e-002	
  1.7203868e-002	
  1.7256978e-002	
  1.7311049e-002	
  1.7366084e-002	
  1.7422089e-002	
  1.7479067e-002	
  1.7537021e-002	
  1.7595957e-002	
  1.7655876e-002	
  1.7716784e-002	
  1.7778684e-002	
  1.7841579e-002	
  1.7905473e-002	
  1.7970369e-002	
  1.8036271e-002	
  1.8103182e-002	
  1.8171105e-002	
  1.8240043e-002	
  1.8309999e-002	
  1.8380976e-002	
  1.8452976e-002	
  1.8526002e-002	
  1.8600056e-002	
  1.8675140e-002	
  1.8751257e-002	
  1.8828408e-002	
  1.8906595e-002	
  1.8985819e-002	
  1.9066081e-002	
  1.9147382e-002	
  1.9229723e-002	
  1.9313105e-002	
  1.9397527e-002	
  1.9482989e-002	
  1.9569492e-002	
  1.9657033e-002	
  1.9745614e-002	
  1.9835231e-002	
  1.9925883e-002	
  2.0017568e-002	
  2.0110285e-002	
  2.0204029e-002	
  2.0298797e-002	
  2.0394586e-002	
  2.0491393e-002	
  2.0589211e-002	
  2.0688036e-002	
  2.0787863e-002	
  2.0888686e-002	
  2.0990497e-002	
  2.1093289e-002	
  2.1197056e-002	
  2.1301788e-002	
  2.1407476e-002	
  2.1514112e-002	
  2.1621684e-002	
  2.1730182e-002	
  2.1839595e-002	
  2.1949909e-002	
  2.2061113e-002	
  2.2173191e-002	
  2.2286130e-002	
  2.2399914e-002	
  2.2514528e-002	
  2.2629953e-002	
  2.2746172e-002	
  2.2863167e-002	
  2.2980918e-002	
  2.3099403e-002	
  2.3218603e-002	
  2.3338493e-002	
  2.3459051e-002	
  2.3580252e-002	
  2.3702070e-002	
  2.3824480e-002	
  2.3947453e-002	
  2.4070961e-002	
  2.4194973e-002	
  2.4319460e-002	
  2.4444388e-002	
  2.4569725e-002	
  2.4695436e-002	
  2.4821486e-002	
  2.4947837e-002	
  2.5074453e-002	
  2.5201293e-002	
  2.5328317e-002	
  2.5455484e-002	
  2.5582750e-002	
  2.5710071e-002	
  2.5837403e-002	
  2.5964698e-002	
  2.6091908e-002	
  2.6218985e-002	
  2.6345877e-002	
  2.6472533e-002	
  2.6598900e-002	
  2.6724924e-002	
  2.6850549e-002	
  2.6975719e-002	
  2.7100376e-002	
  2.7224461e-002	
  2.7347913e-002	
  2.7470673e-002	
  2.7592676e-002	
  2.7713860e-002	
  2.7834160e-002	
  2.7953511e-002	
  2.8071847e-002	
  2.8189099e-002	
  2.8305200e-002	
  2.8420080e-002	
  2.8533670e-002	
  2.8645898e-002	
  2.8756695e-002	
  2.8865988e-002	
  2.8973704e-002	
  2.9079770e-002	
  2.9184114e-002	
  2.9286662e-002	
  2.9387340e-002	
  2.9486073e-002	
  2.9582788e-002	
  2.9677411e-002	
  2.9769868e-002	
  2.9860084e-002	
  2.9947986e-002	
  3.0033502e-002	
  3.0116558e-002	
  3.0197082e-002	
  3.0275003e-002	
  3.0350251e-002	
  3.0422755e-002	
  3.0492447e-002	
  3.0559259e-002	
  3.0623126e-002	
  3.0683982e-002	
  3.0741763e-002	
  3.0796408e-002	
  3.0847857e-002	
  3.0896051e-002	
  3.0940934e-002	
  3.0982452e-002	
  3.1020551e-002	
  3.1055183e-002	
  3.1086299e-002	
  3.1113855e-002	
  3.1137807e-002	
  3.1158117e-002	
  3.1174747e-002	
  3.1187663e-002	
  3.1196833e-002	
  3.1202230e-002	
  3.1203828e-002	
  3.1201606e-002	
  3.1195545e-002	
  3.1185630e-002	
  3.1171848e-002	
  3.1154193e-002	
  3.1132658e-002	
  3.1107243e-002	
  3.1077950e-002	
  3.1044784e-002	
  3.1007756e-002	
  3.0966877e-002	
  3.0922166e-002	
  3.0873643e-002	
  3.0821330e-002	
  3.0765257e-002	
  3.0705454e-002	
  3.0641955e-002	
  3.0574800e-002	
  3.0504029e-002	
  3.0429688e-002	
  3.0351824e-002	
  3.0270490e-002	
  3.0185740e-002	
  3.0097631e-002	
  3.0006225e-002	
  2.9911585e-002	
  2.9813777e-002	
  2.9712870e-002	
  2.9608937e-002	
  2.9502049e-002	
  2.9392284e-002	
  2.9279721e-002	
  2.9164438e-002	
  2.9046519e-002	
  2.8926048e-002	
  2.8803109e-002	
  2.8677789e-002	
  2.8550178e-002	
  2.8420363e-002	
  2.8288435e-002	
  2.8154485e-002	
  2.8018606e-002	
  2.7880888e-002	
  2.7741424e-002	
  2.7600308e-002	
  2.7457632e-002	
  2.7313489e-002	
  2.7167972e-002	
  2.7021172e-002	
  2.6873182e-002	
  2.6724092e-002	
  2.6573993e-002	
  2.6422974e-002	
  2.6271125e-002	
  2.6118532e-002	
  2.5965281e-002	
  2.5811459e-002	
  2.5657148e-002	
  2.5502431e-002	
  2.5347387e-002	
  2.5192098e-002	
  2.5036638e-002	
  2.4881086e-002	
  2.4725513e-002	
  2.4569992e-002	
  2.4414593e-002	
  2.4259384e-002	
  2.4104431e-002	
  2.3949799e-002	
  2.3795548e-002	
  2.3641741e-002	
  2.3488433e-002	
  2.3335682e-002	
  2.3183542e-002	
  2.3032063e-002	
  2.2881296e-002	
  2.2731288e-002	
  2.2582086e-002	
  2.2433732e-002	
  2.2286269e-002	
  2.2139737e-002	
  2.1994172e-002	
  2.1849612e-002	
  2.1706089e-002	
  2.1563637e-002	
  2.1422285e-002	
  2.1282063e-002	
  2.1142997e-002	
  2.1005113e-002	
  2.0868435e-002	
  2.0732983e-002	
  2.0598780e-002	
  2.0465844e-002	
  2.0334193e-002	
  2.0203842e-002	
  2.0074808e-002	
  1.9947103e-002	
  1.9820740e-002	
  1.9695730e-002	
  1.9572084e-002	
  1.9449809e-002	
  1.9328914e-002	
  1.9209406e-002	
  1.9091291e-002	
  1.8974573e-002	
  1.8859256e-002	
  1.8745345e-002	
  1.8632840e-002	
  1.8521745e-002	
  1.8412059e-002	
  1.8303783e-002	
  1.8196916e-002	
  1.8091458e-002	
  1.7987406e-002	
  1.7884760e-002	
  1.7783515e-002	
  1.7683669e-002	
  1.7585219e-002	
  1.7488159e-002	
  1.7392487e-002	
  1.7298196e-002	
  1.7205282e-002	
  1.7113740e-002	
  1.7023563e-002	
  1.6934746e-002	
  1.6847283e-002	
  1.6761166e-002	
  1.6676390e-002	
  1.6592947e-002	
  1.6510831e-002	
  1.6430034e-002	
  1.6350549e-002	
  1.6272369e-002	
  1.6195486e-002	
  1.6119892e-002	
  1.6045581e-002	
  1.5972543e-002	
  1.5900772e-002	
  1.5830259e-002	
  1.5760998e-002	
  1.5692979e-002	
  1.5626195e-002	
  1.5560639e-002	
  1.5496303e-002	
  1.5433179e-002	
  1.5371259e-002	
  1.5310535e-002	
  1.5251001e-002	
  1.5192648e-002	
  1.5135469e-002	
  1.5079457e-002	
  1.5024604e-002	
  1.4970903e-002	
  1.4918348e-002	
  1.4866930e-002	
  1.4816643e-002	
  1.4767481e-002	
  1.4719437e-002	
  1.4672503e-002	
  1.4626674e-002	
  1.4581943e-002	
  1.4538305e-002	
  1.4495752e-002	
  1.4454280e-002	
  1.4413882e-002	
  1.4374552e-002	
  1.4336286e-002	
  1.4299077e-002	
  1.4262921e-002	
  1.4227813e-002	
  1.4193747e-002	
  1.4160719e-002	
  1.4128724e-002	
  1.4097758e-002	
  1.4067817e-002	
  1.4038896e-002	
  1.4010992e-002	
  1.3984100e-002	
  1.3958218e-002	
  1.3933341e-002	
  1.3909467e-002	
  1.3886592e-002	
  1.3864713e-002	
  1.3843828e-002	
  1.3823935e-002	
  1.3805029e-002	
  1.3787110e-002	
  1.3770176e-002	
  1.3754224e-002	
  1.3739253e-002	
  1.3725262e-002	
  1.3712248e-002	
  1.3700211e-002	
  1.3689151e-002	
  1.3679065e-002	
  1.3669955e-002	
  1.3661818e-002	
  1.3654656e-002	
  1.3648468e-002	
  1.3643254e-002	
  1.3639015e-002	
  1.3635751e-002	
  1.3633463e-002	
  1.3632153e-002	
  1.3631820e-002	
  1.3632468e-002	
  1.3634096e-002	
  1.3636708e-002	
  1.3640305e-002	
  1.3644889e-002	
  1.3650463e-002	
  1.3657029e-002	
  1.3664590e-002	
  1.3673150e-002	
  1.3682711e-002	
  1.3693277e-002	
  1.3704852e-002	
  1.3717439e-002	
  1.3731044e-002	
  1.3745669e-002	
  1.3761320e-002	
  1.3778002e-002	
  1.3795719e-002	
  1.3814478e-002	
  1.3834282e-002	
  1.3855139e-002	
  1.3877055e-002	
  1.3900034e-002	
  1.3924085e-002	
  1.3949213e-002	
  1.3975426e-002	
  1.4002731e-002	
  1.4031135e-002	
  1.4060647e-002	
  1.4091273e-002	
  1.4123023e-002	
  1.4155905e-002	
  1.4189927e-002	
  1.4225099e-002	
  1.4261430e-002	
  1.4298930e-002	
  1.4337608e-002	
  1.4377475e-002	
  1.4418540e-002	
  1.4460816e-002	
  1.4504313e-002	
  1.4549041e-002	
  1.4595014e-002	
  1.4642242e-002	
  1.4690738e-002	
  1.4740514e-002	
  1.4791583e-002	
  1.4843958e-002	
  1.4897654e-002	
  1.4952682e-002	
  1.5009058e-002	
  1.5066796e-002	
  1.5125910e-002	
  1.5186416e-002	
  1.5248329e-002	
  1.5311664e-002	
  1.5376438e-002	
  1.5442668e-002	
  1.5510368e-002	
  1.5579558e-002	
  1.5650254e-002	
  1.5722473e-002	
  1.5796235e-002	
  1.5871557e-002	
  1.5948458e-002	
  1.6026957e-002	
  1.6107075e-002	
  1.6188830e-002	
  1.6272243e-002	
  1.6357334e-002	
  1.6444125e-002	
  1.6532637e-002	
  1.6622891e-002	
  1.6714910e-002	
  1.6808715e-002	
  1.6904330e-002	
  1.7001777e-002	
  1.7101081e-002	
  1.7202264e-002	
  1.7305352e-002	
  1.7410367e-002	
  1.7517337e-002	
  1.7626284e-002	
  1.7737236e-002	
  1.7850218e-002	
  1.7965255e-002	
  1.8082376e-002	
  1.8201605e-002	
  1.8322971e-002	
  1.8446501e-002	
  1.8572222e-002	
  1.8700162e-002	
  1.8830350e-002	
  1.8962814e-002	
  1.9097583e-002	
  1.9234685e-002	
  1.9374150e-002	
  1.9516007e-002	
  1.9660285e-002	
  1.9807014e-002	
  1.9956223e-002	
  2.0107943e-002	
  2.0262202e-002	
  2.0419032e-002	
  2.0578462e-002	
  2.0740521e-002	
  2.0905240e-002	
  2.1072649e-002	
  2.1242776e-002	
  2.1415652e-002	
  2.1591306e-002	
  2.1769766e-002	
  2.1951062e-002	
  2.2135222e-002	
  2.2322274e-002	
  2.2512245e-002	
  2.2705163e-002	
  2.2901054e-002	
  2.3099943e-002	
  2.3301857e-002	
  2.3506819e-002	
  2.3714853e-002	
  2.3925982e-002	
  2.4140227e-002	
  2.4357609e-002	
  2.4578147e-002	
  2.4801860e-002	
  2.5028765e-002	
  2.5258876e-002	
  2.5492207e-002	
  2.5728771e-002	
  2.5968578e-002	
  2.6211636e-002	
  2.6457953e-002	
  2.6707531e-002	
  2.6960373e-002	
  2.7216480e-002	
  2.7475847e-002	
  2.7738469e-002	
  2.8004338e-002	
  2.8273442e-002	
  2.8545766e-002	
  2.8821293e-002	
  2.9100001e-002	
  2.9381865e-002	
  2.9666856e-002	
  2.9954940e-002	
  3.0246082e-002	
  3.0540239e-002	
  3.0837365e-002	
  3.1137409e-002	
  3.1440316e-002	
  3.1746025e-002	
  3.2054468e-002	
  3.2365574e-002	
  3.2679266e-002	
  3.2995460e-002	
  3.3314066e-002	
  3.3634988e-002	
  3.3958124e-002	
  3.4283363e-002	
  3.4610589e-002	
  3.4939680e-002	
  3.5270504e-002	
  3.5602922e-002	
  3.5936789e-002	
  3.6271951e-002	
  3.6608246e-002	
  3.6945504e-002	
  3.7283547e-002	
  3.7622188e-002	
  3.7961232e-002	
  3.8300476e-002	
  3.8639706e-002	
  3.8978703e-002	
  3.9317235e-002	
  3.9655065e-002	
  3.9991945e-002	
  4.0327619e-002	
  4.0661822e-002	
  4.0994280e-002	
  4.1324713e-002	
  4.1652829e-002	
  4.1978330e-002	
  4.2300910e-002	
  4.2620255e-002	
  4.2936043e-002	
  4.3247945e-002	
  4.3555627e-002	
  4.3858746e-002	
  4.4156954e-002	
  4.4449899e-002	
  4.4737221e-002	
  4.5018559e-002	
  4.5293545e-002	
  4.5561811e-002	
  4.5822984e-002	
  4.6076691e-002	
  4.6322555e-002	
  4.6560203e-002	
  4.6789259e-002	
  4.7009352e-002	
  4.7220109e-002	
  4.7421166e-002	
  4.7612157e-002	
  4.7792728e-002	
  4.7962526e-002	
  4.8121208e-002	
  4.8268440e-002	
  4.8403896e-002	
  4.8527262e-002	
  4.8638236e-002	
  4.8736528e-002	
  4.8821864e-002	
  4.8893982e-002	
  4.8952640e-002	
  4.8997610e-002	
  4.9028685e-002	
  4.9045675e-002	
  4.9048414e-002	
  4.9036753e-002	
  4.9010568e-002	
  4.8969757e-002	
  4.8914243e-002	
  4.8843970e-002	
  4.8758911e-002	
  4.8659062e-002	
  4.8544447e-002	
  4.8415114e-002	
  4.8271139e-002	
  4.8112624e-002	
  4.7939700e-002	
  4.7752523e-002	
  4.7551274e-002	
  4.7336164e-002	
  4.7107426e-002	
  4.6865324e-002	
  4.6610140e-002	
  4.6342187e-002	
  4.6061797e-002	
  4.5769325e-002	
  4.5465150e-002	
  4.5149669e-002	
  4.4823300e-002	
  4.4486478e-002	
  4.4139654e-002	
  4.3783296e-002	
  4.3417884e-002	
  4.3043913e-002	
  4.2661884e-002	
  4.2272312e-002	
  4.1875717e-002	
  4.1472623e-002	
  4.1063562e-002	
  4.0649065e-002	
  4.0229665e-002	
  3.9805894e-002	
  3.9378282e-002	
  3.8947353e-002	
  3.8513626e-002	
  3.8077615e-002	
  3.7639822e-002	
  3.7200742e-002	
  3.6760855e-002	
  3.6320633e-002	
  3.5880531e-002	
  3.5440991e-002	
  3.5002440e-002	
  3.4565286e-002	
  3.4129924e-002	
  3.3696727e-002	
  3.3266054e-002	
  3.2838242e-002	
  3.2413611e-002	
  3.1992462e-002	
  3.1575074e-002	
  3.1161712e-002	
  3.0752616e-002	
  3.0348012e-002	
  2.9948102e-002	
  2.9553075e-002	
  2.9163098e-002	
  2.8778322e-002	
  2.8398880e-002	
  2.8024888e-002	
  2.7656447e-002	
  2.7293643e-002	
  2.6936545e-002	
  2.6585210e-002	
  2.6239681e-002	
  2.5899987e-002	
  2.5566148e-002	
  2.5238171e-002	
  2.4916051e-002	
  2.4599776e-002	
  2.4289324e-002	
  2.3984664e-002	
  2.3685759e-002	
  2.3392563e-002	
  2.3105025e-002	
  2.2823089e-002	
  2.2546692e-002	
  2.2275769e-002	
  2.2010248e-002	
  2.1750056e-002	
  2.1495116e-002	
  2.1245349e-002	
  2.1000674e-002	
  2.0761008e-002	
  2.0526266e-002	
  2.0296364e-002	
  2.0071214e-002	
  1.9850732e-002	
  1.9634831e-002	
  1.9423424e-002	
  1.9216426e-002	
  1.9013750e-002	
  1.8815313e-002	
  1.8621030e-002	
  1.8430818e-002	
  1.8244596e-002	
  1.8062283e-002	
  1.7883798e-002	
  1.7709064e-002	
  1.7538004e-002	
  1.7370543e-002	
  1.7206607e-002	
  1.7046122e-002	
  1.6889019e-002	
  1.6735227e-002	
  1.6584679e-002	
  1.6437309e-002	
  1.6293051e-002	
  1.6151842e-002	
  1.6013620e-002	
  1.5878326e-002	
  1.5745899e-002	
  1.5616283e-002	
  1.5489422e-002	
  1.5365261e-002	
  1.5243747e-002	
  1.5124828e-002	
  1.5008454e-002	
  1.4894576e-002	
  1.4783145e-002	
  1.4674116e-002	
  1.4567442e-002	
  1.4463080e-002	
  1.4360986e-002	
  1.4261120e-002	
  1.4163440e-002	
  1.4067906e-002	
  1.3974481e-002	
  1.3883127e-002	
  1.3793807e-002	
  1.3706486e-002	
  1.3621129e-002	
  1.3537703e-002	
  1.3456177e-002	
  1.3376517e-002	
  1.3298693e-002	
  1.3222676e-002	
  1.3148436e-002	
  1.3075945e-002	
  1.3005176e-002	
  1.2936103e-002	
  1.2868699e-002	
  1.2802940e-002	
  1.2738801e-002	
  1.2676258e-002	
  1.2615290e-002	
  1.2555873e-002	
  1.2497987e-002	
  1.2441610e-002	
  1.2386723e-002	
  1.2333305e-002	
  1.2281338e-002	
  1.2230804e-002	
  1.2181685e-002	
  1.2133964e-002	
  1.2087624e-002	
  1.2042649e-002	
  1.1999025e-002	
  1.1956736e-002	
  1.1915768e-002	
  1.1876107e-002	
  1.1837739e-002	
  1.1800653e-002	
  1.1764836e-002	
  1.1730276e-002	
  1.1696962e-002	
  1.1664883e-002	
  1.1634029e-002	
  1.1604390e-002	
  1.1575956e-002	
  1.1548719e-002	
  1.1522670e-002	
  1.1497802e-002	
  1.1474106e-002	
  1.1451575e-002	
  1.1430203e-002	
  1.1409983e-002	
  1.1390910e-002	
  1.1372978e-002	
  1.1356182e-002	
  1.1340517e-002	
  1.1325980e-002	
  1.1312566e-002	
  1.1300272e-002	
  1.1289095e-002	
  1.1279032e-002	
  1.1270082e-002	
  1.1262242e-002	
  1.1255511e-002	
  1.1249889e-002	
  1.1245374e-002	
  1.1241967e-002	
  1.1239667e-002	
  1.1238476e-002	
  1.1238395e-002	
  1.1239424e-002	
  1.1241566e-002	
  1.1244824e-002	
  1.1249199e-002	
  1.1254695e-002	
  1.1261316e-002	
  1.1269066e-002	
  1.1277948e-002	
  1.1287968e-002	
  1.1299131e-002	
  1.1311444e-002	
  1.1324911e-002	
  1.1339539e-002	
  1.1355337e-002	
  1.1372310e-002	
  1.1390468e-002	
  1.1409819e-002	
  1.1430371e-002	
  1.1452134e-002	
  1.1475119e-002	
  1.1499335e-002	
  1.1524794e-002	
  1.1551507e-002	
  1.1579486e-002	
  1.1608744e-002	
  1.1639294e-002	
  1.1671150e-002	
  1.1704325e-002	
  1.1738836e-002	
  1.1774697e-002	
  1.1811924e-002	
  1.1850535e-002	
  1.1890547e-002	
  1.1931977e-002	
  1.1974845e-002	
  1.2019170e-002	
  1.2064972e-002	
  1.2112273e-002	
  1.2161092e-002	
  1.2211454e-002	
  1.2263381e-002	
  1.2316898e-002	
  1.2372028e-002	
  1.2428798e-002	
  1.2487235e-002	
  1.2547365e-002	
  1.2609217e-002	
  1.2672820e-002	
  1.2738206e-002	
  1.2805404e-002	
  1.2874447e-002	
  1.2945369e-002	
  1.3018204e-002	
  1.3092987e-002	
  1.3169756e-002	
  1.3248549e-002	
  1.3329404e-002	
  1.3412362e-002	
  1.3497465e-002	
  1.3584756e-002	
  1.3674279e-002	
  1.3766081e-002	
  1.3860208e-002	
  1.3956710e-002	
  1.4055637e-002	
  1.4157041e-002	
  1.4260977e-002	
  1.4367499e-002	
  1.4476666e-002	
  1.4588535e-002	
  1.4703169e-002	
  1.4820631e-002	
  1.4940985e-002	
  1.5064298e-002	
  1.5190641e-002	
  1.5320085e-002	
  1.5452703e-002	
  1.5588573e-002	
  1.5727773e-002	
  1.5870384e-002	
  1.6016491e-002	
  1.6166180e-002	
  1.6319542e-002	
  1.6476669e-002	
  1.6637656e-002	
  1.6802603e-002	
  1.6971612e-002	
  1.7144788e-002	
  1.7322240e-002	
  1.7504081e-002	
  1.7690428e-002	
  1.7881400e-002	
  1.8077122e-002	
  1.8277723e-002	
  1.8483335e-002	
  1.8694095e-002	
  1.8910146e-002	
  1.9131634e-002	
  1.9358711e-002	
  1.9591532e-002	
  1.9830262e-002	
  2.0075066e-002	
  2.0326118e-002	
  2.0583597e-002	
  2.0847689e-002	
  2.1118585e-002	
  2.1396483e-002	
  2.1681587e-002	
  2.1974110e-002	
  2.2274270e-002	
  2.2582293e-002	
  2.2898415e-002	
  2.3222878e-002	
  2.3555931e-002	
  2.3897833e-002	
  2.4248854e-002	
  2.4609268e-002	
  2.4979364e-002	
  2.5359437e-002	
  2.5749793e-002	
  2.6150749e-002	
  2.6562632e-002	
  2.6985780e-002	
  2.7420543e-002	
  2.7867283e-002	
  2.8326373e-002	
  2.8798199e-002	
  2.9283159e-002	
  2.9781666e-002	
  3.0294144e-002	
  3.0821034e-002	
  3.1362788e-002	
  3.1919874e-002	
  3.2492776e-002	
  3.3081992e-002	
  3.3688035e-002	
  3.4311437e-002	
  3.4952743e-002	
  3.5612515e-002	
  3.6291334e-002	
  3.6989798e-002	
  3.7708519e-002	
  3.8448131e-002	
  3.9209282e-002	
  3.9992642e-002	
  4.0798897e-002	
  4.1628749e-002	
  4.2482923e-002	
  4.3362158e-002	
  4.4267214e-002	
  4.5198866e-002	
  4.6157910e-002	
  4.7145156e-002	
  4.8161434e-002	
  4.9207587e-002	
  5.0284478e-002	
  5.1392980e-002	
  5.2533985e-002	
  5.3708394e-002	
  5.4917121e-002	
  5.6161093e-002	
  5.7441241e-002	
  5.8758507e-002	
  6.0113838e-002	
  6.1508181e-002	
  6.2942487e-002	
  6.4417701e-002	
  6.5934768e-002	
  6.7494619e-002	
  6.9098177e-002	
  7.0746348e-002	
  7.2440016e-002	
  7.4180044e-002	
  7.5967263e-002	
  7.7802468e-002	
  7.9686416e-002	
  8.1619815e-002	
  8.3603321e-002	
  8.5637529e-002	
  8.7722964e-002	
  8.9860079e-002	
  9.2049239e-002	
  9.4290719e-002	
  9.6584688e-002	
  9.8931207e-002	
  1.0133021e-001	
  1.0378150e-001	
  1.0628475e-001	
  1.0883944e-001	
  1.1144493e-001	
  1.1410037e-001	
  1.1680473e-001	
  1.1955677e-001	
  1.2235503e-001	
  1.2519785e-001	
  1.2808330e-001	
  1.3100921e-001	
  1.3397312e-001	
  1.3697234e-001	
  1.4000384e-001	
  1.4306433e-001	
  1.4615019e-001	
  1.4925748e-001	
  1.5238195e-001	
  1.5551901e-001	
  1.5866371e-001	
  1.6181079e-001	
  1.6495464e-001	
  1.6808928e-001	
  1.7120842e-001	
  1.7430542e-001	
  1.7737330e-001	
  1.8040477e-001	
  1.8339224e-001	
  1.8632781e-001	
  1.8920333e-001	
  1.9201037e-001	
  1.9474030e-001	
  1.9738429e-001	
  1.9993333e-001	
  2.0237831e-001	
  2.0471001e-001	
  2.0691919e-001	
  2.0899657e-001	
  2.1093298e-001	
  2.1271930e-001	
  2.1434661e-001	
  2.1580619e-001	
  2.1708960e-001	
  2.1818873e-001	
  2.1909588e-001	
  2.1980381e-001	
  2.2030581e-001	
  2.2059575e-001	
  2.2066814e-001	
  2.2051822e-001	
  2.2014198e-001	
  2.1953622e-001	
  2.1869861e-001	
  2.1762774e-001	
  2.1632313e-001	
  2.1478528e-001	
  2.1301572e-001	
  2.1101696e-001	
  2.0879258e-001	
  2.0634719e-001	
  2.0368643e-001	
  2.0081693e-001	
  1.9774635e-001	
  1.9448328e-001	
  1.9103725e-001	
  1.8741863e-001	
  1.8363861e-001	
  1.7970912e-001	
  1.7564275e-001	
  1.7145268e-001	
  1.6715259e-001	
  1.6275655e-001	
  1.5827896e-001	
  1.5373441e-001	
  1.4913760e-001	
  1.4450326e-001	
  1.3984600e-001	
  1.3518024e-001	
  1.3052011e-001	
  1.2587937e-001	
  1.2127126e-001	
  1.1670852e-001	
  1.1220320e-001	
  1.0776669e-001	
  1.0340959e-001	
  9.9141689e-002	
  9.4971917e-002	
  9.0908313e-002	
  8.6957999e-002	
  8.3127168e-002	
  7.9421077e-002	
  7.5844052e-002	
  7.2399507e-002	
  6.9089957e-002	
  6.5917056e-002	
  6.2881629e-002	
  5.9983716e-002	
  5.7222621e-002	
  5.4596964e-002	
  5.2104738e-002	
  4.9743369e-002	
  4.7509776e-002	
  4.5400431e-002	
  4.3411425e-002	
  4.1538526e-002	
  3.9777240e-002	
  3.8122870e-002	
  3.6570567e-002	
  3.5115387e-002	
  3.3752335e-002	
  3.2476411e-002	
  3.1282651e-002	
  3.0166162e-002	
  2.9122154e-002	
  2.8145967e-002	
  2.7233094e-002	
  2.6379201e-002	
  2.5580141e-002	
  2.4831965e-002	
  2.4130932e-002	
  2.3473511e-002	
  2.2856384e-002	
  2.2276446e-002	
  2.1730802e-002	
  2.1216762e-002	
  2.0731835e-002	
  2.0273720e-002	
  1.9840299e-002	
  1.9429629e-002	
  1.9039928e-002	
  1.8669569e-002	
  1.8317066e-002	
  1.7981069e-002	
  1.7660348e-002	
  1.7353786e-002	
  1.7060371e-002	
  1.6779184e-002	
  1.6509391e-002	
  1.6250239e-002	
  1.6001042e-002	
  1.5761179e-002	
  1.5530087e-002	
  1.5307252e-002	
  1.5092208e-002	
  1.4884529e-002	
  1.4683828e-002	
  1.4489747e-002	
  1.4301962e-002	
  1.4120171e-002	
  1.3944098e-002	
  1.3773489e-002	
  1.3608107e-002	
  1.3447732e-002	
  1.3292160e-002	
  1.3141201e-002	
  1.2994676e-002	
  1.2852419e-002	
  1.2714273e-002	
  1.2580092e-002	
  1.2449735e-002	
  1.2323072e-002	
  1.2199980e-002	
  1.2080340e-002	
  1.1964042e-002	
  1.1850980e-002	
  1.1741054e-002	
  1.1634168e-002	
  1.1530232e-002	
  1.1429158e-002	
  1.1330865e-002	
  1.1235273e-002	
  1.1142308e-002	
  1.1051896e-002	
  1.0963970e-002	
  1.0878463e-002	
  1.0795312e-002	
  1.0714458e-002	
  1.0635842e-002	
  1.0559410e-002	
  1.0485107e-002	
  1.0412884e-002	
  1.0342691e-002	
  1.0274481e-002	
  1.0208211e-002	
  1.0143836e-002	
  1.0081316e-002	
  1.0020611e-002	
  9.9616835e-003	
  9.9044962e-003	
  9.8490146e-003	
  9.7952051e-003	
  9.7430355e-003	
  9.6924751e-003	
  9.6434942e-003	
  9.5960644e-003	
  9.5501586e-003	
  9.5057507e-003	
  9.4628158e-003	
  9.4213300e-003	
  9.3812704e-003	
  9.3426151e-003	
  9.3053432e-003	
  9.2694349e-003	
  9.2348709e-003	
  9.2016332e-003	
  9.1697044e-003	
  9.1390681e-003	
  9.1097084e-003	
  9.0816107e-003	
  9.0547607e-003	
  9.0291451e-003	
  9.0047513e-003	
  8.9815675e-003	
  8.9595823e-003	
  8.9387854e-003	
  8.9191670e-003	
  8.9007178e-003	
  8.8834294e-003	
  8.8672941e-003	
  8.8523045e-003	
  8.8384542e-003	
  8.8257372e-003	
  8.8141483e-003	
  8.8036827e-003	
  8.7943362e-003	
  8.7861055e-003	
  8.7789877e-003	
  8.7729804e-003	
  8.7680819e-003	
  8.7642912e-003	
  8.7616076e-003	
  8.7600314e-003	
  8.7595631e-003	
  8.7602040e-003	
  8.7619559e-003	
  8.7648214e-003	
  8.7688034e-003	
  8.7739056e-003	
  8.7801324e-003	
  8.7874885e-003	
  8.7959795e-003	
  8.8056115e-003	
  8.8163914e-003	
  8.8283265e-003	
  8.8414249e-003	
  8.8556954e-003	
  8.8711475e-003	
  8.8877911e-003	
  8.9056373e-003	
  8.9246975e-003	
  8.9449840e-003	
  8.9665099e-003	
  8.9892889e-003	
  9.0133357e-003	
  9.0386656e-003	
  9.0652949e-003	
  9.0932406e-003	
  9.1225207e-003	
  9.1531541e-003	
  9.1851604e-003	
  9.2185605e-003	
  9.2533760e-003	
  9.2896296e-003	
  9.3273450e-003	
  9.3665472e-003	
  9.4072619e-003	
  9.4495163e-003	
  9.4933386e-003	
  9.5387584e-003	
  9.5858064e-003	
  9.6345147e-003	
  9.6849168e-003	
  9.7370475e-003	
  9.7909432e-003	
  9.8466417e-003	
  9.9041827e-003	
  9.9636071e-003	
  1.0024958e-002	
  1.0088280e-002	
  1.0153619e-002	
  1.0221024e-002	
  1.0290545e-002	
  1.0362236e-002	
  1.0436150e-002	
  1.0512345e-002	
  1.0590881e-002	
  1.0671818e-002	
  1.0755223e-002	
  1.0841162e-002	
  1.0929705e-002	
  1.1020927e-002	
  1.1114902e-002	
  1.1211711e-002	
  1.1311437e-002	
  1.1414166e-002	
  1.1519989e-002	
  1.1629001e-002	
  1.1741300e-002	
  1.1856989e-002	
  1.1976176e-002	
  1.2098973e-002	
  1.2225497e-002	
  1.2355873e-002	
  1.2490228e-002	
  1.2628697e-002	
  1.2771420e-002	
  1.2918545e-002	
  1.3070226e-002	
  1.3226625e-002	
  1.3387911e-002	
  1.3554262e-002	
  1.3725864e-002	
  1.3902912e-002	
  1.4085611e-002	
  1.4274176e-002	
  1.4468833e-002	
  1.4669820e-002	
  1.4877385e-002	
  1.5091793e-002	
  1.5313317e-002	
  1.5542249e-002	
  1.5778895e-002	
  1.6023576e-002	
  1.6276633e-002	
  1.6538422e-002	
  1.6809321e-002	
  1.7089729e-002	
  1.7380066e-002	
  1.7680776e-002	
  1.7992328e-002	
  1.8315219e-002	
  1.8649974e-002	
  1.8997148e-002	
  1.9357330e-002	
  1.9731143e-002	
  2.0119249e-002	
  2.0522348e-002	
  2.0941184e-002	
  2.1376548e-002	
  2.1829280e-002	
  2.2300270e-002	
  2.2790469e-002	
  2.3300888e-002	
  2.3832601e-002	
  2.4386757e-002	
  2.4964577e-002	
  2.5567365e-002	
  2.6196515e-002	
  2.6853514e-002	
  2.7539952e-002	
  2.8257529e-002	
  2.9008067e-002	
  2.9793514e-002	
  3.0615961e-002	
  3.1477646e-002	
  3.2380975e-002	
  3.3328530e-002	
  3.4323084e-002	
  3.5367620e-002	
  3.6465348e-002	
  3.7619724e-002	
  3.8834471e-002	
  4.0113603e-002	
  4.1461453e-002	
  4.2882696e-002	
  4.4382386e-002	
  4.5965984e-002	
  4.7639402e-002	
  4.9409037e-002	
  5.1281824e-002	
  5.3265276e-002	
  5.5367549e-002	
  5.7597495e-002	
  5.9964730e-002	
  6.2479710e-002	
  6.5153807e-002	
  6.7999401e-002	
  7.1029980e-002	
  7.4260241e-002	
  7.7706217e-002	
  8.1385407e-002	
  8.5316919e-002	
  8.9521634e-002	
  9.4022385e-002	
  9.8844151e-002	
  1.0401428e-001	
  1.0956271e-001	
  1.1552228e-001	
  1.2192897e-001	
  1.2882226e-001	
  1.3624550e-001	
  1.4424626e-001	
  1.5287682e-001	
  1.6219464e-001	
  1.7226289e-001	
  1.8315105e-001	
  1.9493556e-001	
  2.0770058e-001	
  2.2153872e-001	
  2.3655198e-001	
  2.5285270e-001	
  2.7056462e-001	
  2.8982406e-001	
  3.1078123e-001	
  3.3360159e-001	
  3.5846744e-001	
  3.8557962e-001	
  4.1515931e-001	
  4.4745008e-001	
  4.8272005e-001	
  5.2126426e-001	
  5.6340723e-001	
  6.0950568e-001	
  6.5995151e-001	
  7.1517487e-001	
  7.7564755e-001	
  8.4188644e-001	
  9.1445717e-001	
  9.9397791e-001	
  1.0811232e+000	
  1.1766280e+000	
  1.2812912e+000	
  1.3959797e+000	
  1.5216316e+000	
  1.6592594e+000	
  1.8099524e+000	
  1.9748783e+000	
  2.1552840e+000	
  2.3524943e+000	
  2.5679098e+000	
  2.8030016e+000	
  3.0593044e+000	
  3.3384050e+000	
  3.6419279e+000	
  3.9715161e+000	
  4.3288063e+000	
  4.7153981e+000	
  5.1328165e+000	
  5.5824664e+000	
  6.0655796e+000	
  6.5831524e+000	
  7.1358746e+000	
  7.7240499e+000	
  8.3475077e+000	
  9.0055090e+000	
  9.6966466e+000	
  1.0418744e+001	
  1.1168756e+001	
  1.1942677e+001	
  1.2735461e+001	
  1.3540969e+001	
  1.4351930e+001	
  1.5159957e+001	
  1.5955598e+001	
  1.6728439e+001	
  1.7467268e+001	
  1.8160304e+001	
  1.8795479e+001	
  1.9360780e+001	
  1.9844634e+001	
  2.0236324e+001	
  2.0526407e+001	
  2.0707125e+001	
  2.0772766e+001	
  2.0719961e+001	
  2.0547887e+001	
  2.0258359e+001	
  1.9855809e+001	
  1.9347137e+001	
  1.8741452e+001	
  1.8049718e+001	
  1.7284329e+001	
  1.6458637e+001	
  1.5586472e+001	
  1.4681673e+001	
  1.3757666e+001	
  1.2827094e+001	
  1.1901526e+001	
  1.0991249e+001	
  1.0105126e+001	
  9.2505407e+000	
  8.4334022e+000	
  7.6581986e+000	
  6.9280972e+000	
  6.2450699e+000	
  5.6100368e+000	
  5.0230175e+000	
  4.4832816e+000	
  3.9894932e+000	
  3.5398450e+000	
  3.1321787e+000	
  2.7640917e+000	
  2.4330277e+000	
  2.1363531e+000	
  1.8714198e+000	
  1.6356153e+000	
  1.4264013e+000	
  1.2413428e+000	
  1.0781294e+000	
  9.3458871e-001	
  8.0869462e-001	
  6.9857105e-001	
  6.0249177e-001	
  5.1887753e-001	
  4.4629113e-001	
  3.8343089e-001	
  3.2912312e-001	
  2.8231395e-001	
  2.4206076e-001	
  2.0752362e-001	
  1.7795670e-001	
  1.5269998e-001	
  1.3117129e-001	
  1.1285876e-001	
  9.7313720e-002	
  8.4144058e-002	
  7.3008119e-002	
  6.3609072e-002	
  5.5689761e-002	
  4.9028030e-002	
  4.3432499e-002	
  3.8738750e-002	
  3.4805918e-002	
  3.1513643e-002	
  2.8759364e-002	
  2.6455922e-002	
  2.4529441e-002	
  2.2917474e-002	
  2.1567369e-002	
  2.0434854e-002	
  1.9482796e-002	
  1.8680132e-002	
  1.8000943e-002	
  1.7423657e-002	
  1.6930365e-002	
  1.6506236e-002	
  1.6139018e-002	
  1.5818612e-002	
  1.5536717e-002	
  1.5286521e-002	
  1.5062451e-002	
  1.4859953e-002	
  1.4675315e-002	
  1.4505517e-002	
  1.4348108e-002	
  1.4201098e-002	
  1.4062876e-002	
  1.3932138e-002	
  1.3807832e-002	
  1.3689106e-002	
  1.3575271e-002	
  1.3465770e-002	
  1.3360153e-002	
  1.3258053e-002	
  1.3159172e-002	
  1.3063266e-002	
  1.2970134e-002	
  1.2879612e-002	
  1.2791561e-002	
  1.2705865e-002	
  1.2622426e-002	
  1.2541159e-002	
  1.2461992e-002	
  1.2384860e-002	
  1.2309707e-002	
  1.2236482e-002	
  1.2165138e-002	
  1.2095634e-002	
  1.2027931e-002	
  1.1961992e-002	
  1.1897783e-002	
  1.1835274e-002	
  1.1774432e-002	
  1.1715230e-002	
  1.1657641e-002	
  1.1601638e-002	
  1.1547196e-002	
  1.1494291e-002	
  1.1442901e-002	
  1.1393003e-002	
  1.1344577e-002	
  1.1297600e-002	
  1.1252055e-002	
  1.1207922e-002	
  1.1165184e-002	
  1.1123822e-002	
  1.1083820e-002	
  1.1045162e-002	
  1.1007833e-002	
  1.0971817e-002	
  1.0937102e-002	
  1.0903673e-002	
  1.0871517e-002	
  1.0840623e-002	
  1.0810977e-002	
  1.0782570e-002	
  1.0755391e-002	
  1.0729430e-002	
  1.0704676e-002	
  1.0681122e-002	
  1.0658758e-002	
  1.0637577e-002	
  1.0617571e-002	
  1.0598734e-002	
  1.0581058e-002	
  1.0564539e-002	
  1.0549170e-002	
  1.0534947e-002	
  1.0521866e-002	
  1.0509921e-002	
  1.0499111e-002	
  1.0489431e-002	
  1.0480879e-002	
  1.0473453e-002	
  1.0467152e-002	
  1.0461974e-002	
  1.0457919e-002	
  1.0454987e-002	
  1.0453177e-002	
  1.0452491e-002	
  1.0452930e-002	
  1.0454495e-002	
  1.0457189e-002	
  1.0461014e-002	
  1.0465973e-002	
  1.0472071e-002	
  1.0479310e-002	
  1.0487697e-002	
  1.0497235e-002	
  1.0507931e-002	
  1.0519791e-002	
  1.0532821e-002	
  1.0547028e-002	
  1.0562420e-002	
  1.0579006e-002	
  1.0596794e-002	
  1.0615794e-002	
  1.0636014e-002	
  1.0657467e-002	
  1.0680163e-002	
  1.0704113e-002	
  1.0729330e-002	
  1.0755827e-002	
  1.0783617e-002	
  1.0812715e-002	
  1.0843134e-002	
  1.0874892e-002	
  1.0908003e-002	
  1.0942486e-002	
  1.0978357e-002	
  1.1015635e-002	
  1.1054338e-002	
  1.1094488e-002	
  1.1136105e-002	
  1.1179209e-002	
  1.1223825e-002	
  1.1269974e-002	
  1.1317681e-002	
  1.1366971e-002	
  1.1417871e-002	
  1.1470406e-002	
  1.1524606e-002	
  1.1580499e-002	
  1.1638116e-002	
  1.1697487e-002	
  1.1758645e-002	
  1.1821624e-002	
  1.1886458e-002	
  1.1953184e-002	
  1.2021838e-002	
  1.2092459e-002	
  1.2165087e-002	
  1.2239765e-002	
  1.2316534e-002	
  1.2395439e-002	
  1.2476527e-002	
  1.2559844e-002	
  1.2645441e-002	
  1.2733369e-002	
  1.2823680e-002	
  1.2916430e-002	
  1.3011675e-002	
  1.3109474e-002	
  1.3209888e-002	
  1.3312981e-002	
  1.3418818e-002	
  1.3527466e-002	
  1.3638997e-002	
  1.3753483e-002	
  1.3870999e-002	
  1.3991623e-002	
  1.4115438e-002	
  1.4242527e-002	
  1.4372977e-002	
  1.4506879e-002	
  1.4644326e-002	
  1.4785416e-002	
  1.4930250e-002	
  1.5078932e-002	
  1.5231572e-002	
  1.5388281e-002	
  1.5549178e-002	
  1.5714383e-002	
  1.5884024e-002	
  1.6058230e-002	
  1.6237139e-002	
  1.6420891e-002	
  1.6609634e-002	
  1.6803520e-002	
  1.7002708e-002	
  1.7207363e-002	
  1.7417658e-002	
  1.7633769e-002	
  1.7855883e-002	
  1.8084193e-002	
  1.8318900e-002	
  1.8560213e-002	
  1.8808350e-002	
  1.9063537e-002	
  1.9326010e-002	
  1.9596015e-002	
  1.9873808e-002	
  2.0159656e-002	
  2.0453837e-002	
  2.0756640e-002	
  2.1068368e-002	
  2.1389335e-002	
  2.1719870e-002	
  2.2060316e-002	
  2.2411030e-002	
  2.2772385e-002	
  2.3144771e-002	
  2.3528593e-002	
  2.3924277e-002	
  2.4332264e-002	
  2.4753019e-002	
  2.5187023e-002	
  2.5634784e-002	
  2.6096828e-002	
  2.6573706e-002	
  2.7065997e-002	
  2.7574302e-002	
  2.8099253e-002	
  2.8641508e-002	
  2.9201758e-002	
  2.9780724e-002	
  3.0379162e-002	
  3.0997860e-002	
  3.1637647e-002	
  3.2299387e-002	
  3.2983987e-002	
  3.3692396e-002	
  3.4425606e-002	
  3.5184658e-002	
  3.5970640e-002	
  3.6784694e-002	
  3.7628013e-002	
  3.8501850e-002	
  3.9407514e-002	
  4.0346379e-002	
  4.1319883e-002	
  4.2329532e-002	
  4.3376903e-002	
  4.4463651e-002	
  4.5591504e-002	
  4.6762278e-002	
  4.7977870e-002	
  4.9240269e-002	
  5.0551557e-002	
  5.1913913e-002	
  5.3329619e-002	
  5.4801062e-002	
  5.6330742e-002	
  5.7921271e-002	
  5.9575383e-002	
  6.1295936e-002	
  6.3085918e-002	
  6.4948450e-002	
  6.6886792e-002	
  6.8904349e-002	
  7.1004673e-002	
  7.3191470e-002	
  7.5468603e-002	
  7.7840098e-002	
  8.0310147e-002	
  8.2883112e-002	
  8.5563529e-002	
  8.8356111e-002	
  9.1265753e-002	
  9.4297529e-002	
  9.7456700e-002	
  1.0074871e-001	
  1.0417919e-001	
  1.0775395e-001	
  1.1147899e-001	
  1.1536048e-001	
  1.1940477e-001	
  1.2361839e-001	
  1.2800801e-001	
  1.3258046e-001	
  1.3734270e-001	
  1.4230185e-001	
  1.4746509e-001	
  1.5283974e-001	
  1.5843314e-001	
  1.6425271e-001	
  1.7030587e-001	
  1.7660003e-001	
  1.8314253e-001	
  1.8994064e-001	
  1.9700147e-001	
  2.0433195e-001	
  2.1193878e-001	
  2.1982836e-001	
  2.2800670e-001	
  2.3647940e-001	
  2.4525155e-001	
  2.5432766e-001	
  2.6371153e-001	
  2.7340625e-001	
  2.8341400e-001	
  2.9373602e-001	
  3.0437249e-001	
  3.1532239e-001	
  3.2658341e-001	
  3.3815185e-001	
  3.5002246e-001	
  3.6218832e-001	
  3.7464077e-001	
  3.8736921e-001	
  4.0036105e-001	
  4.1360155e-001	
  4.2707371e-001	
  4.4075818e-001	
  4.5463316e-001	
  4.6867428e-001	
  4.8285459e-001	
  4.9714443e-001	
  5.1151144e-001	
  5.2592048e-001	
  5.4033371e-001	
  5.5471054e-001	
  5.6900770e-001	
  5.8317935e-001	
  5.9717713e-001	
  6.1095037e-001	
  6.2444622e-001	
  6.3760988e-001	
  6.5038483e-001	
  6.6271317e-001	
  6.7453585e-001	
  6.8579314e-001	
  6.9642492e-001	
  7.0637119e-001	
  7.1557245e-001	
  7.2397027e-001	
  7.3150772e-001	
  7.3812992e-001	
  7.4378459e-001	
  7.4842259e-001	
  7.5199843e-001	
  7.5447086e-001	
  7.5580334e-001	
  7.5596456e-001	
  7.5492890e-001	
  7.5267688e-001	
  7.4919549e-001	
  7.4447858e-001	
  7.3852707e-001	
  7.3134919e-001	
  7.2296055e-001	
  7.1338427e-001	
  7.0265087e-001	
  6.9079817e-001	
  6.7787113e-001	
  6.6392150e-001	
  6.4900752e-001	
  6.3319340e-001	
  6.1654886e-001	
  5.9914852e-001	
  5.8107126e-001	
  5.6239949e-001	
  5.4321846e-001	
  5.2361545e-001	
  5.0367898e-001	
  4.8349802e-001	
  4.6316118e-001	
  4.4275594e-001	
  4.2236785e-001	
  4.0207984e-001	
  3.8197153e-001	
  3.6211858e-001	
  3.4259216e-001	
  3.2345843e-001	
  3.0477811e-001	
  2.8660618e-001	
  2.6899157e-001	
  2.5197701e-001	
  2.3559890e-001	
  2.1988734e-001	
  2.0486612e-001	
  1.9055292e-001	
  1.7695945e-001	
  1.6409173e-001	
  1.5195042e-001	
  1.4053112e-001	
  1.2982483e-001	
  1.1981831e-001	
  1.1049458e-001	
  1.0183335e-001	
  9.3811478e-002	
  8.6403453e-002	
  7.9581834e-002	
  7.3317694e-002	
  6.7581039e-002	
  6.2341201e-002	
  5.7567202e-002	
  5.3228093e-002	
  4.9293250e-002	
  4.5732640e-002	
  4.2517054e-002	
  3.9618297e-002	
  3.7009351e-002	
  3.4664501e-002	
  3.2559431e-002	
  3.0671286e-002	
  2.8978716e-002	
  2.7461886e-002	
  2.6102472e-002	
  2.4883636e-002	
  2.3789981e-002	
  2.2807502e-002	
  2.1923519e-002	
  2.1126607e-002	
  2.0406515e-002	
  1.9754087e-002	
  1.9161181e-002	
  1.8620583e-002	
  1.8125927e-002	
  1.7671617e-002	
  1.7252748e-002	
  1.6865038e-002	
  1.6504758e-002	
  1.6168668e-002	
  1.5853962e-002	
  1.5558216e-002	
  1.5279335e-002	
  1.5015514e-002	
  1.4765198e-002	
  1.4527049e-002	
  1.4299913e-002	
  1.4082798e-002	
  1.3874843e-002	
  1.3675308e-002	
  1.3483549e-002	
  1.3299005e-002	
  1.3121186e-002	
  1.2949664e-002	
  1.2784059e-002	
  1.2624035e-002	
  1.2469294e-002	
  1.2319566e-002	
  1.2174610e-002	
  1.2034207e-002	
  1.1898155e-002	
  1.1766271e-002	
  1.1638387e-002	
  1.1514346e-002	
  1.1394002e-002	
  1.1277220e-002	
  1.1163872e-002	
  1.1053840e-002	
  1.0947011e-002	
  1.0843280e-002	
  1.0742545e-002	
  1.0644713e-002	
  1.0549694e-002	
  1.0457401e-002	
  1.0367754e-002	
  1.0280675e-002	
  1.0196091e-002	
  1.0113931e-002	
  1.0034128e-002	
  9.9566192e-003	
  9.8813423e-003	
  9.8082393e-003	
  9.7372542e-003	
  9.6683337e-003	
  9.6014268e-003	
  9.5364846e-003	
  9.4734603e-003	
  9.4123092e-003	
  9.3529884e-003	
  9.2954570e-003	
  9.2396756e-003	
  9.1856067e-003	
  9.1332142e-003	
  9.0824638e-003	
  9.0333223e-003	
  8.9857583e-003	
  8.9397415e-003	
  8.8952430e-003	
  8.8522351e-003	
  8.8106915e-003	
  8.7705867e-003	
  8.7318967e-003	
  8.6945985e-003	
  8.6586699e-003	
  8.6240900e-003	
  8.5908388e-003	
  8.5588973e-003	
  8.5282473e-003	
  8.4988716e-003	
  8.4707539e-003	
  8.4438787e-003	
  8.4182313e-003	
  8.3937978e-003	
  8.3705653e-003	
  8.3485214e-003	
  8.3276545e-003	
  8.3079540e-003	
  8.2894096e-003	
  8.2720122e-003	
  8.2557529e-003	
  8.2406239e-003	
  8.2266179e-003	
  8.2137282e-003	
  8.2019489e-003	
  8.1912746e-003	
  8.1817007e-003	
  8.1732233e-003	
  8.1658388e-003	
  8.1595446e-003	
  8.1543385e-003	
  8.1502190e-003	
  8.1471854e-003	
  8.1452372e-003	
  8.1443749e-003	
  8.1445995e-003	
  8.1459127e-003	
  8.1483167e-003	
  8.1518143e-003	
  8.1564092e-003	
  8.1621056e-003	
  8.1689081e-003	
  8.1768224e-003	
  8.1858546e-003	
  8.1960115e-003	
  8.2073007e-003	
  8.2197302e-003	
  8.2333091e-003	
  8.2480470e-003	
  8.2639542e-003	
  8.2810418e-003	
  8.2993218e-003	
  8.3188067e-003	
  8.3395100e-003	
  8.3614460e-003	
  8.3846297e-003	
  8.4090772e-003	
  8.4348053e-003	
  8.4618318e-003	
  8.4901753e-003	
  8.5198555e-003	
  8.5508930e-003	
  8.5833096e-003	
  8.6171279e-003	
  8.6523718e-003	
  8.6890662e-003	
  8.7272372e-003	
  8.7669123e-003	
  8.8081199e-003	
  8.8508900e-003	
  8.8952538e-003	
  8.9412438e-003	
  8.9888944e-003	
  9.0382409e-003	
  9.0893206e-003	
  9.1421723e-003	
  9.1968366e-003	
  9.2533557e-003	
  9.3117737e-003	
  9.3721368e-003	
  9.4344930e-003	
  9.4988925e-003	
  9.5653878e-003	
  9.6340335e-003	
  9.7048867e-003	
  9.7780070e-003	
  9.8534567e-003	
  9.9313007e-003	
  1.0011607e-002	
  1.0094447e-002	
  1.0179893e-002	
  1.0268025e-002	
  1.0358922e-002	
  1.0452670e-002	
  1.0549356e-002	
  1.0649074e-002	
  1.0751919e-002	
  1.0857995e-002	
  1.0967406e-002	
  1.1080264e-002	
  1.1196685e-002	
  1.1316791e-002	
  1.1440709e-002	
  1.1568575e-002	
  1.1700528e-002	
  1.1836717e-002	
  1.1977294e-002	
  1.2122425e-002	
  1.2272278e-002	
  1.2427033e-002	
  1.2586880e-002	
  1.2752017e-002	
  1.2922652e-002	
  1.3099005e-002	
  1.3281307e-002	
  1.3469803e-002	
  1.3664750e-002	
  1.3866419e-002	
  1.4075096e-002	
  1.4291083e-002	
  1.4514699e-002	
  1.4746281e-002	
  1.4986187e-002	
  1.5234792e-002	
  1.5492498e-002	
  1.5759726e-002	
  1.6036924e-002	
  1.6324569e-002	
  1.6623164e-002	
  1.6933245e-002	
  1.7255381e-002	
  1.7590176e-002	
  1.7938273e-002	
  1.8300358e-002	
  1.8677158e-002	
  1.9069451e-002	
  1.9478065e-002	
  1.9903885e-002	
  2.0347855e-002	
  2.0810984e-002	
  2.1294352e-002	
  2.1799115e-002	
  2.2326509e-002	
  2.2877861e-002	
  2.3454594e-002	
  2.4058234e-002	
  2.4690424e-002	
  2.5352928e-002	
  2.6047643e-002	
  2.6776615e-002	
  2.7542047e-002	
  2.8346318e-002	
  2.9191993e-002	
  3.0081846e-002	
  3.1018877e-002	
  3.2006332e-002	
  3.3047728e-002	
  3.4146880e-002	
  3.5307927e-002	
  3.6535365e-002	
  3.7834083e-002	
  3.9209402e-002	
  4.0667116e-002	
  4.2213544e-002	
  4.3855581e-002	
  4.5600760e-002	
  4.7457314e-002	
  4.9434256e-002	
  5.1541458e-002	
  5.3789745e-002	
  5.6190997e-002	
  5.8758265e-002	
  6.1505901e-002	
  6.4449703e-002	
  6.7607074e-002	
  7.0997208e-002	
  7.4641294e-002	
  7.8562740e-002	
  8.2787438e-002	
  8.7344051e-002	
  9.2264337e-002	
  9.7583521e-002	
  1.0334071e-001	
  1.0957934e-001	
  1.1634775e-001	
  1.2369972e-001	
  1.3169518e-001	
  1.4040095e-001	
  1.4989161e-001	
  1.6025047e-001	
  1.7157064e-001	
  1.8395631e-001	
  1.9752410e-001	
  2.1240471e-001	
  2.2874467e-001	
  2.4670839e-001	
  2.6648046e-001	
  2.8826824e-001	
  3.1230484e-001	
  3.3885240e-001	
  3.6820591e-001	
  4.0069744e-001	
  4.3670093e-001	
  4.7663763e-001	
  5.2098220e-001	
  5.7026959e-001	
  6.2510274e-001	
  6.8616126e-001	
  7.5421113e-001	
  8.3011551e-001	
  9.1484678e-001	
  1.0095000e+000	
  1.1153074e+000	
  1.2336552e+000	
  1.3661007e+000	
  1.5143920e+000	
  1.6804885e+000	
  1.8665834e+000	
  2.0751265e+000	
  2.3088484e+000	
  2.5707849e+000	
  2.8643006e+000	
  3.1931113e+000	
  3.5613034e+000	
  3.9733482e+000	
  4.4341097e+000	
  4.9488419e+000	
  5.5231727e+000	
  6.1630686e+000	
  6.8747766e+000	
  7.6647351e+000	
  8.5394477e+000	
  9.5053110e+000	
  1.0568388e+001	
  1.1734121e+001	
  1.3006968e+001	
  1.4389973e+001	
  1.5884250e+001	
  1.7488397e+001	
  1.9197854e+001	
  2.1004214e+001	
  2.2894543e+001	
  2.4850753e+001	
  2.6849094e+001	
  2.8859864e+001	
  3.0847425e+001	
  3.2770617e+001	
  3.4583677e+001	
  3.6237694e+001	
  3.7682624e+001	
  3.8869802e+001	
  3.9754791e+001	
  4.0300371e+001	
  4.0479357e+001	
  4.0276932e+001	
  3.9692199e+001	
  3.8738704e+001	
  3.7443834e+001	
  3.5847105e+001	
  3.3997538e+001	
  3.1950418e+001	
  2.9763807e+001	
  2.7495174e+001	
  2.5198475e+001	
  2.2921877e+001	
  2.0706245e+001	
  1.8584393e+001	
  1.6580989e+001	
  1.4713000e+001	
  1.2990498e+001	
  1.1417687e+001	
  9.9940031e+000	
  8.7152017e+000	
  7.5743560e+000	
  6.5627243e+000	
  5.6704746e+000	
  4.8872620e+000	
  4.2026726e+000	
  3.6065479e+000	
  3.0892105e+000	
  2.6416097e+000	
  2.2554044e+000	
  1.9229987e+000	
  1.6375430e+000	
  1.3929114e+000	
  1.1836633e+000	
  1.0049951e+000	
  8.5268711e-001	
  7.2304875e-001	
  6.1286475e-001	
  5.1934328e-001	
  4.4006739e-001	
  3.7295028e-001	
  3.1619454e-001	
  2.6825535e-001	
  2.2780769e-001	
  1.9371709e-001	
  1.6501395e-001	
  1.4087086e-001	
  1.2058283e-001	
  1.0355007e-001	
  8.9262939e-002	
  7.7289009e-002	
  6.7261815e-002	
  5.8871185e-002	
  5.1854904e-002	
  4.5991567e-002	
  4.1094441e-002	
  3.7006215e-002	
  3.3594514e-002	
  3.0748070e-002	
  2.8373460e-002	
  2.6392328e-002	
  2.4739029e-002	
  2.3358622e-002	
  2.2205178e-002	
  2.1240337e-002	
  2.0432102e-002	
  1.9753803e-002	
  1.9183240e-002	
  1.8701950e-002	
  1.8294593e-002	
  1.7948438e-002	
  1.7652930e-002	
  1.7399327e-002	
  1.7180396e-002	
  1.6990157e-002	
  1.6823671e-002	
  1.6676865e-002	
  1.6546381e-002	
  1.6429454e-002	
  1.6323810e-002	
  1.6227579e-002	
  1.6139224e-002	
  1.6057488e-002	
  1.5981336e-002	
  1.5909923e-002	
  1.5842555e-002	
  1.5778668e-002	
  1.5717796e-002	
  1.5659563e-002	
  1.5603658e-002	
  1.5549830e-002	
  1.5497873e-002	
  1.5447618e-002	
  1.5398930e-002	
  1.5351695e-002	
  1.5305823e-002	
  1.5261239e-002	
  1.5217882e-002	
  1.5175702e-002	
  1.5134658e-002	
  1.5094715e-002	
  1.5055847e-002	
  1.5018030e-002	
  1.4981246e-002	
  1.4945477e-002	
  1.4910711e-002	
  1.4876936e-002	
  1.4844143e-002	
  1.4812324e-002	
  1.4781471e-002	
  1.4751578e-002	
  1.4722641e-002	
  1.4694653e-002	
  1.4667612e-002	
  1.4641512e-002	
  1.4616352e-002	
  1.4592128e-002	
  1.4568836e-002	
  1.4546476e-002	
  1.4525043e-002	
  1.4504537e-002	
  1.4484956e-002	
  1.4466297e-002	
  1.4448560e-002	
  1.4431742e-002	
  1.4415844e-002	
  1.4400862e-002	
  1.4386798e-002	
  1.4373649e-002	
  1.4361416e-002	
  1.4350098e-002	
  1.4339694e-002	
  1.4330204e-002	
  1.4321628e-002	
  1.4313967e-002	
  1.4307220e-002	
  1.4301388e-002	
  1.4296472e-002	
  1.4292471e-002	
  1.4289387e-002	
  1.4287220e-002	
  1.4285973e-002	
  1.4285645e-002	
  1.4286239e-002	
  1.4287755e-002	
  1.4290196e-002	
  1.4293563e-002	
  1.4297859e-002	
  1.4303085e-002	
  1.4309244e-002	
  1.4316338e-002	
  1.4324370e-002	
  1.4333342e-002	
  1.4343258e-002	
  1.4354121e-002	
  1.4365933e-002	
  1.4378699e-002	
  1.4392422e-002	
  1.4407105e-002	
  1.4422752e-002	
  1.4439369e-002	
  1.4456958e-002	
  1.4475524e-002	
  1.4495072e-002	
  1.4515607e-002	
  1.4537133e-002	
  1.4559656e-002	
  1.4583182e-002	
  1.4607714e-002	
  1.4633260e-002	
  1.4659825e-002	
  1.4687414e-002	
  1.4716035e-002	
  1.4745694e-002	
  1.4776396e-002	
  1.4808150e-002	
  1.4840961e-002	
  1.4874837e-002	
  1.4909786e-002	
  1.4945814e-002	
  1.4982930e-002	
  1.5021141e-002	
  1.5060456e-002	
  1.5100882e-002	
  1.5142428e-002	
  1.5185103e-002	
  1.5228916e-002	
  1.5273876e-002	
  1.5319991e-002	
  1.5367272e-002	
  1.5415728e-002	
  1.5465369e-002	
  1.5516204e-002	
  1.5568244e-002	
  1.5621500e-002	
  1.5675982e-002	
  1.5731701e-002	
  1.5788668e-002	
  1.5846894e-002	
  1.5906390e-002	
  1.5967168e-002	
  1.6029240e-002	
  1.6092618e-002	
  1.6157314e-002	
  1.6223340e-002	
  1.6290708e-002	
  1.6359432e-002	
  1.6429524e-002	
  1.6500998e-002	
  1.6573866e-002	
  1.6648143e-002	
  1.6723840e-002	
  1.6800974e-002	
  1.6879556e-002	
  1.6959602e-002	
  1.7041125e-002	
  1.7124140e-002	
  1.7208661e-002	
  1.7294703e-002	
  1.7382282e-002	
  1.7471410e-002	
  1.7562105e-002	
  1.7654380e-002	
  1.7748252e-002	
  1.7843734e-002	
  1.7940844e-002	
  1.8039596e-002	
  1.8140005e-002	
  1.8242088e-002	
  1.8345860e-002	
  1.8451336e-002	
  1.8558533e-002	
  1.8667466e-002	
  1.8778150e-002	
  1.8890602e-002	
  1.9004837e-002	
  1.9120870e-002	
  1.9238717e-002	
  1.9358394e-002	
  1.9479915e-002	
  1.9603295e-002	
  1.9728550e-002	
  1.9855695e-002	
  1.9984744e-002	
  2.0115710e-002	
  2.0248610e-002	
  2.0383455e-002	
  2.0520260e-002	
  2.0659038e-002	
  2.0799801e-002	
  2.0942562e-002	
  2.1087333e-002	
  2.1234125e-002	
  2.1382949e-002	
  2.1533816e-002	
  2.1686735e-002	
  2.1841715e-002	
  2.1998765e-002	
  2.2157893e-002	
  2.2319105e-002	
  2.2482409e-002	
  2.2647807e-002	
  2.2815307e-002	
  2.2984910e-002	
  2.3156619e-002	
  2.3330435e-002	
  2.3506358e-002	
  2.3684388e-002	
  2.3864522e-002	
  2.4046756e-002	
  2.4231084e-002	
  2.4417502e-002	
  2.4605999e-002	
  2.4796567e-002	
  2.4989194e-002	
  2.5183867e-002	
  2.5380571e-002	
  2.5579288e-002	
  2.5780000e-002	
  2.5982686e-002	
  2.6187322e-002	
  2.6393883e-002	
  2.6602341e-002	
  2.6812665e-002	
  2.7024824e-002	
  2.7238781e-002	
  2.7454498e-002	
  2.7671935e-002	
  2.7891047e-002	
  2.8111788e-002	
  2.8334108e-002	
  2.8557954e-002	
  2.8783270e-002	
  2.9009996e-002	
  2.9238068e-002	
  2.9467422e-002	
  2.9697986e-002	
  2.9929686e-002	
  3.0162446e-002	
  3.0396183e-002	
  3.0630812e-002	
  3.0866244e-002	
  3.1102385e-002	
  3.1339139e-002	
  3.1576402e-002	
  3.1814070e-002	
  3.2052032e-002	
  3.2290174e-002	
  3.2528376e-002	
  3.2766515e-002	
  3.3004463e-002	
  3.3242089e-002	
  3.3479256e-002	
  3.3715823e-002	
  3.3951644e-002	
  3.4186569e-002	
  3.4420446e-002	
  3.4653114e-002	
  3.4884412e-002	
  3.5114174e-002	
  3.5342228e-002	
  3.5568399e-002	
  3.5792510e-002	
  3.6014378e-002	
  3.6233817e-002	
  3.6450639e-002	
  3.6664651e-002	
  3.6875658e-002	
  3.7083463e-002	
  3.7287864e-002	
  3.7488659e-002	
  3.7685644e-002	
  3.7878611e-002	
  3.8067354e-002	
  3.8251662e-002	
  3.8431327e-002	
  3.8606139e-002	
  3.8775886e-002	
  3.8940360e-002	
  3.9099351e-002	
  3.9252652e-002	
  3.9400057e-002	
  3.9541361e-002	
  3.9676362e-002	
  3.9804862e-002	
  3.9926666e-002	
  4.0041582e-002	
  4.0149425e-002	
  4.0250010e-002	
  4.0343163e-002	
  4.0428713e-002	
  4.0506495e-002	
  4.0576352e-002	
  4.0638135e-002	
  4.0691702e-002	
  4.0736919e-002	
  4.0773662e-002	
  4.0801815e-002	
  4.0821274e-002	
  4.0831942e-002	
  4.0833735e-002	
  4.0826580e-002	
  4.0810414e-002	
  4.0785188e-002	
  4.0750861e-002	
  4.0707409e-002	
  4.0654816e-002	
  4.0593084e-002	
  4.0522223e-002	
  4.0442258e-002	
  4.0353228e-002	
  4.0255184e-002	
  4.0148190e-002	
  4.0032326e-002	
  3.9907681e-002	
  3.9774360e-002	
  3.9632480e-002	
  3.9482170e-002	
  3.9323572e-002	
  3.9156842e-002	
  3.8982144e-002	
  3.8799656e-002	
  3.8609567e-002	
  3.8412076e-002	
  3.8207392e-002	
  3.7995734e-002	
  3.7777330e-002	
  3.7552416e-002	
  3.7321237e-002	
  3.7084043e-002	
  3.6841092e-002	
  3.6592649e-002	
  3.6338982e-002	
  3.6080364e-002	
  3.5817073e-002	
  3.5549388e-002	
  3.5277593e-002	
  3.5001970e-002	
  3.4722806e-002	
  3.4440384e-002	
  3.4154988e-002	
  3.3866903e-002	
  3.3576410e-002	
  3.3283786e-002	
  3.2989307e-002	
  3.2693245e-002	
  3.2395867e-002	
  3.2097436e-002	
  3.1798207e-002	
  3.1498433e-002	
  3.1198357e-002	
  3.0898218e-002	
  3.0598246e-002	
  3.0298665e-002	
  2.9999689e-002	
  2.9701527e-002	
  2.9404378e-002	
  2.9108433e-002	
  2.8813873e-002	
  2.8520874e-002	
  2.8229599e-002	
  2.7940205e-002	
  2.7652840e-002	
  2.7367643e-002	
  2.7084743e-002	
  2.6804263e-002	
  2.6526315e-002	
  2.6251005e-002	
  2.5978429e-002	
  2.5708676e-002	
  2.5441828e-002	
  2.5177958e-002	
  2.4917131e-002	
  2.4659408e-002	
  2.4404841e-002	
  2.4153476e-002	
  2.3905352e-002	
  2.3660503e-002	
  2.3418957e-002	
  2.3180736e-002	
  2.2945859e-002	
  2.2714337e-002	
  2.2486179e-002	
  2.2261388e-002	
  2.2039964e-002	
  2.1821903e-002	
  2.1607196e-002	
  2.1395834e-002	
  2.1187802e-002	
  2.0983084e-002	
  2.0781660e-002	
  2.0583508e-002	
  2.0388605e-002	
  2.0196925e-002	
  2.0008441e-002	
  1.9823123e-002	
  1.9640941e-002	
  1.9461864e-002	
  1.9285857e-002	
  1.9112889e-002	
  1.8942923e-002	
  1.8775926e-002	
  1.8611860e-002	
  1.8450690e-002	
  1.8292378e-002	
  1.8136889e-002	
  1.7984183e-002	
  1.7834225e-002	
  1.7686977e-002	
  1.7542402e-002	
  1.7400461e-002	
  1.7261119e-002	
  1.7124337e-002	
  1.6990080e-002	
  1.6858311e-002	
  1.6728993e-002	
  1.6602091e-002	
  1.6477570e-002	
  1.6355394e-002	
  1.6235529e-002	
  1.6117941e-002	
  1.6002596e-002	
  1.5889460e-002	
  1.5778502e-002	
  1.5669689e-002	
  1.5562988e-002	
  1.5458370e-002	
  1.5355803e-002	
  1.5255258e-002	
  1.5156704e-002	
  1.5060113e-002	
  1.4965456e-002	
  1.4872706e-002	
  1.4781834e-002	
  1.4692815e-002	
  1.4605621e-002	
  1.4520227e-002	
  1.4436609e-002	
  1.4354740e-002	
  1.4274598e-002	
  1.4196158e-002	
  1.4119397e-002	
  1.4044294e-002	
  1.3970825e-002	
  1.3898969e-002	
  1.3828706e-002	
  1.3760014e-002	
  1.3692874e-002	
  1.3627266e-002	
  1.3563172e-002	
  1.3500572e-002	
  1.3439448e-002	
  1.3379783e-002	
  1.3321560e-002	
  1.3264762e-002	
  1.3209373e-002	
  1.3155376e-002	
  1.3102757e-002	
  1.3051501e-002	
  1.3001593e-002	
  1.2953020e-002	
  1.2905767e-002	
  1.2859821e-002	
  1.2815169e-002	
  1.2771800e-002	
  1.2729701e-002	
  1.2688861e-002	
  1.2649267e-002	
  1.2610911e-002	
  1.2573780e-002	
  1.2537866e-002	
  1.2503158e-002	
  1.2469647e-002	
  1.2437325e-002	
  1.2406182e-002	
  1.2376211e-002	
  1.2347404e-002	
  1.2319753e-002	
  1.2293251e-002	
  1.2267892e-002	
  1.2243669e-002	
  1.2220576e-002	
  1.2198608e-002	
  1.2177758e-002	
  1.2158023e-002	
  1.2139397e-002	
  1.2121877e-002	
  1.2105457e-002	
  1.2090136e-002	
  1.2075908e-002	
  1.2062772e-002	
  1.2050725e-002	
  1.2039764e-002	
  1.2029888e-002	
  1.2021094e-002	
  1.2013383e-002	
  1.2006752e-002	
  1.2001201e-002	
  1.1996730e-002	
  1.1993340e-002	
  1.1991029e-002	
  1.1989800e-002	
  1.1989653e-002	
  1.1990590e-002	
  1.1992613e-002	
  1.1995723e-002	
  1.1999924e-002	
  1.2005217e-002	
  1.2011607e-002	
  1.2019097e-002	
  1.2027690e-002	
  1.2037392e-002	
  1.2048206e-002	
  1.2060138e-002	
  1.2073193e-002	
  1.2087377e-002	
  1.2102696e-002	
  1.2119156e-002	
  1.2136765e-002	
  1.2155530e-002	
  1.2175458e-002	
  1.2196559e-002	
  1.2218839e-002	
  1.2242309e-002	
  1.2266977e-002	
  1.2292854e-002	
  1.2319949e-002	
  1.2348274e-002	
  1.2377840e-002	
  1.2408657e-002	
  1.2440740e-002	
  1.2474099e-002	
  1.2508748e-002	
  1.2544701e-002	
  1.2581971e-002	
  1.2620573e-002	
  1.2660523e-002	
  1.2701836e-002	
  1.2744528e-002	
  1.2788616e-002	
  1.2834117e-002	
  1.2881049e-002	
  1.2929430e-002	
  1.2979280e-002	
  1.3030619e-002	
  1.3083466e-002	
  1.3137843e-002	
  1.3193772e-002	
  1.3251273e-002	
  1.3310372e-002	
  1.3371091e-002	
  1.3433455e-002	
  1.3497489e-002	
  1.3563219e-002	
  1.3630672e-002	
  1.3699875e-002	
  1.3770857e-002	
  1.3843647e-002	
  1.3918274e-002	
  1.3994771e-002	
  1.4073168e-002	
  1.4153498e-002	
  1.4235795e-002	
  1.4320094e-002	
  1.4406431e-002	
  1.4494841e-002	
  1.4585363e-002	
  1.4678036e-002	
  1.4772900e-002	
  1.4869994e-002	
  1.4969363e-002	
  1.5071048e-002	
  1.5175096e-002	
  1.5281550e-002	
  1.5390459e-002	
  1.5501872e-002	
  1.5615837e-002	
  1.5732406e-002	
  1.5851632e-002	
  1.5973569e-002	
  1.6098272e-002	
  1.6225798e-002	
  1.6356206e-002	
  1.6489557e-002	
  1.6625912e-002	
  1.6765335e-002	
  1.6907891e-002	
  1.7053647e-002	
  1.7202674e-002	
  1.7355040e-002	
  1.7510820e-002	
  1.7670088e-002	
  1.7832921e-002	
  1.7999398e-002	
  1.8169600e-002	
  1.8343610e-002	
  1.8521513e-002	
  1.8703398e-002	
  1.8889354e-002	
  1.9079474e-002	
  1.9273853e-002	
  1.9472588e-002	
  1.9675779e-002	
  1.9883529e-002	
  2.0095943e-002	
  2.0313130e-002	
  2.0535199e-002	
  2.0762265e-002	
  2.0994444e-002	
  2.1231855e-002	
  2.1474622e-002	
  2.1722870e-002	
  2.1976727e-002	
  2.2236325e-002	
  2.2501800e-002	
  2.2773290e-002	
  2.3050936e-002	
  2.3334884e-002	
  2.3625282e-002	
  2.3922282e-002	
  2.4226040e-002	
  2.4536714e-002	
  2.4854467e-002	
  2.5179465e-002	
  2.5511877e-002	
  2.5851877e-002	
  2.6199641e-002	
  2.6555351e-002	
  2.6919188e-002	
  2.7291343e-002	
  2.7672004e-002	
  2.8061368e-002	
  2.8459631e-002	
  2.8866995e-002	
  2.9283665e-002	
  2.9709849e-002	
  3.0145756e-002	
  3.0591603e-002	
  3.1047604e-002	
  3.1513979e-002	
  3.1990950e-002	
  3.2478742e-002	
  3.2977580e-002	
  3.3487692e-002	
  3.4009307e-002	
  3.4542656e-002	
  3.5087971e-002	
  3.5645484e-002	
  3.6215425e-002	
  3.6798027e-002	
  3.7393520e-002	
  3.8002134e-002	
  3.8624095e-002	
  3.9259628e-002	
  3.9908955e-002	
  4.0572292e-002	
  4.1249851e-002	
  4.1941841e-002	
  4.2648460e-002	
  4.3369902e-002	
  4.4106352e-002	
  4.4857983e-002	
  4.5624960e-002	
  4.6407436e-002	
  4.7205549e-002	
  4.8019425e-002	
  4.8849171e-002	
  4.9694879e-002	
  5.0556621e-002	
  5.1434449e-002	
  5.2328392e-002	
  5.3238455e-002	
  5.4164616e-002	
  5.5106827e-002	
  5.6065008e-002	
  5.7039048e-002	
  5.8028802e-002	
  5.9034086e-002	
  6.0054681e-002	
  6.1090324e-002	
  6.2140709e-002	
  6.3205485e-002	
  6.4284252e-002	
  6.5376559e-002	
  6.6481902e-002	
  6.7599721e-002	
  6.8729397e-002	
  6.9870252e-002	
  7.1021543e-002	
  7.2182464e-002	
  7.3352140e-002	
  7.4529624e-002	
  7.5713902e-002	
  7.6903883e-002	
  7.8098401e-002	
  7.9296215e-002	
  8.0496004e-002	
  8.1696370e-002	
  8.2895834e-002	
  8.4092837e-002	
  8.5285739e-002	
  8.6472822e-002	
  8.7652289e-002	
  8.8822262e-002	
  8.9980790e-002	
  9.1125846e-002	
  9.2255332e-002	
  9.3367081e-002	
  9.4458860e-002	
  9.5528380e-002	
  9.6573291e-002	
  9.7591196e-002	
  9.8579655e-002	
  9.9536189e-002	
  1.0045829e-001	
  1.0134343e-001	
  1.0218907e-001	
  1.0299267e-001	
  1.0375168e-001	
  1.0446359e-001	
  1.0512591e-001	
  1.0573618e-001	
  1.0629202e-001	
  1.0679108e-001	
  1.0723111e-001	
  1.0760994e-001	
  1.0792551e-001	
  1.0817589e-001	
  1.0835924e-001	
  1.0847391e-001	
  1.0851838e-001	
  1.0849130e-001	
  1.0839151e-001	
  1.0821803e-001	
  1.0797010e-001	
  1.0764715e-001	
  1.0724885e-001	
  1.0677510e-001	
  1.0622604e-001	
  1.0560202e-001	
  1.0490369e-001	
  1.0413191e-001	
  1.0328779e-001	
  1.0237272e-001	
  1.0138832e-001	
  1.0033645e-001	
  9.9219213e-002	
  9.8038950e-002	
  9.6798221e-002	
  9.5499799e-002	
  9.4146657e-002	
  9.2741956e-002	
  9.1289028e-002	
  8.9791361e-002	
  8.8252579e-002	
  8.6676426e-002	
  8.5066743e-002	
  8.3427452e-002	
  8.1762529e-002	
  8.0075989e-002	
  7.8371857e-002	
  7.6654152e-002	
  7.4926864e-002	
  7.3193930e-002	
  7.1459217e-002	
  6.9726501e-002	
  6.7999448e-002	
  6.6281593e-002	
  6.4576330e-002	
  6.2886893e-002	
  6.1216342e-002	
  5.9567551e-002	
  5.7943202e-002	
  5.6345771e-002	
  5.4777524e-002	
  5.3240515e-002	
  5.1736578e-002	
  5.0267329e-002	
  4.8834164e-002	
  4.7438268e-002	
  4.6080610e-002	
  4.4761954e-002	
  4.3482865e-002	
  4.2243717e-002	
  4.1044699e-002	
  3.9885830e-002	
  3.8766967e-002	
  3.7687816e-002	
  3.6647947e-002	
  3.5646802e-002	
  3.4683712e-002	
  3.3757905e-002	
  3.2868522e-002	
  3.2014628e-002	
  3.1195225e-002	
  3.0409260e-002	
  2.9655641e-002	
  2.8933242e-002	
  2.8240918e-002	
  2.7577509e-002	
  2.6941855e-002	
  2.6332795e-002	
  2.5749181e-002	
  2.5189880e-002	
  2.4653780e-002	
  2.4139798e-002	
  2.3646877e-002	
  2.3173996e-002	
  2.2720168e-002	
  2.2284445e-002	
  2.1865916e-002	
  2.1463711e-002	
  2.1077001e-002	
  2.0704995e-002	
  2.0346945e-002	
  2.0002141e-002	
  1.9669910e-002	
  1.9349620e-002	
  1.9040671e-002	
  1.8742503e-002	
  1.8454584e-002	
  1.8176418e-002	
  1.7907537e-002	
  1.7647504e-002	
  1.7395905e-002	
  1.7152356e-002	
  1.6916495e-002	
  1.6687980e-002	
  1.6466495e-002	
  1.6251738e-002	
  1.6043431e-002	
  1.5841307e-002	
  1.5645120e-002	
  1.5454635e-002	
  1.5269633e-002	
  1.5089906e-002	
  1.4915258e-002	
  1.4745505e-002	
  1.4580471e-002	
  1.4419993e-002	
  1.4263913e-002	
  1.4112083e-002	
  1.3964362e-002	
  1.3820617e-002	
  1.3680720e-002	
  1.3544551e-002	
  1.3411995e-002	
  1.3282941e-002	
  1.3157285e-002	
  1.3034928e-002	
  1.2915773e-002	
  1.2799731e-002	
  1.2686712e-002	
  1.2576635e-002	
  1.2469418e-002	
  1.2364987e-002	
  1.2263266e-002	
  1.2164186e-002	
  1.2067680e-002	
  1.1973682e-002	
  1.1882130e-002	
  1.1792965e-002	
  1.1706130e-002	
  1.1621568e-002	
  1.1539228e-002	
  1.1459059e-002	
  1.1381011e-002	
  1.1305037e-002	
  1.1231092e-002	
  1.1159134e-002	
  1.1089118e-002	
  1.1021007e-002	
  1.0954760e-002	
  1.0890340e-002	
  1.0827712e-002	
  1.0766841e-002	
  1.0707694e-002	
  1.0650238e-002	
  1.0594444e-002	
  1.0540281e-002	
  1.0487722e-002	
  1.0436738e-002	
  1.0387304e-002	
  1.0339395e-002	
  1.0292985e-002	
  1.0248053e-002	
  1.0204575e-002	
  1.0162530e-002	
  1.0121898e-002	
  1.0082659e-002	
  1.0044794e-002	
  1.0008285e-002	
  9.9731151e-003	
  9.9392676e-003	
  9.9067270e-003	
  9.8754781e-003	
  9.8455067e-003	
  9.8167994e-003	
  9.7893431e-003	
  9.7631258e-003	
  9.7381359e-003	
  9.7143625e-003	
  9.6917954e-003	
  9.6704250e-003	
  9.6502423e-003	
  9.6312387e-003	
  9.6134067e-003	
  9.5967389e-003	
  9.5812288e-003	
  9.5668702e-003	
  9.5536577e-003	
  9.5415864e-003	
  9.5306519e-003	
  9.5208505e-003	
  9.5121788e-003	
  9.5046342e-003	
  9.4982145e-003	
  9.4929181e-003	
  9.4887440e-003	
  9.4856916e-003	
  9.4837610e-003	
  9.4829527e-003	
  9.4832679e-003	
  9.4847082e-003	
  9.4872758e-003	
  9.4909735e-003	
  9.4958047e-003	
  9.5017732e-003	
  9.5088834e-003	
  9.5171405e-003	
  9.5265499e-003	
  9.5371179e-003	
  9.5488513e-003	
  9.5617575e-003	
  9.5758444e-003	
  9.5911206e-003	
  9.6075953e-003	
  9.6252786e-003	
  9.6441807e-003	
  9.6643130e-003	
  9.6856873e-003	
  9.7083162e-003	
  9.7322129e-003	
  9.7573913e-003	
  9.7838663e-003	
  9.8116532e-003	
  9.8407683e-003	
  9.8712286e-003	
  9.9030520e-003	
  9.9362572e-003	
  9.9708637e-003	
  1.0006892e-002	
  1.0044363e-002	
  1.0083300e-002	
  1.0123725e-002	
  1.0165663e-002	
  1.0209139e-002	
  1.0254180e-002	
  1.0300812e-002	
  1.0349065e-002	
  1.0398967e-002	
  1.0450550e-002	
  1.0503847e-002	
  1.0558889e-002	
  1.0615713e-002	
  1.0674354e-002	
  1.0734851e-002	
  1.0797241e-002	
  1.0861565e-002	
  1.0927867e-002	
  1.0996188e-002	
  1.1066577e-002	
  1.1139078e-002	
  1.1213743e-002	
  1.1290621e-002	
  1.1369767e-002	
  1.1451235e-002	
  1.1535083e-002	
  1.1621371e-002	
  1.1710161e-002	
  1.1801516e-002	
  1.1895506e-002	
  1.1992199e-002	
  1.2091667e-002	
  1.2193988e-002	
  1.2299239e-002	
  1.2407501e-002	
  1.2518861e-002	
  1.2633407e-002	
  1.2751231e-002	
  1.2872429e-002	
  1.2997102e-002	
  1.3125353e-002	
  1.3257291e-002	
  1.3393030e-002	
  1.3532688e-002	
  1.3676387e-002	
  1.3824257e-002	
  1.3976430e-002	
  1.4133047e-002	
  1.4294254e-002	
  1.4460203e-002	
  1.4631053e-002	
  1.4806969e-002	
  1.4988127e-002	
  1.5174706e-002	
  1.5366897e-002	
  1.5564898e-002	
  1.5768917e-002	
  1.5979170e-002	
  1.6195886e-002	
  1.6419301e-002	
  1.6649666e-002	
  1.6887241e-002	
  1.7132301e-002	
  1.7385133e-002	
  1.7646036e-002	
  1.7915329e-002	
  1.8193342e-002	
  1.8480423e-002	
  1.8776938e-002	
  1.9083272e-002	
  1.9399828e-002	
  1.9727031e-002	
  2.0065329e-002	
  2.0415191e-002	
  2.0777113e-002	
  2.1151615e-002	
  2.1539247e-002	
  2.1940589e-002	
  2.2356250e-002	
  2.2786875e-002	
  2.3233144e-002	
  2.3695773e-002	
  2.4175521e-002	
  2.4673188e-002	
  2.5189620e-002	
  2.5725713e-002	
  2.6282414e-002	
  2.6860724e-002	
  2.7461705e-002	
  2.8086480e-002	
  2.8736241e-002	
  2.9412252e-002	
  3.0115850e-002	
  3.0848458e-002	
  3.1611585e-002	
  3.2406833e-002	
  3.3235905e-002	
  3.4100611e-002	
  3.5002876e-002	
  3.5944748e-002	
  3.6928406e-002	
  3.7956171e-002	
  3.9030515e-002	
  4.0154073e-002	
  4.1329654e-002	
  4.2560254e-002	
  4.3849070e-002	
  4.5199514e-002	
  4.6615231e-002	
  4.8100114e-002	
  4.9658324e-002	
  5.1294310e-002	
  5.3012830e-002	
  5.4818975e-002	
  5.6718194e-002	
  5.8716321e-002	
  6.0819606e-002	
  6.3034744e-002	
  6.5368912e-002	
  6.7829804e-002	
  7.0425670e-002	
  7.3165361e-002	
  7.6058376e-002	
  7.9114907e-002	
  8.2345898e-002	
  8.5763100e-002	
  8.9379131e-002	
  9.3207550e-002	
  9.7262919e-002	
  1.0156089e-001	
  1.0611828e-001	
  1.1095315e-001	
  1.1608495e-001	
  1.2153454e-001	
  1.2732437e-001	
  1.3347855e-001	
  1.4002302e-001	
  1.4698563e-001	
  1.5439632e-001	
  1.6228726e-001	
  1.7069298e-001	
  1.7965059e-001	
  1.8919992e-001	
  1.9938372e-001	
  2.1024784e-001	
  2.2184146e-001	
  2.3421728e-001	
  2.4743178e-001	
  2.6154538e-001	
  2.7662276e-001	
  2.9273305e-001	
  3.0995009e-001	
  3.2835266e-001	
  3.4802478e-001	
  3.6905590e-001	
  3.9154117e-001	
  4.1558165e-001	
  4.4128453e-001	
  4.6876335e-001	
  4.9813812e-001	
  5.2953548e-001	
  5.6308878e-001	
  5.9893814e-001	
  6.3723039e-001	
  6.7811901e-001	
  7.2176392e-001	
  7.6833122e-001	
  8.1799276e-001	
  8.7092563e-001	
  9.2731148e-001	
  9.8733565e-001	
  1.0511861e+000	
  1.1190522e+000	
  1.1911233e+000	
  1.2675868e+000	
  1.3486262e+000	
  1.4344189e+000	
  1.5251335e+000	
  1.6209266e+000	
  1.7219400e+000	
  1.8282966e+000	
  1.9400964e+000	
  2.0574126e+000	
  2.1802864e+000	
  2.3087222e+000	
  2.4426826e+000	
  2.5820825e+000	
  2.7267842e+000	
  2.8765911e+000	
  3.0312424e+000	
  3.1904081e+000	
  3.3536835e+000	
  3.5205849e+000	
  3.6905461e+000	
  3.8629147e+000	
  4.0369514e+000	
  4.2118285e+000	
  4.3866314e+000	
  4.5603616e+000	
  4.7319409e+000	
  4.9002186e+000	
  5.0639802e+000	
  5.2219587e+000	
  5.3728484e+000	
  5.5153199e+000	
  5.6480387e+000	
  5.7696838e+000	
  5.8789693e+000	
  5.9746660e+000	
  6.0556241e+000	
  6.1207957e+000	
  6.1692564e+000	
  6.2002260e+000	
  6.2130870e+000	
  6.2074005e+000	
  6.1829190e+000	
  6.1395957e+000	
  6.0775892e+000	
  5.9972645e+000	
  5.8991892e+000	
  5.7841252e+000	
  5.6530171e+000	
  5.5069751e+000	
  5.3472563e+000	
  5.1752418e+000	
  4.9924128e+000	
  4.8003245e+000	
  4.6005796e+000	
  4.3948022e+000	
  4.1846118e+000	
  3.9715997e+000	
  3.7573063e+000	
  3.5432012e+000	
  3.3306665e+000	
  3.1209819e+000	
  2.9153142e+000	
  2.7147083e+000	
  2.5200826e+000	
  2.3322261e+000	
  2.1517984e+000	
  1.9793326e+000	
  1.8152388e+000	
  1.6598109e+000	
  1.5132332e+000	
  1.3755893e+000	
  1.2468713e+000	
  1.1269888e+000	
  1.0157796e+000	
  9.1301862e-001	
  8.1842841e-001	
  7.3168792e-001	
  6.5244161e-001	
  5.8030766e-001	
  5.1488565e-001	
  4.5576356e-001	
  4.0252400e-001	
  3.5474973e-001	
  3.1202850e-001	
  2.7395714e-001	
  2.4014497e-001	
  2.1021663e-001	
  1.8381422e-001	
  1.6059900e-001	
  1.4025253e-001	
  1.2247735e-001	
  1.0699731e-001	
  9.3557577e-002	
  8.1924273e-002	
  7.1883952e-002	
  6.3242842e-002	
  5.5825938e-002	
  4.9475986e-002	
  4.4052380e-002	
  3.9430007e-002	
  3.5498073e-002	
  3.2158925e-002	
  2.9326888e-002	
  2.6927138e-002	
  2.4894627e-002	
  2.3173049e-002	
  2.1713887e-002	
  2.0475510e-002	
  1.9422351e-002	
  1.8524153e-002	
  1.7755280e-002	
  1.7094101e-002	
  1.6522438e-002	
  1.6025074e-002	
  1.5589320e-002	
  1.5204631e-002	
  1.4862278e-002	
  1.4555061e-002	
  1.4277055e-002	
  1.4023403e-002	
  1.3790134e-002	
  1.3574007e-002	
  1.3372385e-002	
  1.3183122e-002	
  1.3004477e-002	
  1.2835036e-002	
  1.2673651e-002	
  1.2519389e-002	
  1.2371489e-002	
  1.2229328e-002	
  1.2092396e-002	
  1.1960272e-002	
  1.1832603e-002	
  1.1709096e-002	
  1.1589502e-002	
  1.1473608e-002	
  1.1361229e-002	
  1.1252204e-002	
  1.1146391e-002	
  1.1043663e-002	
  1.0943905e-002	
  1.0847013e-002	
  1.0752890e-002	
  1.0661448e-002	
  1.0572604e-002	
  1.0486280e-002	
  1.0402403e-002	
  1.0320905e-002	
  1.0241720e-002	
  1.0164787e-002	
  1.0090046e-002	
  1.0017443e-002	
  9.9469218e-003	
  9.8784330e-003	
  9.8119274e-003	
  9.7473583e-003	
  9.6846810e-003	
  9.6238527e-003	
  9.5648324e-003	
  9.5075810e-003	
  9.4520608e-003	
  9.3982358e-003	
  9.3460717e-003	
  9.2955353e-003	
  9.2465950e-003	
  9.1992205e-003	
  9.1533829e-003	
  9.1090543e-003	
  9.0662082e-003	
  9.0248192e-003	
  8.9848630e-003	
  8.9463164e-003	
  8.9091571e-003	
  8.8733640e-003	
  8.8389170e-003	
  8.8057966e-003	
  8.7739847e-003	
  8.7434637e-003	
  8.7142171e-003	
  8.6862291e-003	
  8.6594849e-003	
  8.6339702e-003	
  8.6096719e-003	
  8.5865773e-003	
  8.5646746e-003	
  8.5439528e-003	
  8.5244014e-003	
  8.5060108e-003	
  8.4887720e-003	
  8.4726768e-003	
  8.4577176e-003	
  8.4438873e-003	
  8.4311796e-003	
  8.4195891e-003	
  8.4091105e-003	
  8.3997395e-003	
  8.3914724e-003	
  8.3843060e-003	
  8.3782378e-003	
  8.3732659e-003	
  8.3693890e-003	
  8.3666065e-003	
  8.3649182e-003	
  8.3643248e-003	
  8.3648274e-003	
  8.3664279e-003	
  8.3691285e-003	
  8.3729324e-003	
  8.3778432e-003	
  8.3838652e-003	
  8.3910034e-003	
  8.3992632e-003	
  8.4086511e-003	
  8.4191738e-003	
  8.4308389e-003	
  8.4436547e-003	
  8.4576301e-003	
  8.4727749e-003	
  8.4890993e-003	
  8.5066145e-003	
  8.5253324e-003	
  8.5452655e-003	
  8.5664274e-003	
  8.5888321e-003	
  8.6124948e-003	
  8.6374313e-003	
  8.6636585e-003	
  8.6911938e-003	
  8.7200559e-003	
  8.7502644e-003	
  8.7818396e-003	
  8.8148031e-003	
  8.8491773e-003	
  8.8849858e-003	
  8.9222534e-003	
  8.9610059e-003	
  9.0012702e-003	
  9.0430746e-003	
  9.0864486e-003	
  9.1314229e-003	
  9.1780299e-003	
  9.2263029e-003	
  9.2762772e-003	
  9.3279892e-003	
  9.3814772e-003	
  9.4367809e-003	
  9.4939419e-003	
  9.5530036e-003	
  9.6140110e-003	
  9.6770114e-003	
  9.7420539e-003	
  9.8091898e-003	
  9.8784726e-003	
  9.9499580e-003	
  1.0023704e-002	
  1.0099773e-002	
  1.0178226e-002	
  1.0259130e-002	
  1.0342555e-002	
  1.0428572e-002	
  1.0517256e-002	
  1.0608687e-002	
  1.0702947e-002	
  1.0800120e-002	
  1.0900298e-002	
  1.1003573e-002	
  1.1110043e-002	
  1.1219812e-002	
  1.1332986e-002	
  1.1449677e-002	
  1.1570004e-002	
  1.1694088e-002	
  1.1822059e-002	
  1.1954051e-002	
  1.2090207e-002	
  1.2230674e-002	
  1.2375608e-002	
  1.2525171e-002	
  1.2679536e-002	
  1.2838883e-002	
  1.3003399e-002	
  1.3173283e-002	
  1.3348745e-002	
  1.3530003e-002	
  1.3717288e-002	
  1.3910844e-002	
  1.4110927e-002	
  1.4317806e-002	
  1.4531766e-002	
  1.4753106e-002	
  1.4982142e-002	
  1.5219210e-002	
  1.5464660e-002	
  1.5718867e-002	
  1.5982224e-002	
  1.6255148e-002	
  1.6538080e-002	
  1.6831488e-002	
  1.7135866e-002	
  1.7451739e-002	
  1.7779665e-002	
  1.8120234e-002	
  1.8474074e-002	
  1.8841852e-002	
  1.9224277e-002	
  1.9622104e-002	
  2.0036137e-002	
  2.0467232e-002	
  2.0916301e-002	
  2.1384318e-002	
  2.1872323e-002	
  2.2381426e-002	
  2.2912813e-002	
  2.3467756e-002	
  2.4047612e-002	
  2.4653838e-002	
  2.5287995e-002	
  2.5951757e-002	
  2.6646923e-002	
  2.7375423e-002	
  2.8139334e-002	
  2.8940893e-002	
  2.9782504e-002	
  3.0666762e-002	
  3.1596464e-002	
  3.2574630e-002	
  3.3604522e-002	
  3.4689666e-002	
  3.5833880e-002	
  3.7041296e-002	
  3.8316393e-002	
  3.9664030e-002	
  4.1089482e-002	
  4.2598481e-002	
  4.4197260e-002	
  4.5892602e-002	
  4.7691897e-002	
  4.9603204e-002	
  5.1635313e-002	
  5.3797826e-002	
  5.6101239e-002	
  5.8557033e-002	
  6.1177782e-002	
  6.3977263e-002	
  6.6970588e-002	
  7.0174347e-002	
  7.3606766e-002	
  7.7287887e-002	
  8.1239768e-002	
  8.5486705e-002	
  9.0055480e-002	
  9.4975642e-002	
  1.0027982e-001	
  1.0600406e-001	
  1.1218824e-001	
  1.1887650e-001	
  1.2611770e-001	
  1.3396603e-001	
  1.4248158e-001	
  1.5173106e-001	
  1.6178857e-001	
  1.7273647e-001	
  1.8466638e-001	
  1.9768022e-001	
  2.1189155e-001	
  2.2742684e-001	
  2.4442710e-001	
  2.6304962e-001	
  2.8346988e-001	
  3.0588376e-001	
  3.3051004e-001	
  3.5759307e-001	
  3.8740588e-001	
  4.2025364e-001	
  4.5647740e-001	
  4.9645846e-001	
  5.4062305e-001	
  5.8944761e-001	
  6.4346463e-001	
  7.0326912e-001	
  7.6952572e-001	
  8.4297647e-001	
  9.2444942e-001	
  1.0148679e+000	
  1.1152606e+000	
  1.2267724e+000	
  1.3506761e+000	
  1.4883843e+000	
  1.6414626e+000	
  1.8116424e+000	
  2.0008346e+000	
  2.2111421e+000	
  2.4448729e+000	
  2.7045502e+000	
  2.9929223e+000	
  3.3129679e+000	
  3.6678976e+000	
  4.0611497e+000	
  4.4963776e+000	
  4.9774280e+000	
  5.5083052e+000	
  6.0931211e+000	
  6.7360250e+000	
  7.4411110e+000	
  8.2122988e+000	
  9.0531836e+000	
  9.9668527e+000	
  1.0955664e+001	
  1.2020990e+001	
  1.3162917e+001	
  1.4379922e+001	
  1.5668515e+001	
  1.7022872e+001	
  1.8434476e+001	
  1.9891789e+001	
  2.1379994e+001	
  2.2880830e+001	
  2.4372590e+001	
  2.5830296e+001	
  2.7226116e+001	
  2.8530033e+001	
  2.9710789e+001	
  3.0737084e+001	
  3.1578985e+001	
  3.2209468e+001	
  3.2605981e+001	
  3.2751893e+001	
  3.2637696e+001	
  3.2261817e+001	
  3.1630948e+001	
  3.0759832e+001	
  2.9670520e+001	
  2.8391146e+001	
  2.6954366e+001	
  2.5395571e+001	
  2.3751083e+001	
  2.2056456e+001	
  2.0345015e+001	
  1.8646724e+001	
  1.6987413e+001	
  1.5388361e+001	
  1.3866201e+001	
  1.2433088e+001	
  1.1097063e+001	
  9.8625405e+000	
  8.7308677e+000	
  7.7008954e+000	
  6.7695289e+000	
  5.9322309e+000	
  5.1834628e+000	
  4.5170578e+000	
  3.9265252e+000	
  3.4052914e+000	
  2.9468831e+000	
  2.5450610e+000	
  2.1939130e+000	
  1.8879132e+000	
  1.6219551e+000	
  1.3913644e+000	
  1.1918971e+000	
  1.0197261e+000	
  8.7142102e-001	
  7.4392354e-001	
  6.3451932e-001	
  5.4080947e-001	
  4.6068165e-001	
  3.9228218e-001	
  3.3398931e-001	
  2.8438822e-001	
  2.4224790e-001	
  2.0649984e-001	
  1.7621878e-001	
  1.5060520e-001	
  1.2896976e-001	
  1.1071923e-001	
  9.5344128e-002	
  8.2407718e-002	
  7.1536294e-002	
  6.2410667e-002	
  5.4758692e-002	
  4.8348731e-002	
  4.2983969e-002	
  3.8497452e-002	
  3.4747801e-002	
  3.1615488e-002	
  2.8999629e-002	
  2.6815211e-002	
  2.4990715e-002	
  2.3466070e-002	
  2.2190901e-002	
  2.1123034e-002	
  2.0227215e-002	
  1.9474022e-002	
  1.8838937e-002	
  1.8301565e-002	
  1.7844964e-002	
  1.7455080e-002	
  1.7120279e-002	
  1.6830938e-002	
  1.6579113e-002	
  1.6358256e-002	
  1.6162975e-002	
  1.5988839e-002	
  1.5832210e-002	
  1.5690106e-002	
  1.5560085e-002	
  1.5440150e-002	
  1.5328671e-002	
  1.5224318e-002	
  1.5126006e-002	
  1.5032851e-002	
  1.4944136e-002	
  1.4859276e-002	
  1.4777796e-002	
  1.4699310e-002	
  1.4623503e-002	
  1.4550120e-002	
  1.4478953e-002	
  1.4409832e-002	
  1.4342619e-002	
  1.4277199e-002	
  1.4213480e-002	
  1.4151384e-002	
  1.4090847e-002	
  1.4031815e-002	
  1.3974245e-002	
  1.3918096e-002	
  1.3863338e-002	
  1.3809941e-002	
  1.3757882e-002	
  1.3707138e-002	
  1.3657691e-002	
  1.3609523e-002	
  1.3562619e-002	
  1.3516964e-002	
  1.3472544e-002	
  1.3429349e-002	
  1.3387366e-002	
  1.3346584e-002	
  1.3306994e-002	
  1.3268586e-002	
  1.3231349e-002	
  1.3195277e-002	
  1.3160360e-002	
  1.3126591e-002	
  1.3093962e-002	
  1.3062465e-002	
  1.3032094e-002	
  1.3002842e-002	
  1.2974704e-002	
  1.2947672e-002	
  1.2921741e-002	
  1.2896906e-002	
  1.2873162e-002	
  1.2850504e-002	
  1.2828927e-002	
  1.2808427e-002	
  1.2789000e-002	
  1.2770643e-002	
  1.2753352e-002	
  1.2737123e-002	
  1.2721955e-002	
  1.2707844e-002	
  1.2694788e-002	
  1.2682785e-002	
  1.2671834e-002	
  1.2661932e-002	
  1.2653080e-002	
  1.2645275e-002	
  1.2638517e-002	
  1.2632806e-002	
  1.2628141e-002	
  1.2624524e-002	
  1.2621954e-002	
  1.2620433e-002	
  1.2619960e-002	
  1.2620539e-002	
  1.2622169e-002	
  1.2624854e-002	
  1.2628596e-002	
  1.2633397e-002	
  1.2639259e-002	
  1.2646186e-002	
  1.2654182e-002	
  1.2663250e-002	
  1.2673395e-002	
  1.2684619e-002	
  1.2696929e-002	
  1.2710330e-002	
  1.2724825e-002	
  1.2740422e-002	
  1.2757126e-002	
  1.2774943e-002	
  1.2793880e-002	
  1.2813944e-002	
  1.2835142e-002	
  1.2857481e-002	
  1.2880971e-002	
  1.2905618e-002	
  1.2931433e-002	
  1.2958423e-002	
  1.2986598e-002	
  1.3015969e-002	
  1.3046544e-002	
  1.3078336e-002	
  1.3111354e-002	
  1.3145610e-002	
  1.3181116e-002	
  1.3217884e-002	
  1.3255927e-002	
  1.3295257e-002	
  1.3335889e-002	
  1.3377835e-002	
  1.3421111e-002	
  1.3465730e-002	
  1.3511709e-002	
  1.3559063e-002	
  1.3607807e-002	
  1.3657960e-002	
  1.3709538e-002	
  1.3762558e-002	
  1.3817039e-002	
  1.3873000e-002	
  1.3930459e-002	
  1.3989437e-002	
  1.4049954e-002	
  1.4112030e-002	
  1.4175688e-002	
  1.4240949e-002	
  1.4307836e-002	
  1.4376373e-002	
  1.4446582e-002	
  1.4518489e-002	
  1.4592119e-002	
  1.4667497e-002	
  1.4744651e-002	
  1.4823607e-002	
  1.4904393e-002	
  1.4987038e-002	
  1.5071570e-002	
  1.5158021e-002	
  1.5246421e-002	
  1.5336801e-002	
  1.5429193e-002	
  1.5523632e-002	
  1.5620150e-002	
  1.5718783e-002	
  1.5819567e-002	
  1.5922536e-002	
  1.6027730e-002	
  1.6135187e-002	
  1.6244944e-002	
  1.6357043e-002	
  1.6471525e-002	
  1.6588431e-002	
  1.6707804e-002	
  1.6829689e-002	
  1.6954129e-002	
  1.7081172e-002	
  1.7210864e-002	
  1.7343254e-002	
  1.7478389e-002	
  1.7616321e-002	
  1.7757101e-002	
  1.7900781e-002	
  1.8047414e-002	
  1.8197057e-002	
  1.8349763e-002	
  1.8505590e-002	
  1.8664598e-002	
  1.8826844e-002	
  1.8992389e-002	
  1.9161296e-002	
  1.9333628e-002	
  1.9509448e-002	
  1.9688823e-002	
  1.9871819e-002	
  2.0058504e-002	
  2.0248948e-002	
  2.0443222e-002	
  2.0641397e-002	
  2.0843546e-002	
  2.1049744e-002	
  2.1260067e-002	
  2.1474591e-002	
  2.1693395e-002	
  2.1916557e-002	
  2.2144160e-002	
  2.2376284e-002	
  2.2613013e-002	
  2.2854430e-002	
  2.3100621e-002	
  2.3351671e-002	
  2.3607669e-002	
  2.3868703e-002	
  2.4134861e-002	
  2.4406234e-002	
  2.4682912e-002	
  2.4964988e-002	
  2.5252553e-002	
  2.5545700e-002	
  2.5844523e-002	
  2.6149115e-002	
  2.6459570e-002	
  2.6775983e-002	
  2.7098447e-002	
  2.7427057e-002	
  2.7761906e-002	
  2.8103088e-002	
  2.8450695e-002	
  2.8804820e-002	
  2.9165553e-002	
  2.9532986e-002	
  2.9907205e-002	
  3.0288298e-002	
  3.0676351e-002	
  3.1071445e-002	
  3.1473662e-002	
  3.1883079e-002	
  3.2299770e-002	
  3.2723807e-002	
  3.3155258e-002	
  3.3594185e-002	
  3.4040647e-002	
  3.4494699e-002	
  3.4956389e-002	
  3.5425759e-002	
  3.5902845e-002	
  3.6387678e-002	
  3.6880279e-002	
  3.7380662e-002	
  3.7888833e-002	
  3.8404788e-002	
  3.8928515e-002	
  3.9459990e-002	
  3.9999179e-002	
  4.0546035e-002	
  4.1100500e-002	
  4.1662502e-002	
  4.2231956e-002	
  4.2808762e-002	
  4.3392803e-002	
  4.3983950e-002	
  4.4582051e-002	
  4.5186942e-002	
  4.5798438e-002	
  4.6416332e-002	
  4.7040401e-002	
  4.7670398e-002	
  4.8306056e-002	
  4.8947082e-002	
  4.9593164e-002	
  5.0243962e-002	
  5.0899111e-002	
  5.1558222e-002	
  5.2220878e-002	
  5.2886636e-002	
  5.3555022e-002	
  5.4225537e-002	
  5.4897650e-002	
  5.5570804e-002	
  5.6244408e-002	
  5.6917843e-002	
  5.7590460e-002	
  5.8261579e-002	
  5.8930487e-002	
  5.9596445e-002	
  6.0258680e-002	
  6.0916392e-002	
  6.1568748e-002	
  6.2214889e-002	
  6.2853928e-002	
  6.3484950e-002	
  6.4107014e-002	
  6.4719155e-002	
  6.5320384e-002	
  6.5909693e-002	
  6.6486052e-002	
  6.7048414e-002	
  6.7595718e-002	
  6.8126888e-002	
  6.8640841e-002	
  6.9136484e-002	
  6.9612722e-002	
  7.0068459e-002	
  7.0502600e-002	
  7.0914058e-002	
  7.1301756e-002	
  7.1664631e-002	
  7.2001636e-002	
  7.2311751e-002	
  7.2593978e-002	
  7.2847353e-002	
  7.3070949e-002	
  7.3263875e-002	
  7.3425290e-002	
  7.3554398e-002	
  7.3650461e-002	
  7.3712796e-002	
  7.3740786e-002	
  7.3733880e-002	
  7.3691596e-002	
  7.3613531e-002	
  7.3499358e-002	
  7.3348833e-002	
  7.3161798e-002	
  7.2938183e-002	
  7.2678005e-002	
  7.2381378e-002	
  7.2048508e-002	
  7.1679695e-002	
  7.1275337e-002	
  7.0835924e-002	
  7.0362046e-002	
  6.9854384e-002	
  6.9313714e-002	
  6.8740903e-002	
  6.8136905e-002	
  6.7502761e-002	
  6.6839595e-002	
  6.6148607e-002	
  6.5431072e-002	
  6.4688331e-002	
  6.3921792e-002	
  6.3132917e-002	
  6.2323220e-002	
  6.1494260e-002	
  6.0647632e-002	
  5.9784964e-002	
  5.8907905e-002	
  5.8018123e-002	
  5.7117291e-002	
  5.6207087e-002	
  5.5289181e-002	
  5.4365232e-002	
  5.3436876e-002	
  5.2505724e-002	
  5.1573352e-002	
  5.0641298e-002	
  4.9711053e-002	
  4.8784058e-002	
  4.7861695e-002	
  4.6945288e-002	
  4.6036095e-002	
  4.5135307e-002	
  4.4244040e-002	
  4.3363341e-002	
  4.2494176e-002	
  4.1637438e-002	
  4.0793940e-002	
  3.9964417e-002	
  3.9149527e-002	
  3.8349848e-002	
  3.7565885e-002	
  3.6798066e-002	
  3.6046747e-002	
  3.5312216e-002	
  3.4594692e-002	
  3.3894328e-002	
  3.3211217e-002	
  3.2545397e-002	
  3.1896848e-002	
  3.1265502e-002	
  3.0651243e-002	
  3.0053914e-002	
  2.9473318e-002	
  2.8909223e-002	
  2.8361367e-002	
  2.7829461e-002	
  2.7313189e-002	
  2.6812218e-002	
  2.6326197e-002	
  2.5854761e-002	
  2.5397534e-002	
  2.4954131e-002	
  2.4524164e-002	
  2.4107239e-002	
  2.3702962e-002	
  2.3310941e-002	
  2.2930784e-002	
  2.2562105e-002	
  2.2204525e-002	
  2.1857668e-002	
  2.1521168e-002	
  2.1194668e-002	
  2.0877819e-002	
  2.0570282e-002	
  2.0271730e-002	
  1.9981844e-002	
  1.9700316e-002	
  1.9426852e-002	
  1.9161165e-002	
  1.8902980e-002	
  1.8652034e-002	
  1.8408073e-002	
  1.8170854e-002	
  1.7940144e-002	
  1.7715720e-002	
  1.7497367e-002	
  1.7284882e-002	
  1.7078067e-002	
  1.6876737e-002	
  1.6680711e-002	
  1.6489818e-002	
  1.6303894e-002	
  1.6122782e-002	
  1.5946331e-002	
  1.5774399e-002	
  1.5606846e-002	
  1.5443543e-002	
  1.5284362e-002	
  1.5129182e-002	
  1.4977889e-002	
  1.4830370e-002	
  1.4686519e-002	
  1.4546234e-002	
  1.4409417e-002	
  1.4275974e-002	
  1.4145814e-002	
  1.4018851e-002	
  1.3895001e-002	
  1.3774184e-002	
  1.3656322e-002	
  1.3541341e-002	
  1.3429171e-002	
  1.3319741e-002	
  1.3212986e-002	
  1.3108842e-002	
  1.3007248e-002	
  1.2908144e-002	
  1.2811473e-002	
  1.2717180e-002	
  1.2625213e-002	
  1.2535519e-002	
  1.2448051e-002	
  1.2362759e-002	
  1.2279598e-002	
  1.2198525e-002	
  1.2119495e-002	
  1.2042468e-002	
  1.1967405e-002	
  1.1894266e-002	
  1.1823015e-002	
  1.1753615e-002	
  1.1686033e-002	
  1.1620235e-002	
  1.1556190e-002	
  1.1493865e-002	
  1.1433231e-002	
  1.1374259e-002	
  1.1316921e-002	
  1.1261192e-002	
  1.1207044e-002	
  1.1154452e-002	
  1.1103394e-002	
  1.1053845e-002	
  1.1005784e-002	
  1.0959189e-002	
  1.0914039e-002	
  1.0870315e-002	
  1.0827997e-002	
  1.0787068e-002	
  1.0747509e-002	
  1.0709304e-002	
  1.0672437e-002	
  1.0636892e-002	
  1.0602655e-002	
  1.0569711e-002	
  1.0538047e-002	
  1.0507650e-002	
  1.0478508e-002	
  1.0450608e-002	
  1.0423941e-002	
  1.0398496e-002	
  1.0374262e-002	
  1.0351231e-002	
  1.0329393e-002	
  1.0308741e-002	
  1.0289267e-002	
  1.0270963e-002	
  1.0253824e-002	
  1.0237842e-002	
  1.0223013e-002	
  1.0209331e-002	
  1.0196792e-002	
  1.0185392e-002	
  1.0175127e-002	
  1.0165995e-002	
  1.0157992e-002	
  1.0151117e-002	
  1.0145369e-002	
  1.0140745e-002	
  1.0137246e-002	
  1.0134872e-002	
  1.0133623e-002	
  1.0133500e-002	
  1.0134505e-002	
  1.0136639e-002	
  1.0139905e-002	
  1.0144306e-002	
  1.0149845e-002	
  1.0156527e-002	
  1.0164356e-002	
  1.0173337e-002	
  1.0183475e-002	
  1.0194776e-002	
  1.0207248e-002	
  1.0220898e-002	
  1.0235732e-002	
  1.0251761e-002	
  1.0268991e-002	
  1.0287434e-002	
  1.0307098e-002	
  1.0327995e-002	
  1.0350136e-002	
  1.0373533e-002	
  1.0398198e-002	
  1.0424144e-002	
  1.0451386e-002	
  1.0479938e-002	
  1.0509816e-002	
  1.0541034e-002	
  1.0573610e-002	
  1.0607562e-002	
  1.0642907e-002	
  1.0679665e-002	
  1.0717855e-002	
  1.0757498e-002	
  1.0798616e-002	
  1.0841231e-002	
  1.0885365e-002	
  1.0931044e-002	
  1.0978293e-002	
  1.1027137e-002	
  1.1077605e-002	
  1.1129723e-002	
  1.1183522e-002	
  1.1239031e-002	
  1.1296283e-002	
  1.1355310e-002	
  1.1416146e-002	
  1.1478826e-002	
  1.1543388e-002	
  1.1609868e-002	
  1.1678307e-002	
  1.1748744e-002	
  1.1821223e-002	
  1.1895787e-002	
  1.1972482e-002	
  1.2051355e-002	
  1.2132454e-002	
  1.2215831e-002	
  1.2301539e-002	
  1.2389630e-002	
  1.2480164e-002	
  1.2573196e-002	
  1.2668790e-002	
  1.2767008e-002	
  1.2867915e-002	
  1.2971579e-002	
  1.3078071e-002	
  1.3187463e-002	
  1.3299833e-002	
  1.3415258e-002	
  1.3533820e-002	
  1.3655604e-002	
  1.3780699e-002	
  1.3909195e-002	
  1.4041189e-002	
  1.4176778e-002	
  1.4316065e-002	
  1.4459157e-002	
  1.4606164e-002	
  1.4757203e-002	
  1.4912392e-002	
  1.5071856e-002	
  1.5235725e-002	
  1.5404133e-002	
  1.5577221e-002	
  1.5755134e-002	
  1.5938024e-002	
  1.6126050e-002	
  1.6319375e-002	
  1.6518173e-002	
  1.6722620e-002	
  1.6932904e-002	
  1.7149218e-002	
  1.7371764e-002	
  1.7600755e-002	
  1.7836408e-002	
  1.8078955e-002	
  1.8328635e-002	
  1.8585696e-002	
  1.8850402e-002	
  1.9123023e-002	
  1.9403845e-002	
  1.9693165e-002	
  1.9991294e-002	
  2.0298557e-002	
  2.0615293e-002	
  2.0941857e-002	
  2.1278622e-002	
  2.1625976e-002	
  2.1984326e-002	
  2.2354097e-002	
  2.2735737e-002	
  2.3129713e-002	
  2.3536514e-002	
  2.3956653e-002	
  2.4390668e-002	
  2.4839124e-002	
  2.5302611e-002	
  2.5781751e-002	
  2.6277195e-002	
  2.6789626e-002	
  2.7319761e-002	
  2.7868355e-002	
  2.8436199e-002	
  2.9024125e-002	
  2.9633006e-002	
  3.0263761e-002	
  3.0917357e-002	
  3.1594809e-002	
  3.2297186e-002	
  3.3025612e-002	
  3.3781271e-002	
  3.4565407e-002	
  3.5379333e-002	
  3.6224428e-002	
  3.7102148e-002	
  3.8014023e-002	
  3.8961669e-002	
  3.9946786e-002	
  4.0971166e-002	
  4.2036701e-002	
  4.3145382e-002	
  4.4299311e-002	
  4.5500703e-002	
  4.6751895e-002	
  4.8055352e-002	
  4.9413675e-002	
  5.0829606e-002	
  5.2306042e-002	
  5.3846034e-002	
  5.5452807e-002	
  5.7129759e-002	
  5.8880479e-002	
  6.0708752e-002	
  6.2618572e-002	
  6.4614154e-002	
  6.6699941e-002	
  6.8880625e-002	
  7.1161149e-002	
  7.3546730e-002	
  7.6042866e-002	
  7.8655354e-002	
  8.1390301e-002	
  8.4254144e-002	
  8.7253661e-002	
  9.0395989e-002	
  9.3688640e-002	
  9.7139518e-002	
  1.0075693e-001	
  1.0454962e-001	
  1.0852675e-001	
  1.1269796e-001	
  1.1707336e-001	
  1.2166354e-001	
  1.2647960e-001	
  1.3153316e-001	
  1.3683638e-001	
  1.4240195e-001	
  1.4824312e-001	
  1.5437371e-001	
  1.6080809e-001	
  1.6756122e-001	
  1.7464863e-001	
  1.8208643e-001	
  1.8989126e-001	
  1.9808034e-001	
  2.0667143e-001	
  2.1568277e-001	
  2.2513310e-001	
  2.3504160e-001	
  2.4542786e-001	
  2.5631178e-001	
  2.6771358e-001	
  2.7965367e-001	
  2.9215256e-001	
  3.0523080e-001	
  3.1890886e-001	
  3.3320695e-001	
  3.4814496e-001	
  3.6374223e-001	
  3.8001744e-001	
  3.9698834e-001	
  4.1467161e-001	
  4.3308261e-001	
  4.5223511e-001	
  4.7214105e-001	
  4.9281022e-001	
  5.1425001e-001	
  5.3646505e-001	
  5.5945686e-001	
  5.8322356e-001	
  6.0775942e-001	
  6.3305455e-001	
  6.5909451e-001	
  6.8585989e-001	
  7.1332595e-001	
  7.4146225e-001	
  7.7023224e-001	
  7.9959296e-001	
  8.2949468e-001	
  8.5988058e-001	
  8.9068655e-001	
  9.2184093e-001	
  9.5326434e-001	
  9.8486962e-001	
  1.0165618e+000	
  1.0482381e+000	
  1.0797882e+000	
  1.1110943e+000	
  1.1420317e+000	
  1.1724689e+000	
  1.2022687e+000	
  1.2312883e+000	
  1.2593806e+000	
  1.2863950e+000	
  1.3121781e+000	
  1.3365755e+000	
  1.3594326e+000	
  1.3805960e+000	
  1.3999153e+000	
  1.4172443e+000	
  1.4324428e+000	
  1.4453779e+000	
  1.4559261e+000	
  1.4639743e+000	
  1.4694221e+000	
  1.4721825e+000	
  1.4721840e+000	
  1.4693712e+000	
  1.4637066e+000	
  1.4551709e+000	
  1.4437643e+000	
