  0.0000000e+000	
  6.2791000e-002	
  1.2533300e-001	
  1.8738100e-001	
  2.4869000e-001	
  3.0901700e-001	
  3.6812500e-001	
  4.2577900e-001	
  4.8175400e-001	
  5.3582700e-001	
  5.8778500e-001	
  6.3742400e-001	
  6.8454700e-001	
  7.2896900e-001	
  7.7051300e-001	
  8.0901700e-001	
  8.4432800e-001	
  8.7630700e-001	
  9.0482700e-001	
  9.2977600e-001	
  9.5105700e-001	
  9.6858300e-001	
  9.8228700e-001	
  9.9211500e-001	
  9.9802700e-001	
  1.0000000e+000	
  9.9802700e-001	
  9.9211500e-001	
  9.8228700e-001	
  9.6858300e-001	
  9.5105600e-001	
  9.2977600e-001	
  9.0482700e-001	
  8.7630700e-001	
  8.4432800e-001	
  8.0901700e-001	
  7.7051300e-001	
  7.2896900e-001	
  6.8454700e-001	
  6.3742400e-001	
  5.8778500e-001	
  5.3582700e-001	
  4.8175400e-001	
  4.2577900e-001	
  3.6812400e-001	
  3.0901700e-001	
  2.4869000e-001	
  1.8738100e-001	
  1.2533300e-001	
  6.2790000e-002	
  0.0000000e+000	
 -6.2791000e-002	
 -1.2533300e-001	
 -1.8738100e-001	
 -2.4869000e-001	
 -3.0901700e-001	
 -3.6812500e-001	
 -4.2577900e-001	
 -4.8175400e-001	
 -5.3582700e-001	
 -5.8778500e-001	
 -6.3742400e-001	
 -6.8454700e-001	
 -7.2896900e-001	
 -7.7051300e-001	
 -8.0901700e-001	
 -8.4432800e-001	
 -8.7630700e-001	
 -9.0482700e-001	
 -9.2977700e-001	
 -9.5105700e-001	
 -9.6858300e-001	
 -9.8228700e-001	
 -9.9211500e-001	
 -9.9802700e-001	
 -1.0000000e+000	
 -9.9802700e-001	
 -9.9211500e-001	
 -9.8228700e-001	
 -9.6858300e-001	
 -9.5105600e-001	
 -9.2977600e-001	
 -9.0482700e-001	
 -8.7630700e-001	
 -8.4432800e-001	
 -8.0901700e-001	
 -7.7051300e-001	
 -7.2896900e-001	
 -6.8454700e-001	
 -6.3742400e-001	
 -5.8778500e-001	
 -5.3582700e-001	
 -4.8175400e-001	
 -4.2577900e-001	
 -3.6812400e-001	
 -3.0901700e-001	
 -2.4869000e-001	
 -1.8738100e-001	
 -1.2533300e-001	
 -6.2790000e-002	
  0.0000000e+000	
  6.2791000e-002	
  1.2533300e-001	
  1.8738100e-001	
  2.4869000e-001	
  3.0901700e-001	
  3.6812500e-001	
  4.2577900e-001	
  4.8175400e-001	
  5.3582700e-001	
  5.8778500e-001	
  6.3742400e-001	
  6.8454700e-001	
  7.2896900e-001	
  7.7051300e-001	
  8.0901700e-001	
  8.4432800e-001	
  8.7630700e-001	
  9.0482700e-001	
  9.2977700e-001	
  9.5105700e-001	
  9.6858300e-001	
  9.8228700e-001	
  9.9211500e-001	
  9.9802700e-001	
  1.0000000e+000	
  9.9802700e-001	
  9.9211500e-001	
  9.8228700e-001	
  9.6858300e-001	
  9.5105600e-001	
  9.2977600e-001	
  9.0482700e-001	
  8.7630700e-001	
  8.4432800e-001	
  8.0901700e-001	
  7.7051300e-001	
  7.2896800e-001	
  6.8454700e-001	
  6.3742400e-001	
  5.8778500e-001	
  5.3582700e-001	
  4.8175300e-001	
  4.2577900e-001	
  3.6812400e-001	
  3.0901700e-001	
  2.4869000e-001	
  1.8738100e-001	
  1.2533300e-001	
  6.2790000e-002	
  0.0000000e+000	
 -6.2791000e-002	
 -1.2533400e-001	
 -1.8738200e-001	
 -2.4869000e-001	
 -3.0901700e-001	
 -3.6812500e-001	
 -4.2578000e-001	
 -4.8175400e-001	
 -5.3582700e-001	
 -5.8778500e-001	
 -6.3742400e-001	
 -6.8454700e-001	
 -7.2896900e-001	
 -7.7051300e-001	
 -8.0901700e-001	
 -8.4432800e-001	
 -8.7630700e-001	
 -9.0482700e-001	
 -9.2977700e-001	
 -9.5105700e-001	
 -9.6858300e-001	
 -9.8228700e-001	
 -9.9211500e-001	
 -9.9802700e-001	
 -1.0000000e+000	
 -9.9802700e-001	
 -9.9211500e-001	
 -9.8228700e-001	
 -9.6858300e-001	
 -9.5105600e-001	
 -9.2977600e-001	
 -9.0482700e-001	
 -8.7630700e-001	
 -8.4432800e-001	
 -8.0901700e-001	
 -7.7051300e-001	
 -7.2896800e-001	
 -6.8454700e-001	
 -6.3742400e-001	
 -5.8778500e-001	
 -5.3582700e-001	
 -4.8175300e-001	
 -4.2577900e-001	
 -3.6812400e-001	
 -3.0901700e-001	
 -2.4869000e-001	
 -1.8738100e-001	
 -1.2533300e-001	
 -6.2790000e-002	
  0.0000000e+000	
  6.2791000e-002	
  1.2533400e-001	
  1.8738200e-001	
  2.4869000e-001	
  3.0901700e-001	
  3.6812500e-001	
  4.2578000e-001	
  4.8175400e-001	
  5.3582700e-001	
  5.8778600e-001	
  6.3742400e-001	
  6.8454700e-001	
  7.2896900e-001	
  7.7051300e-001	
  8.0901700e-001	
  8.4432800e-001	
  8.7630700e-001	
  9.0482700e-001	
  9.2977700e-001	
  9.5105700e-001	
  9.6858300e-001	
  9.8228700e-001	
  9.9211500e-001	
  9.9802700e-001	
  1.0000000e+000	
  9.9802700e-001	
  9.9211500e-001	
  9.8228700e-001	
  9.6858300e-001	
  9.5105600e-001	
  9.2977600e-001	
  9.0482700e-001	
  8.7630600e-001	
  8.4432800e-001	
  8.0901700e-001	
  7.7051300e-001	
  7.2896800e-001	
  6.8454700e-001	
  6.3742400e-001	
  5.8778500e-001	
  5.3582600e-001	
  4.8175300e-001	
  4.2577900e-001	
  3.6812400e-001	
  3.0901700e-001	
  2.4868900e-001	
  1.8738100e-001	
  1.2533300e-001	
  6.2790000e-002	
  0.0000000e+000	
 -6.2791000e-002	
 -1.2533400e-001	
 -1.8738200e-001	
 -2.4869000e-001	
 -3.0901700e-001	
 -3.6812500e-001	
 -4.2578000e-001	
 -4.8175400e-001	
 -5.3582700e-001	
 -5.8778600e-001	
 -6.3742400e-001	
 -6.8454700e-001	
 -7.2896900e-001	
 -7.7051400e-001	
 -8.0901700e-001	
 -8.4432800e-001	
 -8.7630700e-001	
 -9.0482700e-001	
 -9.2977700e-001	
 -9.5105700e-001	
 -9.6858300e-001	
 -9.8228700e-001	
 -9.9211500e-001	
 -9.9802700e-001	
 -1.0000000e+000	
 -9.9802700e-001	
 -9.9211500e-001	
 -9.8228700e-001	
 -9.6858300e-001	
 -9.5105600e-001	
 -9.2977600e-001	
 -9.0482700e-001	
 -8.7630600e-001	
 -8.4432800e-001	
 -8.0901700e-001	
 -7.7051300e-001	
 -7.2896800e-001	
 -6.8454700e-001	
 -6.3742400e-001	
 -5.8778500e-001	
 -5.3582600e-001	
 -4.8175300e-001	
 -4.2577900e-001	
 -3.6812400e-001	
 -3.0901600e-001	
 -2.4868900e-001	
 -1.8738100e-001	
 -1.2533300e-001	
 -6.2790000e-002	
  1.0000000e-006	
  6.2791000e-002	
  1.2533400e-001	
  1.8738200e-001	
  2.4869000e-001	
  3.0901800e-001	
  3.6812500e-001	
  4.2578000e-001	
  4.8175400e-001	
  5.3582700e-001	
  5.8778600e-001	
  6.3742400e-001	
  6.8454700e-001	
  7.2896900e-001	
  7.7051400e-001	
  8.0901700e-001	
  8.4432800e-001	
  8.7630700e-001	
  9.0482700e-001	
  9.2977700e-001	
  9.5105700e-001	
  9.6858300e-001	
  9.8228700e-001	
  9.9211500e-001	
  9.9802700e-001	
  1.0000000e+000	
  9.9802700e-001	
  9.9211500e-001	
  9.8228700e-001	
  9.6858300e-001	
  9.5105600e-001	
  9.2977600e-001	
  9.0482700e-001	
  8.7630600e-001	
  8.4432800e-001	
  8.0901700e-001	
  7.7051300e-001	
  7.2896800e-001	
  6.8454700e-001	
  6.3742400e-001	
  5.8778500e-001	
  5.3582600e-001	
  4.8175300e-001	
  4.2577900e-001	
  3.6812400e-001	
  3.0901600e-001	
  2.4868900e-001	
  1.8738100e-001	
  1.2533300e-001	
  6.2790000e-002	
 -1.0000000e-006	
 -6.2791000e-002	
 -1.2533400e-001	
 -1.8738200e-001	
 -2.4869000e-001	
 -3.0901800e-001	
 -3.6812500e-001	
 -4.2578000e-001	
 -4.8175400e-001	
 -5.3582700e-001	
 -5.8778600e-001	
 -6.3742400e-001	
 -6.8454800e-001	
 -7.2896900e-001	
 -7.7051400e-001	
 -8.0901700e-001	
 -8.4432800e-001	
 -8.7630700e-001	
 -9.0482700e-001	
 -9.2977700e-001	
 -9.5105700e-001	
 -9.6858300e-001	
 -9.8228700e-001	
 -9.9211500e-001	
 -9.9802700e-001	
 -1.0000000e+000	
 -9.9802700e-001	
 -9.9211500e-001	
 -9.8228700e-001	
 -9.6858300e-001	
 -9.5105600e-001	
 -9.2977600e-001	
 -9.0482700e-001	
 -8.7630600e-001	
 -8.4432800e-001	
 -8.0901700e-001	
 -7.7051300e-001	
 -7.2896800e-001	
 -6.8454700e-001	
 -6.3742300e-001	
 -5.8778500e-001	
 -5.3582600e-001	
 -4.8175300e-001	
 -4.2577900e-001	
 -3.6812400e-001	
 -3.0901600e-001	
 -2.4868900e-001	
 -1.8738100e-001	
 -1.2533300e-001	
 -6.2790000e-002	
  1.0000000e-006	
  6.2791000e-002	
  1.2533400e-001	
  1.8738200e-001	
  2.4869100e-001	
  3.0901800e-001	
  3.6812500e-001	
  4.2578000e-001	
  4.8175400e-001	
  5.3582700e-001	
  5.8778600e-001	
  6.3742500e-001	
  6.8454800e-001	
  7.2896900e-001	
  7.7051400e-001	
  8.0901700e-001	
  8.4432800e-001	
  8.7630700e-001	
  9.0482700e-001	
  9.2977700e-001	
  9.5105700e-001	
  9.6858300e-001	
  9.8228700e-001	
  9.9211500e-001	
  9.9802700e-001	
  1.0000000e+000	
  9.9802700e-001	
  9.9211500e-001	
  9.8228700e-001	
  9.6858300e-001	
  9.5105600e-001	
  9.2977600e-001	
  9.0482700e-001	
  8.7630600e-001	
  8.4432800e-001	
  8.0901700e-001	
  7.7051300e-001	
  7.2896800e-001	
  6.8454700e-001	
  6.3742300e-001	
  5.8778500e-001	
  5.3582600e-001	
  4.8175300e-001	
  4.2577900e-001	
  3.6812400e-001	
  3.0901600e-001	
  2.4868900e-001	
  1.8738100e-001	
  1.2533200e-001	
  6.2790000e-002	
 -1.0000000e-006	
 -6.2791000e-002	
 -1.2533400e-001	
 -1.8738200e-001	
 -2.4869100e-001	
 -3.0901800e-001	
 -3.6812500e-001	
 -4.2578000e-001	
 -4.8175400e-001	
 -5.3582700e-001	
 -5.8778600e-001	
 -6.3742500e-001	
 -6.8454800e-001	
 -7.2896900e-001	
 -7.7051400e-001	
 -8.0901700e-001	
 -8.4432800e-001	
 -8.7630700e-001	
 -9.0482700e-001	
 -9.2977700e-001	
 -9.5105700e-001	
 -9.6858300e-001	
 -9.8228700e-001	
 -9.9211500e-001	
 -9.9802700e-001	
 -1.0000000e+000	
 -9.9802700e-001	
 -9.9211500e-001	
 -9.8228700e-001	
 -9.6858300e-001	
 -9.5105600e-001	
 -9.2977600e-001	
 -9.0482700e-001	
 -8.7630600e-001	
 -8.4432700e-001	
 -8.0901600e-001	
 -7.7051300e-001	
 -7.2896800e-001	
 -6.8454600e-001	
 -6.3742300e-001	
 -5.8778500e-001	
 -5.3582600e-001	
 -4.8175300e-001	
 -4.2577900e-001	
 -3.6812400e-001	
 -3.0901600e-001	
 -2.4868900e-001	
 -1.8738000e-001	
 -1.2533200e-001	
 -6.2790000e-002	
  1.0000000e-006	
  6.2791000e-002	
  1.2533400e-001	
  1.8738200e-001	
  2.4869100e-001	
  3.0901800e-001	
  3.6812500e-001	
  4.2578000e-001	
  4.8175400e-001	
  5.3582800e-001	
  5.8778600e-001	
  6.3742500e-001	
  6.8454800e-001	
  7.2896900e-001	
  7.7051400e-001	
  8.0901800e-001	
  8.4432800e-001	
  8.7630700e-001	
  9.0482700e-001	
  9.2977700e-001	
  9.5105700e-001	
  9.6858300e-001	
  9.8228700e-001	
  9.9211500e-001	
  9.9802700e-001	
  1.0000000e+000	
  9.9802700e-001	
  9.9211500e-001	
  9.8228700e-001	
  9.6858300e-001	
  9.5105600e-001	
  9.2977600e-001	
  9.0482700e-001	
  8.7630600e-001	
  8.4432700e-001	
  8.0901600e-001	
  7.7051300e-001	
  7.2896800e-001	
  6.8454600e-001	
  6.3742300e-001	
  5.8778400e-001	
  5.3582600e-001	
  4.8175300e-001	
  4.2577800e-001	
  3.6812400e-001	
  3.0901600e-001	
  2.4868900e-001	
  1.8738000e-001	
  1.2533200e-001	
  6.2790000e-002	
 -1.0000000e-006	
 -6.2791000e-002	
 -1.2533400e-001	
 -1.8738200e-001	
 -2.4869100e-001	
 -3.0901800e-001	
 -3.6812500e-001	
 -4.2578000e-001	
 -4.8175500e-001	
 -5.3582800e-001	
 -5.8778600e-001	
 -6.3742500e-001	
 -6.8454800e-001	
 -7.2896900e-001	
 -7.7051400e-001	
 -8.0901800e-001	
 -8.4432800e-001	
 -8.7630700e-001	
 -9.0482700e-001	
 -9.2977700e-001	
 -9.5105700e-001	
 -9.6858300e-001	
 -9.8228700e-001	
 -9.9211500e-001	
 -9.9802700e-001	
 -1.0000000e+000	
 -9.9802700e-001	
 -9.9211500e-001	
 -9.8228700e-001	
 -9.6858300e-001	
 -9.5105600e-001	
 -9.2977600e-001	
 -9.0482700e-001	
 -8.7630600e-001	
 -8.4432700e-001	
 -8.0901600e-001	
 -7.7051300e-001	
 -7.2896800e-001	
 -6.8454600e-001	
 -6.3742300e-001	
 -5.8778400e-001	
 -5.3582600e-001	
 -4.8175300e-001	
 -4.2577800e-001	
 -3.6812400e-001	
 -3.0901600e-001	
 -2.4868900e-001	
 -1.8738000e-001	
 -1.2533200e-001	
 -6.2789000e-002	
  1.0000000e-006	
  6.2792000e-002	
  1.2533400e-001	
  1.8738200e-001	
  2.4869100e-001	
  3.0901800e-001	
  3.6812600e-001	
  4.2578000e-001	
  4.8175500e-001	
  5.3582800e-001	
  5.8778600e-001	
  6.3742500e-001	
  6.8454800e-001	
  7.2896900e-001	
  7.7051400e-001	
  8.0901800e-001	
  8.4432900e-001	
  8.7630700e-001	
  9.0482800e-001	
  9.2977700e-001	
  9.5105700e-001	
  9.6858300e-001	
  9.8228700e-001	
  9.9211500e-001	
  9.9802700e-001	
  1.0000000e+000	
  9.9802700e-001	
  9.9211500e-001	
  9.8228700e-001	
  9.6858300e-001	
  9.5105600e-001	
  9.2977600e-001	
  9.0482700e-001	
  8.7630600e-001	
  8.4432700e-001	
  8.0901600e-001	
  7.7051300e-001	
  7.2896800e-001	
  6.8454600e-001	
  6.3742300e-001	
  5.8778400e-001	
  5.3582600e-001	
  4.8175300e-001	
  4.2577800e-001	
  3.6812400e-001	
  3.0901600e-001	
  2.4868900e-001	
  1.8738000e-001	
  1.2533200e-001	
  6.2789000e-002	
 -1.0000000e-006	
 -6.2792000e-002	
 -1.2533400e-001	
 -1.8738200e-001	
 -2.4869100e-001	
 -3.0901800e-001	
 -3.6812600e-001	
 -4.2578000e-001	
 -4.8175500e-001	
 -5.3582800e-001	
 -5.8778600e-001	
 -6.3742500e-001	
 -6.8454800e-001	
 -7.2896900e-001	
 -7.7051400e-001	
 -8.0901800e-001	
 -8.4432900e-001	
 -8.7630700e-001	
 -9.0482800e-001	
 -9.2977700e-001	
 -9.5105700e-001	
 -9.6858300e-001	
 -9.8228700e-001	
 -9.9211500e-001	
 -9.9802700e-001	
 -1.0000000e+000	
 -9.9802700e-001	
 -9.9211500e-001	
 -9.8228700e-001	
 -9.6858300e-001	
 -9.5105600e-001	
 -9.2977600e-001	
 -9.0482700e-001	
 -8.7630600e-001	
 -8.4432700e-001	
 -8.0901600e-001	
 -7.7051200e-001	
 -7.2896800e-001	
 -6.8454600e-001	
 -6.3742300e-001	
 -5.8778400e-001	
 -5.3582600e-001	
 -4.8175300e-001	
 -4.2577800e-001	
 -3.6812300e-001	
 -3.0901600e-001	
 -2.4868900e-001	
 -1.8738000e-001	
 -1.2533200e-001	
 -6.2789000e-002	
  1.0000000e-006	
  6.2792000e-002	
  1.2533400e-001	
  1.8738300e-001	
  2.4869100e-001	
  3.0901800e-001	
  3.6812600e-001	
  4.2578000e-001	
  4.8175500e-001	
  5.3582800e-001	
  5.8778600e-001	
  6.3742500e-001	
  6.8454800e-001	
  7.2896900e-001	
  7.7051400e-001	
  8.0901800e-001	
  8.4432900e-001	
  8.7630700e-001	
  9.0482800e-001	
  9.2977700e-001	
  9.5105700e-001	
  9.6858300e-001	
  9.8228700e-001	
  9.9211500e-001	
  9.9802700e-001	
  1.0000000e+000	
  9.9802700e-001	
  9.9211500e-001	
  9.8228700e-001	
  9.6858300e-001	
  9.5105600e-001	
  9.2977600e-001	
  9.0482700e-001	
  8.7630600e-001	
  8.4432700e-001	
  8.0901600e-001	
  7.7051200e-001	
  7.2896800e-001	
  6.8454600e-001	
  6.3742300e-001	
  5.8778400e-001	
  5.3582600e-001	
  4.8175300e-001	
  4.2577800e-001	
  3.6812300e-001	
  3.0901600e-001	
  2.4868900e-001	
  1.8738000e-001	
  1.2533200e-001	
  6.2789000e-002	
 -1.0000000e-006	
 -6.2792000e-002	
 -1.2533500e-001	
 -1.8738300e-001	
 -2.4869100e-001	
 -3.0901800e-001	
 -3.6812600e-001	
 -4.2578000e-001	
 -4.8175500e-001	
 -5.3582800e-001	
 -5.8778600e-001	
 -6.3742500e-001	
 -6.8454800e-001	
 -7.2897000e-001	
 -7.7051400e-001	
 -8.0901800e-001	
 -8.4432900e-001	
 -8.7630700e-001	
 -9.0482800e-001	
 -9.2977700e-001	
 -9.5105700e-001	
 -9.6858400e-001	
 -9.8228800e-001	
 -9.9211500e-001	
 -9.9802700e-001	
 -1.0000000e+000	
 -9.9802700e-001	
 -9.9211500e-001	
 -9.8228700e-001	
 -9.6858300e-001	
 -9.5105600e-001	
 -9.2977600e-001	
 -9.0482600e-001	
 -8.7630600e-001	
 -8.4432700e-001	
 -8.0901600e-001	
 -7.7051200e-001	
 -7.2896800e-001	
 -6.8454600e-001	
 -6.3742300e-001	
 -5.8778400e-001	
 -5.3582600e-001	
 -4.8175200e-001	
 -4.2577800e-001	
 -3.6812300e-001	
 -3.0901600e-001	
 -2.4868900e-001	
 -1.8738000e-001	
 -1.2533200e-001	
 -6.2789000e-002	
  1.0000000e-006	
  6.2792000e-002	
  1.2533500e-001	
  1.8738300e-001	
  2.4869100e-001	
  3.0901800e-001	
  3.6812600e-001	
  4.2578100e-001	
  4.8175500e-001	
  5.3582800e-001	
  5.8778600e-001	
  6.3742500e-001	
  6.8454800e-001	
  7.2897000e-001	
  7.7051400e-001	
  8.0901800e-001	
  8.4432900e-001	
  8.7630700e-001	
  9.0482800e-001	
  9.2977700e-001	
  9.5105700e-001	
  9.6858400e-001	
  9.8228800e-001	
  9.9211500e-001	
  9.9802700e-001	
  1.0000000e+000	
  9.9802700e-001	
  9.9211500e-001	
  9.8228700e-001	
  9.6858300e-001	
  9.5105600e-001	
  9.2977600e-001	
  9.0482600e-001	
  8.7630600e-001	
  8.4432700e-001	
  8.0901600e-001	
  7.7051200e-001	
  7.2896800e-001	
  6.8454600e-001	
  6.3742300e-001	
  5.8778400e-001	
  5.3582600e-001	
  4.8175200e-001	
  4.2577800e-001	
  3.6812300e-001	
  3.0901600e-001	
  2.4868800e-001	
  1.8738000e-001	
  1.2533200e-001	
  6.2789000e-002	
 -1.0000000e-006	
 -6.2792000e-002	
 -1.2533500e-001	
 -1.8738300e-001	
 -2.4869100e-001	
 -3.0901800e-001	
 -3.6812600e-001	
 -4.2578100e-001	
 -4.8175500e-001	
 -5.3582800e-001	
 -5.8778600e-001	
 -6.3742500e-001	
 -6.8454800e-001	
 -7.2897000e-001	
 -7.7051400e-001	
 -8.0901800e-001	
 -8.4432900e-001	
 -8.7630700e-001	
 -9.0482800e-001	
 -9.2977700e-001	
 -9.5105700e-001	
 -9.6858400e-001	
 -9.8228800e-001	
 -9.9211500e-001	
 -9.9802700e-001	
 -1.0000000e+000	
 -9.9802700e-001	
 -9.9211400e-001	
 -9.8228700e-001	
 -9.6858300e-001	
 -9.5105600e-001	
 -9.2977600e-001	
 -9.0482600e-001	
 -8.7630600e-001	
 -8.4432700e-001	
 -8.0901600e-001	
 -7.7051200e-001	
 -7.2896800e-001	
 -6.8454600e-001	
 -6.3742300e-001	
 -5.8778400e-001	
 -5.3582500e-001	
 -4.8175200e-001	
 -4.2577800e-001	
 -3.6812300e-001	
 -3.0901600e-001	
 -2.4868800e-001	
 -1.8738000e-001	
 -1.2533200e-001	
 -6.2789000e-002	
  2.0000000e-006	
  6.2792000e-002	
  1.2533500e-001	
  1.8738300e-001	
  2.4869100e-001	
  3.0901800e-001	
  3.6812600e-001	
  4.2578100e-001	
  4.8175500e-001	
  5.3582800e-001	
  5.8778700e-001	
  6.3742500e-001	
  6.8454800e-001	
  7.2897000e-001	
  7.7051400e-001	
  8.0901800e-001	
  8.4432900e-001	
  8.7630700e-001	
  9.0482800e-001	
  9.2977700e-001	
  9.5105700e-001	
  9.6858400e-001	
  9.8228800e-001	
  9.9211500e-001	
  9.9802700e-001	
  1.0000000e+000	
  9.9802700e-001	
  9.9211400e-001	
  9.8228700e-001	
  9.6858300e-001	
  9.5105600e-001	
  9.2977600e-001	
  9.0482600e-001	
  8.7630600e-001	
  8.4432700e-001	
  8.0901600e-001	
  7.7051200e-001	
  7.2896700e-001	
  6.8454600e-001	
  6.3742300e-001	
  5.8778400e-001	
  5.3582500e-001	
  4.8175200e-001	
  4.2577800e-001	
  3.6812300e-001	
  3.0901500e-001	
  2.4868800e-001	
  1.8738000e-001	
  1.2533200e-001	
  6.2789000e-002	
 -2.0000000e-006	
 -6.2792000e-002	
 -1.2533500e-001	
 -1.8738300e-001	
 -2.4869100e-001	
 -3.0901900e-001	
 -3.6812600e-001	
 -4.2578100e-001	
 -4.8175500e-001	
 -5.3582800e-001	
 -5.8778700e-001	
 -6.3742500e-001	
 -6.8454800e-001	
 -7.2897000e-001	
 -7.7051400e-001	
 -8.0901800e-001	
 -8.4432900e-001	
 -8.7630700e-001	
 -9.0482800e-001	
 -9.2977700e-001	
 -9.5105700e-001	
 -9.6858400e-001	
 -9.8228800e-001	
 -9.9211500e-001	
 -9.9802700e-001	
 -1.0000000e+000	
 -9.9802700e-001	
 -9.9211400e-001	
 -9.8228700e-001	
 -9.6858300e-001	
 -9.5105600e-001	
 -9.2977600e-001	
 -9.0482600e-001	
 -8.7630600e-001	
 -8.4432700e-001	
 -8.0901600e-001	
 -7.7051200e-001	
 -7.2896700e-001	
 -6.8454600e-001	
 -6.3742300e-001	
 -5.8778400e-001	
 -5.3582500e-001	
 -4.8175200e-001	
 -4.2577800e-001	
 -3.6812300e-001	
 -3.0901500e-001	
 -2.4868800e-001	
 -1.8738000e-001	
 -1.2533200e-001	
 -6.2789000e-002	
