 -5.0000000e-001	
 -4.3620900e-001	
 -3.7266700e-001	
 -3.0961900e-001	
 -2.4731000e-001	
 -1.8598300e-001	
 -1.2587500e-001	
 -6.7221000e-002	
 -1.0246000e-002	
  4.4827000e-002	
  9.7785000e-002	
  1.4842400e-001	
  1.9654700e-001	
  2.4196900e-001	
  2.8451300e-001	
  3.2401700e-001	
  3.6032800e-001	
  3.9330700e-001	
  4.2282700e-001	
  4.4877600e-001	
  4.7105700e-001	
  4.8958300e-001	
  5.0428700e-001	
  5.1511500e-001	
  5.2202700e-001	
  5.2500000e-001	
  5.2402700e-001	
  5.1911500e-001	
  5.1028700e-001	
  4.9758300e-001	
  4.8105600e-001	
  4.6077600e-001	
  4.3682700e-001	
  4.0930700e-001	
  3.7832800e-001	
  3.4401700e-001	
  3.0651300e-001	
  2.6596900e-001	
  2.2254700e-001	
  1.7642400e-001	
  1.2778500e-001	
  7.6827000e-002	
  2.3754000e-002	
 -3.1221000e-002	
 -8.7876000e-002	
 -1.4598300e-001	
 -2.0531000e-001	
 -2.6561900e-001	
 -3.2666700e-001	
 -3.8821000e-001	
 -4.5000000e-001	
 -5.1179100e-001	
 -5.7333300e-001	
 -6.3438100e-001	
 -6.9469000e-001	
 -7.5401700e-001	
 -8.1212500e-001	
 -8.6877900e-001	
 -9.2375400e-001	
 -9.7682700e-001	
 -1.0277850e+000	
 -1.0764240e+000	
 -1.1225470e+000	
 -1.1659690e+000	
 -1.2065130e+000	
 -1.2440170e+000	
 -1.2783280e+000	
 -1.3093070e+000	
 -1.3368270e+000	
 -1.3607770e+000	
 -1.3810570e+000	
 -1.3975830e+000	
 -1.4102870e+000	
 -1.4191150e+000	
 -1.4240270e+000	
 -1.4250000e+000	
 -1.4220270e+000	
 -1.4151150e+000	
 -1.4042870e+000	
 -1.3895830e+000	
 -1.3710560e+000	
 -1.3487760e+000	
 -1.3228270e+000	
 -1.2933070e+000	
 -1.2603280e+000	
 -1.2240170e+000	
 -1.1845130e+000	
 -1.1419690e+000	
 -1.0965470e+000	
 -1.0484240e+000	
 -9.9778500e-001	
 -9.4482700e-001	
 -8.8975400e-001	
 -8.3277900e-001	
 -7.7412400e-001	
 -7.1401700e-001	
 -6.5269000e-001	
 -5.9038100e-001	
 -5.2733300e-001	
 -4.6379000e-001	
 -4.0000000e-001	
 -3.3620900e-001	
 -2.7266700e-001	
 -2.0961900e-001	
 -1.4731000e-001	
 -8.5983000e-002	
 -2.5875000e-002	
  3.2779000e-002	
  8.9754000e-002	
  1.4482700e-001	
  1.9778500e-001	
  2.4842400e-001	
  2.9654700e-001	
  3.4196900e-001	
  3.8451300e-001	
  4.2401700e-001	
  4.6032800e-001	
  4.9330700e-001	
  5.2282700e-001	
  5.4877700e-001	
  5.7105700e-001	
  5.8958300e-001	
  6.0428700e-001	
  6.1511500e-001	
  6.2202700e-001	
  6.2500000e-001	
  6.2402700e-001	
  6.1911500e-001	
  6.1028700e-001	
  5.9758300e-001	
  5.8105600e-001	
  5.6077600e-001	
  5.3682700e-001	
  5.0930700e-001	
  4.7832800e-001	
  4.4401700e-001	
  4.0651300e-001	
  3.6596800e-001	
  3.2254700e-001	
  2.7642400e-001	
  2.2778500e-001	
  1.7682700e-001	
  1.2375300e-001	
  6.8779000e-002	
  1.2124000e-002	
 -4.5983000e-002	
 -1.0531000e-001	
 -1.6561900e-001	
 -2.2666700e-001	
 -2.8821000e-001	
 -3.5000000e-001	
 -4.1179100e-001	
 -4.7333400e-001	
 -5.3438200e-001	
 -5.9469000e-001	
 -6.5401700e-001	
 -7.1212500e-001	
 -7.6878000e-001	
 -8.2375400e-001	
 -8.7682700e-001	
 -9.2778500e-001	
 -9.7642400e-001	
 -1.0225470e+000	
 -1.0659690e+000	
 -1.1065130e+000	
 -1.1440170e+000	
 -1.1783280e+000	
 -1.2093070e+000	
 -1.2368270e+000	
 -1.2607770e+000	
 -1.2810570e+000	
 -1.2975830e+000	
 -1.3102870e+000	
 -1.3191150e+000	
 -1.3240270e+000	
 -1.3250000e+000	
 -1.3220270e+000	
 -1.3151150e+000	
 -1.3042870e+000	
 -1.2895830e+000	
 -1.2710560e+000	
 -1.2487760e+000	
 -1.2228270e+000	
 -1.1933070e+000	
 -1.1603280e+000	
 -1.1240170e+000	
 -1.0845130e+000	
 -1.0419680e+000	
 -9.9654700e-001	
 -9.4842400e-001	
 -8.9778500e-001	
 -8.4482700e-001	
 -7.8975300e-001	
 -7.3277900e-001	
 -6.7412400e-001	
 -6.1401700e-001	
 -5.5269000e-001	
 -4.9038100e-001	
 -4.2733300e-001	
 -3.6379000e-001	
 -3.0000000e-001	
 -2.3620900e-001	
 -1.7266600e-001	
 -1.0961800e-001	
 -4.7310000e-002	
  1.4017000e-002	
  7.4125000e-002	
  1.3278000e-001	
  1.8975400e-001	
  2.4482700e-001	
  2.9778600e-001	
  3.4842400e-001	
  3.9654700e-001	
  4.4196900e-001	
  4.8451300e-001	
  5.2401700e-001	
  5.6032800e-001	
  5.9330700e-001	
  6.2282700e-001	
  6.4877700e-001	
  6.7105700e-001	
  6.8958300e-001	
  7.0428700e-001	
  7.1511500e-001	
  7.2202700e-001	
  7.2500000e-001	
  7.2402700e-001	
  7.1911500e-001	
  7.1028700e-001	
  6.9758300e-001	
  6.8105600e-001	
  6.6077600e-001	
  6.3682700e-001	
  6.0930600e-001	
  5.7832800e-001	
  5.4401700e-001	
  5.0651300e-001	
  4.6596800e-001	
  4.2254700e-001	
  3.7642400e-001	
  3.2778500e-001	
  2.7682600e-001	
  2.2375300e-001	
  1.6877900e-001	
  1.1212400e-001	
  5.4017000e-002	
 -5.3110000e-003	
 -6.5619000e-002	
 -1.2666700e-001	
 -1.8821000e-001	
 -2.5000000e-001	
 -3.1179100e-001	
 -3.7333400e-001	
 -4.3438200e-001	
 -4.9469000e-001	
 -5.5401700e-001	
 -6.1212500e-001	
 -6.6878000e-001	
 -7.2375400e-001	
 -7.7682700e-001	
 -8.2778600e-001	
 -8.7642400e-001	
 -9.2254700e-001	
 -9.6596900e-001	
 -1.0065140e+000	
 -1.0440170e+000	
 -1.0783280e+000	
 -1.1093070e+000	
 -1.1368270e+000	
 -1.1607770e+000	
 -1.1810570e+000	
 -1.1975830e+000	
 -1.2102870e+000	
 -1.2191150e+000	
 -1.2240270e+000	
 -1.2250000e+000	
 -1.2220270e+000	
 -1.2151150e+000	
 -1.2042870e+000	
 -1.1895830e+000	
 -1.1710560e+000	
 -1.1487760e+000	
 -1.1228270e+000	
 -1.0933060e+000	
 -1.0603280e+000	
 -1.0240170e+000	
 -9.8451300e-001	
 -9.4196800e-001	
 -8.9654700e-001	
 -8.4842400e-001	
 -7.9778500e-001	
 -7.4482600e-001	
 -6.8975300e-001	
 -6.3277900e-001	
 -5.7412400e-001	
 -5.1401600e-001	
 -4.5268900e-001	
 -3.9038100e-001	
 -3.2733300e-001	
 -2.6379000e-001	
 -1.9999900e-001	
 -1.3620900e-001	
 -7.2666000e-002	
 -9.6180000e-003	
  5.2690000e-002	
  1.1401800e-001	
  1.7412500e-001	
  2.3278000e-001	
  2.8975400e-001	
  3.4482700e-001	
  3.9778600e-001	
  4.4842400e-001	
  4.9654700e-001	
  5.4196900e-001	
  5.8451400e-001	
  6.2401700e-001	
  6.6032800e-001	
  6.9330700e-001	
  7.2282700e-001	
  7.4877700e-001	
  7.7105700e-001	
  7.8958300e-001	
  8.0428700e-001	
  8.1511500e-001	
  8.2202700e-001	
  8.2500000e-001	
  8.2402700e-001	
  8.1911500e-001	
  8.1028700e-001	
  7.9758300e-001	
  7.8105600e-001	
  7.6077600e-001	
  7.3682700e-001	
  7.0930600e-001	
  6.7832800e-001	
  6.4401700e-001	
  6.0651300e-001	
  5.6596800e-001	
  5.2254700e-001	
  4.7642400e-001	
  4.2778500e-001	
  3.7682600e-001	
  3.2375300e-001	
  2.6877900e-001	
  2.1212400e-001	
  1.5401600e-001	
  9.4689000e-002	
  3.4381000e-002	
 -2.6667000e-002	
 -8.8210000e-002	
 -1.5000100e-001	
 -2.1179100e-001	
 -2.7333400e-001	
 -3.3438200e-001	
 -3.9469000e-001	
 -4.5401800e-001	
 -5.1212500e-001	
 -5.6878000e-001	
 -6.2375400e-001	
 -6.7682700e-001	
 -7.2778600e-001	
 -7.7642400e-001	
 -8.2254800e-001	
 -8.6596900e-001	
 -9.0651400e-001	
 -9.4401700e-001	
 -9.7832800e-001	
 -1.0093070e+000	
 -1.0368270e+000	
 -1.0607770e+000	
 -1.0810570e+000	
 -1.0975830e+000	
 -1.1102870e+000	
 -1.1191150e+000	
 -1.1240270e+000	
 -1.1250000e+000	
 -1.1220270e+000	
 -1.1151150e+000	
 -1.1042870e+000	
 -1.0895830e+000	
 -1.0710560e+000	
 -1.0487760e+000	
 -1.0228270e+000	
 -9.9330600e-001	
 -9.6032800e-001	
 -9.2401700e-001	
 -8.8451300e-001	
 -8.4196800e-001	
 -7.9654700e-001	
 -7.4842300e-001	
 -6.9778500e-001	
 -6.4482600e-001	
 -5.8975300e-001	
 -5.3277900e-001	
 -4.7412400e-001	
 -4.1401600e-001	
 -3.5268900e-001	
 -2.9038100e-001	
 -2.2733300e-001	
 -1.6379000e-001	
 -9.9999000e-002	
 -3.6209000e-002	
  2.7334000e-002	
  9.0382000e-002	
  1.5269100e-001	
  2.1401800e-001	
  2.7412500e-001	
  3.3278000e-001	
  3.8975400e-001	
  4.4482700e-001	
  4.9778600e-001	
  5.4842500e-001	
  5.9654800e-001	
  6.4196900e-001	
  6.8451400e-001	
  7.2401700e-001	
  7.6032800e-001	
  7.9330700e-001	
  8.2282700e-001	
  8.4877700e-001	
  8.7105700e-001	
  8.8958300e-001	
  9.0428700e-001	
  9.1511500e-001	
  9.2202700e-001	
  9.2500000e-001	
  9.2402700e-001	
  9.1911500e-001	
  9.1028700e-001	
  8.9758300e-001	
  8.8105600e-001	
  8.6077600e-001	
  8.3682700e-001	
  8.0930600e-001	
  7.7832800e-001	
  7.4401700e-001	
  7.0651300e-001	
  6.6596800e-001	
  6.2254700e-001	
  5.7642300e-001	
  5.2778500e-001	
  4.7682600e-001	
  4.2375300e-001	
  3.6877900e-001	
  3.1212400e-001	
  2.5401600e-001	
  1.9468900e-001	
  1.3438100e-001	
  7.3332000e-002	
  1.1790000e-002	
 -5.0001000e-002	
 -1.1179100e-001	
 -1.7333400e-001	
 -2.3438200e-001	
 -2.9469100e-001	
 -3.5401800e-001	
 -4.1212500e-001	
 -4.6878000e-001	
 -5.2375400e-001	
 -5.7682700e-001	
 -6.2778600e-001	
 -6.7642500e-001	
 -7.2254800e-001	
 -7.6596900e-001	
 -8.0651400e-001	
 -8.4401700e-001	
 -8.7832800e-001	
 -9.0930700e-001	
 -9.3682700e-001	
 -9.6077700e-001	
 -9.8105700e-001	
 -9.9758300e-001	
 -1.0102870e+000	
 -1.0191150e+000	
 -1.0240270e+000	
 -1.0250000e+000	
 -1.0220270e+000	
 -1.0151150e+000	
 -1.0042870e+000	
 -9.8958300e-001	
 -9.7105600e-001	
 -9.4877600e-001	
 -9.2282700e-001	
 -8.9330600e-001	
 -8.6032700e-001	
 -8.2401600e-001	
 -7.8451300e-001	
 -7.4196800e-001	
 -6.9654600e-001	
 -6.4842300e-001	
 -5.9778500e-001	
 -5.4482600e-001	
 -4.8975300e-001	
 -4.3277900e-001	
 -3.7412400e-001	
 -3.1401600e-001	
 -2.5268900e-001	
 -1.9038000e-001	
 -1.2733200e-001	
 -6.3790000e-002	
  1.0000000e-006	
  6.3791000e-002	
  1.2733400e-001	
  1.9038200e-001	
  2.5269100e-001	
  3.1401800e-001	
  3.7412500e-001	
  4.3278000e-001	
  4.8975400e-001	
  5.4482800e-001	
  5.9778600e-001	
  6.4842500e-001	
  6.9654800e-001	
  7.4196900e-001	
  7.8451400e-001	
  8.2401800e-001	
  8.6032800e-001	
  8.9330700e-001	
  9.2282700e-001	
  9.4877700e-001	
  9.7105700e-001	
  9.8958300e-001	
  1.0042870e+000	
  1.0151150e+000	
  1.0220270e+000	
  1.0250000e+000	
  1.0240270e+000	
  1.0191150e+000	
  1.0102870e+000	
  9.9758300e-001	
  9.8105600e-001	
  9.6077600e-001	
  9.3682700e-001	
  9.0930600e-001	
  8.7832700e-001	
  8.4401600e-001	
  8.0651300e-001	
  7.6596800e-001	
  7.2254600e-001	
  6.7642300e-001	
  6.2778400e-001	
  5.7682600e-001	
  5.2375300e-001	
  4.6877800e-001	
  4.1212400e-001	
  3.5401600e-001	
  2.9468900e-001	
  2.3438000e-001	
  1.7333200e-001	
  1.1179000e-001	
  4.9999000e-002	
 -1.1791000e-002	
 -7.3334000e-002	
 -1.3438200e-001	
 -1.9469100e-001	
 -2.5401800e-001	
 -3.1212500e-001	
 -3.6878000e-001	
 -4.2375500e-001	
 -4.7682800e-001	
 -5.2778600e-001	
 -5.7642500e-001	
 -6.2254800e-001	
 -6.6596900e-001	
 -7.0651400e-001	
 -7.4401800e-001	
 -7.7832800e-001	
 -8.0930700e-001	
 -8.3682700e-001	
 -8.6077700e-001	
 -8.8105700e-001	
 -8.9758300e-001	
 -9.1028700e-001	
 -9.1911500e-001	
 -9.2402700e-001	
 -9.2500000e-001	
 -9.2202700e-001	
 -9.1511500e-001	
 -9.0428700e-001	
 -8.8958300e-001	
 -8.7105600e-001	
 -8.4877600e-001	
 -8.2282700e-001	
 -7.9330600e-001	
 -7.6032700e-001	
 -7.2401600e-001	
 -6.8451300e-001	
 -6.4196800e-001	
 -5.9654600e-001	
 -5.4842300e-001	
 -4.9778400e-001	
 -4.4482600e-001	
 -3.8975300e-001	
 -3.3277800e-001	
 -2.7412400e-001	
 -2.1401600e-001	
 -1.5268900e-001	
 -9.0380000e-002	
 -2.7332000e-002	
  3.6211000e-002	
  1.0000100e-001	
  1.6379200e-001	
  2.2733400e-001	
  2.9038200e-001	
  3.5269100e-001	
  4.1401800e-001	
  4.7412600e-001	
  5.3278000e-001	
  5.8975500e-001	
  6.4482800e-001	
  6.9778600e-001	
  7.4842500e-001	
  7.9654800e-001	
  8.4196900e-001	
  8.8451400e-001	
  9.2401800e-001	
  9.6032900e-001	
  9.9330700e-001	
  1.0228280e+000	
  1.0487770e+000	
  1.0710570e+000	
  1.0895830e+000	
  1.1042870e+000	
  1.1151150e+000	
  1.1220270e+000	
  1.1250000e+000	
  1.1240270e+000	
  1.1191150e+000	
  1.1102870e+000	
  1.0975830e+000	
  1.0810560e+000	
  1.0607760e+000	
  1.0368270e+000	
  1.0093060e+000	
  9.7832700e-001	
  9.4401600e-001	
  9.0651300e-001	
  8.6596800e-001	
  8.2254600e-001	
  7.7642300e-001	
  7.2778400e-001	
  6.7682600e-001	
  6.2375300e-001	
  5.6877800e-001	
  5.1212400e-001	
  4.5401600e-001	
  3.9468900e-001	
  3.3438000e-001	
  2.7333200e-001	
  2.1178900e-001	
  1.4999900e-001	
  8.8208000e-002	
  2.6666000e-002	
 -3.4382000e-002	
 -9.4691000e-002	
 -1.5401800e-001	
 -2.1212600e-001	
 -2.6878000e-001	
 -3.2375500e-001	
 -3.7682800e-001	
 -4.2778600e-001	
 -4.7642500e-001	
 -5.2254800e-001	
 -5.6596900e-001	
 -6.0651400e-001	
 -6.4401800e-001	
 -6.7832900e-001	
 -7.0930700e-001	
 -7.3682800e-001	
 -7.6077700e-001	
 -7.8105700e-001	
 -7.9758300e-001	
 -8.1028700e-001	
 -8.1911500e-001	
 -8.2402700e-001	
 -8.2500000e-001	
 -8.2202700e-001	
 -8.1511500e-001	
 -8.0428700e-001	
 -7.8958300e-001	
 -7.7105600e-001	
 -7.4877600e-001	
 -7.2282700e-001	
 -6.9330600e-001	
 -6.6032700e-001	
 -6.2401600e-001	
 -5.8451200e-001	
 -5.4196800e-001	
 -4.9654600e-001	
 -4.4842300e-001	
 -3.9778400e-001	
 -3.4482600e-001	
 -2.8975300e-001	
 -2.3277800e-001	
 -1.7412300e-001	
 -1.1401600e-001	
 -5.2689000e-002	
  9.6200000e-003	
  7.2668000e-002	
  1.3621100e-001	
  2.0000100e-001	
  2.6379200e-001	
  3.2733400e-001	
  3.9038300e-001	
  4.5269100e-001	
  5.1401800e-001	
  5.7412600e-001	
  6.3278000e-001	
  6.8975500e-001	
  7.4482800e-001	
  7.9778600e-001	
  8.4842500e-001	
  8.9654800e-001	
  9.4196900e-001	
  9.8451400e-001	
  1.0240180e+000	
  1.0603290e+000	
  1.0933070e+000	
  1.1228280e+000	
  1.1487770e+000	
  1.1710570e+000	
  1.1895830e+000	
  1.2042870e+000	
  1.2151150e+000	
  1.2220270e+000	
  1.2250000e+000	
  1.2240270e+000	
  1.2191150e+000	
  1.2102870e+000	
  1.1975830e+000	
  1.1810560e+000	
  1.1607760e+000	
  1.1368270e+000	
  1.1093060e+000	
  1.0783270e+000	
  1.0440160e+000	
  1.0065120e+000	
  9.6596800e-001	
  9.2254600e-001	
  8.7642300e-001	
  8.2778400e-001	
  7.7682600e-001	
  7.2375300e-001	
  6.6877800e-001	
  6.1212300e-001	
  5.5401600e-001	
  4.9468900e-001	
  4.3438000e-001	
  3.7333200e-001	
  3.1178900e-001	
  2.4999900e-001	
  1.8820800e-001	
  1.2666500e-001	
  6.5617000e-002	
  5.3090000e-003	
 -5.4018000e-002	
 -1.1212600e-001	
 -1.6878000e-001	
 -2.2375500e-001	
 -2.7682800e-001	
 -3.2778600e-001	
 -3.7642500e-001	
 -4.2254800e-001	
 -4.6597000e-001	
 -5.0651400e-001	
 -5.4401800e-001	
 -5.7832900e-001	
 -6.0930700e-001	
 -6.3682800e-001	
 -6.6077700e-001	
 -6.8105700e-001	
 -6.9758400e-001	
 -7.1028800e-001	
 -7.1911500e-001	
 -7.2402700e-001	
 -7.2500000e-001	
 -7.2202700e-001	
 -7.1511500e-001	
 -7.0428700e-001	
 -6.8958300e-001	
 -6.7105600e-001	
 -6.4877600e-001	
 -6.2282600e-001	
 -5.9330600e-001	
 -5.6032700e-001	
 -5.2401600e-001	
 -4.8451200e-001	
 -4.4196800e-001	
 -3.9654600e-001	
 -3.4842300e-001	
 -2.9778400e-001	
 -2.4482600e-001	
 -1.8975200e-001	
 -1.3277800e-001	
 -7.4123000e-002	
 -1.4016000e-002	
  4.7311000e-002	
  1.0962000e-001	
  1.7266800e-001	
  2.3621100e-001	
  3.0000100e-001	
  3.6379200e-001	
  4.2733500e-001	
  4.9038300e-001	
  5.5269100e-001	
  6.1401800e-001	
  6.7412600e-001	
  7.3278100e-001	
  7.8975500e-001	
  8.4482800e-001	
  8.9778600e-001	
  9.4842500e-001	
  9.9654800e-001	
  1.0419700e+000	
  1.0845140e+000	
  1.1240180e+000	
  1.1603290e+000	
  1.1933070e+000	
  1.2228280e+000	
  1.2487770e+000	
  1.2710570e+000	
  1.2895840e+000	
  1.3042880e+000	
  1.3151150e+000	
  1.3220270e+000	
  1.3250000e+000	
  1.3240270e+000	
  1.3191150e+000	
  1.3102870e+000	
  1.2975830e+000	
  1.2810560e+000	
  1.2607760e+000	
  1.2368260e+000	
  1.2093060e+000	
  1.1783270e+000	
  1.1440160e+000	
  1.1065120e+000	
  1.0659680e+000	
  1.0225460e+000	
  9.7642300e-001	
  9.2778400e-001	
  8.7682600e-001	
  8.2375200e-001	
  7.6877800e-001	
  7.1212300e-001	
  6.5401600e-001	
  5.9468800e-001	
  5.3438000e-001	
  4.7333200e-001	
  4.1178900e-001	
  3.4999900e-001	
  2.8820800e-001	
  2.2666500e-001	
  1.6561700e-001	
  1.0530900e-001	
  4.5982000e-002	
 -1.2126000e-002	
 -6.8781000e-002	
 -1.2375500e-001	
 -1.7682800e-001	
 -2.2778600e-001	
 -2.7642500e-001	
 -3.2254800e-001	
 -3.6597000e-001	
 -4.0651400e-001	
 -4.4401800e-001	
 -4.7832900e-001	
 -5.0930700e-001	
 -5.3682800e-001	
 -5.6077700e-001	
 -5.8105700e-001	
 -5.9758400e-001	
 -6.1028800e-001	
 -6.1911500e-001	
 -6.2402700e-001	
 -6.2500000e-001	
 -6.2202700e-001	
 -6.1511400e-001	
 -6.0428700e-001	
 -5.8958300e-001	
 -5.7105600e-001	
 -5.4877600e-001	
 -5.2282600e-001	
 -4.9330600e-001	
 -4.6032700e-001	
 -4.2401600e-001	
 -3.8451200e-001	
 -3.4196800e-001	
 -2.9654600e-001	
 -2.4842300e-001	
 -1.9778400e-001	
 -1.4482500e-001	
 -8.9752000e-002	
 -3.2778000e-002	
  2.5877000e-002	
  8.5984000e-002	
  1.4731200e-001	
  2.0962000e-001	
  2.7266800e-001	
  3.3621100e-001	
  4.0000200e-001	
  4.6379200e-001	
  5.2733500e-001	
  5.9038300e-001	
  6.5269100e-001	
  7.1401800e-001	
  7.7412600e-001	
  8.3278100e-001	
  8.8975500e-001	
  9.4482800e-001	
  9.9778700e-001	
  1.0484250e+000	
  1.0965480e+000	
  1.1419700e+000	
  1.1845140e+000	
  1.2240180e+000	
  1.2603290e+000	
  1.2933070e+000	
  1.3228280e+000	
  1.3487770e+000	
  1.3710570e+000	
  1.3895840e+000	
  1.4042880e+000	
  1.4151150e+000	
  1.4220270e+000	
  1.4250000e+000	
  1.4240270e+000	
  1.4191140e+000	
  1.4102870e+000	
  1.3975830e+000	
  1.3810560e+000	
  1.3607760e+000	
  1.3368260e+000	
  1.3093060e+000	
  1.2783270e+000	
  1.2440160e+000	
  1.2065120e+000	
  1.1659670e+000	
  1.1225460e+000	
  1.0764230e+000	
  1.0277840e+000	
  9.7682500e-001	
  9.2375200e-001	
  8.6877800e-001	
  8.1212300e-001	
  7.5401500e-001	
  6.9468800e-001	
  6.3438000e-001	
  5.7333200e-001	
  5.1178900e-001	
  4.4999800e-001	
  3.8820800e-001	
  3.2666500e-001	
  2.6561700e-001	
  2.0530900e-001	
  1.4598100e-001	
  8.7874000e-002	
  3.1219000e-002	
 -2.3755000e-002	
 -7.6828000e-002	
 -1.2778700e-001	
 -1.7642500e-001	
 -2.2254800e-001	
 -2.6597000e-001	
 -3.0651400e-001	
 -3.4401800e-001	
 -3.7832900e-001	
 -4.0930700e-001	
 -4.3682800e-001	
 -4.6077700e-001	
 -4.8105700e-001	
 -4.9758400e-001	
 -5.1028800e-001	
 -5.1911500e-001	
 -5.2402700e-001	
 -5.2500000e-001	
 -5.2202700e-001	
 -5.1511400e-001	
 -5.0428700e-001	
 -4.8958300e-001	
 -4.7105600e-001	
 -4.4877600e-001	
 -4.2282600e-001	
 -3.9330600e-001	
 -3.6032700e-001	
 -3.2401600e-001	
 -2.8451200e-001	
 -2.4196700e-001	
 -1.9654600e-001	
 -1.4842300e-001	
 -9.7784000e-002	
 -4.4825000e-002	
  1.0248000e-002	
  6.7222000e-002	
  1.2587700e-001	
  1.8598500e-001	
  2.4731200e-001	
  3.0962000e-001	
  3.7266800e-001	
  4.3621100e-001	
