 -7.4565000e-002	
 -1.1867800e-001	
 -9.4786000e-002	
 -7.8870000e-003	
  9.4523000e-002	
  1.5615000e-001	
  6.5932100e-001	
  7.4175200e-001	
  4.5686500e-001	
  8.6442500e-001	
  6.6617500e-001	
  7.8366600e-001	
  5.8120600e-001	
  1.0539910e+000	
  8.8475400e-001	
  1.1914410e+000	
  1.1304740e+000	
  1.0001230e+000	
  9.3634100e-001	
  1.0583680e+000	
  1.1881770e+000	
  1.3193570e+000	
  1.0062760e+000	
  9.2760000e-001	
  1.1064180e+000	
  6.3550100e-001	
  7.2928100e-001	
  7.6727000e-001	
  6.6071500e-001	
  9.3659500e-001	
  1.0236460e+000	
  7.5388300e-001	
  7.2958400e-001	
  6.8001300e-001	
  5.0230500e-001	
  6.8385100e-001	
  7.4177500e-001	
  3.5081900e-001	
  6.1863200e-001	
  2.6015000e-001	
  9.2793300e-001	
  5.2971400e-001	
  5.2519200e-001	
  6.0612200e-001	
 -1.8100000e-002	
 -2.7981000e-002	
 -1.0125900e-001	
  3.7545000e-001	
  4.4493100e-001	
 -2.9825000e-002	
 -2.7787100e-001	
 -1.0082900e-001	
  1.2953700e-001	
 -4.3820200e-001	
 -3.8553200e-001	
 -6.3394000e-001	
 -8.0353000e-002	
 -6.7462500e-001	
 -2.7683500e-001	
 -4.3876100e-001	
 -2.9046400e-001	
 -8.5461800e-001	
 -7.8423800e-001	
 -6.4782900e-001	
 -1.1081360e+000	
 -5.0424500e-001	
 -6.1510800e-001	
 -7.3416500e-001	
 -6.2783100e-001	
 -1.0027410e+000	
 -6.9186100e-001	
 -1.2075530e+000	
 -1.1527800e+000	
 -1.3836140e+000	
 -1.3699510e+000	
 -7.8250600e-001	
 -6.4075300e-001	
 -1.2920370e+000	
 -1.3149600e+000	
 -1.2023030e+000	
 -7.9801400e-001	
 -7.3120800e-001	
 -6.7558200e-001	
 -5.4405900e-001	
 -1.0752980e+000	
 -5.6489700e-001	
 -9.4910600e-001	
 -4.7744800e-001	
 -6.5855900e-001	
 -7.8159100e-001	
 -8.9915700e-001	
 -9.2930200e-001	
 -6.4709600e-001	
 -4.8781900e-001	
 -5.8414400e-001	
 -2.5377800e-001	
  1.4183500e-001	
  8.7340000e-002	
  2.5169100e-001	
  2.4403200e-001	
 -7.3565000e-002	
 -1.9923000e-001	
 -1.7601400e-001	
  4.6162800e-001	
  1.9450100e-001	
  3.7370700e-001	
  9.9879000e-002	
  7.3567700e-001	
  7.6750000e-001	
  7.6024700e-001	
  4.8522000e-001	
  1.0003230e+000	
  1.0712220e+000	
  6.6650400e-001	
  5.2829300e-001	
  1.0190360e+000	
  1.0785480e+000	
  1.0600750e+000	
  1.2198000e+000	
  7.9393500e-001	
  9.9589600e-001	
  5.6873300e-001	
  6.1456300e-001	
  6.6624200e-001	
  9.6711300e-001	
  1.0041130e+000	
  1.2081960e+000	
  1.0307030e+000	
  8.2039500e-001	
  1.2479540e+000	
  1.0366220e+000	
  1.1780970e+000	
  1.1126460e+000	
  9.2887100e-001	
  6.7786000e-001	
  4.6519400e-001	
  5.8139500e-001	
  5.0034900e-001	
  5.8158100e-001	
  5.0715700e-001	
  2.7033800e-001	
  3.0560700e-001	
  4.2553900e-001	
  1.2303200e-001	
  4.2721400e-001	
 -1.3706000e-002	
  3.1987900e-001	
  5.7088100e-001	
  4.3995500e-001	
  1.5010000e-003	
 -6.4130000e-003	
 -3.0396100e-001	
  1.9841400e-001	
  6.0139000e-002	
 -1.1987400e-001	
 -9.7723000e-002	
  2.0650000e-002	
 -4.8999400e-001	
 -5.8267000e-001	
 -4.4278700e-001	
 -6.9597600e-001	
 -5.9776000e-001	
 -1.0638970e+000	
 -7.0375500e-001	
 -1.1516380e+000	
 -1.0140860e+000	
 -1.1851760e+000	
 -6.1003600e-001	
 -6.4313100e-001	
 -5.4092700e-001	
 -1.0029710e+000	
 -8.4174200e-001	
 -8.4552000e-001	
 -1.2804860e+000	
 -8.9708600e-001	
 -8.2638200e-001	
 -1.0739420e+000	
 -1.0469040e+000	
 -1.0446520e+000	
 -7.8694000e-001	
 -9.7102000e-001	
 -6.6618100e-001	
 -1.0681450e+000	
 -7.4456500e-001	
 -7.4463700e-001	
 -1.0501370e+000	
 -8.5605300e-001	
 -1.0588160e+000	
 -9.7784400e-001	
 -5.6578400e-001	
 -6.8725100e-001	
 -4.8588700e-001	
 -3.4756200e-001	
 -3.5551400e-001	
 -1.9201000e-002	
 -4.3370800e-001	
 -6.4721500e-001	
 -2.7564600e-001	
 -4.4395500e-001	
  7.4652000e-002	
 -2.4559500e-001	
  3.3761200e-001	
  1.1609600e-001	
  2.1997000e-001	
 -1.2360900e-001	
  4.7996000e-001	
  8.4454000e-002	
  2.9551300e-001	
  4.7486600e-001	
  1.4055200e-001	
  6.3312400e-001	
  5.6933500e-001	
  3.7120000e-001	
  5.6832600e-001	
  6.4697200e-001	
  9.3848400e-001	
  1.1692260e+000	
  1.0420250e+000	
  5.5025400e-001	
  8.8878800e-001	
  1.1350000e+000	
  1.2836560e+000	
  1.2994350e+000	
  1.3216630e+000	
  1.2034960e+000	
  1.0409640e+000	
  8.2055900e-001	
  1.2077090e+000	
  6.0848800e-001	
  1.0637480e+000	
  1.2290280e+000	
  1.2789250e+000	
  1.0037420e+000	
  1.0954510e+000	
  1.2376020e+000	
  1.1650150e+000	
  6.6854700e-001	
  7.4328100e-001	
  3.3229800e-001	
  5.4725800e-001	
  9.4210800e-001	
  4.8706200e-001	
  2.0745700e-001	
  5.6664600e-001	
  7.4524800e-001	
  4.9766000e-001	
  2.6580300e-001	
  4.9400300e-001	
  5.1525700e-001	
  2.5978400e-001	
  2.5949500e-001	
 -1.7438200e-001	
 -3.9590500e-001	
 -5.3165000e-002	
  5.5557000e-002	
 -6.6200000e-003	
 -5.4549300e-001	
 -2.9830000e-002	
 -5.1046700e-001	
 -5.3194000e-001	
 -9.3775900e-001	
 -1.0352740e+000	
 -6.2420800e-001	
 -6.1697800e-001	
 -8.6557900e-001	
 -6.4222500e-001	
 -6.0058300e-001	
 -4.8865700e-001	
 -1.0048930e+000	
 -7.9903500e-001	
 -1.1452500e+000	
 -6.0005900e-001	
 -6.2876400e-001	
 -1.1951840e+000	
 -7.6790700e-001	
 -1.1440670e+000	
 -7.9443300e-001	
 -1.0508790e+000	
 -9.4742400e-001	
 -8.0039000e-001	
 -1.1888760e+000	
 -7.3528300e-001	
 -1.2055990e+000	
 -7.8974100e-001	
 -8.4814000e-001	
 -6.0844800e-001	
 -1.0620350e+000	
 -8.0105800e-001	
 -2.8582200e-001	
 -6.4523600e-001	
 -8.5798100e-001	
 -5.2026300e-001	
 -3.6536200e-001	
 -7.1360000e-001	
 -3.9863800e-001	
 -2.6447800e-001	
  6.8033000e-002	
 -1.5019200e-001	
 -5.0930700e-001	
 -3.8868800e-001	
 -1.0879000e-001	
  2.1760800e-001	
  9.8420000e-002	
  4.5815300e-001	
  4.8118500e-001	
  6.9504200e-001	
  1.8290700e-001	
  3.6786500e-001	
  7.4405000e-001	
  2.8518200e-001	
  9.8488600e-001	
  4.4538100e-001	
  3.0884800e-001	
  3.8417100e-001	
  1.0554350e+000	
  5.3144600e-001	
  6.9113600e-001	
  8.0734200e-001	
  7.9166100e-001	
  6.8408100e-001	
  1.1745260e+000	
  9.7212100e-001	
  9.3497300e-001	
  1.3781640e+000	
  1.3146990e+000	
  6.3102600e-001	
  9.9726400e-001	
  7.0791800e-001	
  1.0799030e+000	
  6.9268700e-001	
  7.1258600e-001	
  1.2134480e+000	
  7.0165800e-001	
  9.8147200e-001	
  6.4850900e-001	
  8.5858100e-001	
  1.0803850e+000	
  3.8924500e-001	
  9.7886800e-001	
  4.4258000e-001	
  2.6596200e-001	
  3.6580800e-001	
  2.8653500e-001	
  3.3436300e-001	
  7.6539900e-001	
 -2.0060000e-003	
 -4.8232000e-002	
 -2.9939000e-002	
  3.9402900e-001	
  8.7010000e-003	
 -3.8927500e-001	
  3.6624000e-002	
 -1.1942100e-001	
 -1.7081900e-001	
 -1.1097400e-001	
 -5.1748700e-001	
 -3.3946200e-001	
 -6.5810000e-001	
 -4.6641600e-001	
 -4.3301200e-001	
 -8.6153200e-001	
 -7.2246500e-001	
 -9.4811800e-001	
 -1.1037180e+000	
 -7.4227500e-001	
 -4.2461800e-001	
 -1.1994020e+000	
 -9.6874700e-001	
 -7.4298500e-001	
 -1.2978510e+000	
 -1.2821550e+000	
 -1.1192760e+000	
 -1.2811840e+000	
 -1.0272030e+000	
 -8.9026100e-001	
 -8.9695900e-001	
 -7.9995800e-001	
 -1.2505350e+000	
 -9.6432400e-001	
 -1.1739020e+000	
 -6.7298500e-001	
 -1.3188760e+000	
 -9.2364000e-001	
 -6.4493700e-001	
 -1.0548720e+000	
 -4.1671700e-001	
 -7.0619800e-001	
 -3.6474400e-001	
 -3.4877400e-001	
 -5.4145800e-001	
 -8.3215500e-001	
 -2.2207900e-001	
 -7.2369800e-001	
 -7.9262800e-001	
 -6.7039600e-001	
 -1.2592300e-001	
 -4.0390700e-001	
 -4.6739000e-002	
 -4.1222900e-001	
 -2.4588300e-001	
  2.6059600e-001	
 -1.0725200e-001	
  4.4168100e-001	
  2.6139000e-002	
 -1.4168400e-001	
  6.2896500e-001	
  1.1913000e-001	
  2.1966100e-001	
  8.6385400e-001	
  5.8824200e-001	
  8.8633300e-001	
  9.2164600e-001	
  8.8124100e-001	
  1.0432660e+000	
  1.1032620e+000	
  8.1620500e-001	
  5.1940600e-001	
  7.0398900e-001	
  6.9825800e-001	
  1.2492740e+000	
  1.3012550e+000	
  1.1230010e+000	
  6.3138900e-001	
  1.0377040e+000	
  1.0040140e+000	
  1.3340980e+000	
  1.0820670e+000	
  6.9749300e-001	
  7.9379400e-001	
  6.9396200e-001	
  1.0495720e+000	
  1.2684490e+000	
  1.2408000e+000	
  6.3408600e-001	
  8.2516400e-001	
  5.2592000e-001	
  7.5850000e-001	
  5.3547500e-001	
  1.0129190e+000	
  4.2920400e-001	
  5.8857200e-001	
  5.5191400e-001	
  3.7718700e-001	
  7.4367600e-001	
  3.8168700e-001	
  4.1245000e-002	
  1.2069800e-001	
  6.0064000e-002	
 -3.4060000e-002	
  3.3378600e-001	
 -3.3227400e-001	
 -3.7243800e-001	
 -4.5483200e-001	
 -3.2167400e-001	
 -2.5192800e-001	
  7.5157000e-002	
 -8.2270000e-003	
 -2.5501200e-001	
 -5.0459300e-001	
 -3.2030800e-001	
 -4.2716800e-001	
 -7.6346600e-001	
 -7.4081200e-001	
 -5.6400200e-001	
 -5.7602000e-001	
 -1.0966390e+000	
 -8.7934200e-001	
 -1.2699320e+000	
 -6.3645700e-001	
 -7.5220900e-001	
 -9.2229300e-001	
 -1.1109000e+000	
 -1.1807810e+000	
 -1.1713080e+000	
 -9.1878700e-001	
 -1.0392640e+000	
 -7.9390800e-001	
 -9.7117600e-001	
 -8.4704500e-001	
 -9.2531900e-001	
 -1.2296270e+000	
 -5.6180200e-001	
 -5.9342900e-001	
 -5.4883400e-001	
 -8.2416400e-001	
 -4.5339300e-001	
 -6.1812000e-001	
 -9.2491200e-001	
 -7.1746000e-001	
 -9.0926900e-001	
 -2.0891000e-001	
 -7.1574400e-001	
 -5.0946600e-001	
 -3.5833900e-001	
 -4.6633900e-001	
 -9.3747000e-002	
 -5.2906000e-001	
 -2.2219400e-001	
  8.9262000e-002	
 -2.5385800e-001	
  3.6937500e-001	
  3.5613800e-001	
  3.1540300e-001	
  5.2883000e-001	
  3.7972000e-002	
 -6.1856000e-002	
  3.1263600e-001	
  7.0190100e-001	
  5.7349500e-001	
  1.6040300e-001	
  6.6077600e-001	
  3.2210200e-001	
  3.3347400e-001	
  1.1061940e+000	
  9.4310700e-001	
  9.7356000e-001	
  1.1764760e+000	
  7.3341500e-001	
  1.0658450e+000	
  6.4085500e-001	
  6.4131000e-001	
  1.3534830e+000	
  1.0972780e+000	
  1.0738300e+000	
  6.3032800e-001	
  1.1707430e+000	
  6.7650400e-001	
  1.3514380e+000	
  6.7304000e-001	
  9.1134400e-001	
  1.0888980e+000	
  9.1616300e-001	
  7.8158500e-001	
  1.0935510e+000	
  1.2279770e+000	
  5.3299500e-001	
  8.1640200e-001	
  1.1263180e+000	
  3.7124900e-001	
  6.8646200e-001	
  8.9323200e-001	
  3.6483300e-001	
  6.2802000e-001	
  6.1579700e-001	
  3.9946200e-001	
  2.1570000e-002	
 -1.3178500e-001	
 -4.0414000e-002	
  1.5117100e-001	
  3.2681000e-001	
 -6.0390000e-002	
 -3.4376300e-001	
 -4.7578300e-001	
  2.9787000e-002	
 -3.1738000e-001	
 -2.4397000e-002	
 -3.5521300e-001	
 -8.1208000e-001	
 -8.1097700e-001	
 -2.9928300e-001	
 -4.4289400e-001	
 -7.7209100e-001	
 -4.4080300e-001	
 -7.4925700e-001	
 -1.0885360e+000	
 -4.1239300e-001	
 -7.9141400e-001	
 -5.2433400e-001	
 -9.9409300e-001	
 -1.1506210e+000	
 -1.1682260e+000	
 -1.0864500e+000	
 -6.6009000e-001	
 -1.1457320e+000	
 -1.1291430e+000	
 -7.3577900e-001	
 -1.2827980e+000	
 -7.7229500e-001	
 -8.6102100e-001	
 -1.0683230e+000	
 -1.1248240e+000	
 -1.1716210e+000	
 -8.0846100e-001	
 -8.6499300e-001	
 -8.0231400e-001	
 -1.0758370e+000	
 -7.3444900e-001	
 -8.3683400e-001	
 -6.6945800e-001	
 -7.8886500e-001	
 -4.4004200e-001	
 -4.6068600e-001	
 -1.0512800e-001	
 -4.9829300e-001	
 -6.8362100e-001	
 -4.9985900e-001	
  9.4959000e-002	
 -1.6284200e-001	
  2.6310000e-002	
  1.8278100e-001	
 -3.8077300e-001	
  3.8081400e-001	
  2.9757700e-001	
 -7.4663000e-002	
  3.5413200e-001	
  4.0115800e-001	
  6.3314600e-001	
  4.4606800e-001	
  5.6337000e-001	
  1.5892800e-001	
  7.3932800e-001	
  4.7675700e-001	
  8.1011400e-001	
  9.1106300e-001	
  1.0628360e+000	
  5.3069600e-001	
  1.1665510e+000	
  1.1110520e+000	
  1.0046180e+000	
  1.1150950e+000	
  7.9648900e-001	
  1.2224540e+000	
  5.9418800e-001	
  8.6504800e-001	
  7.5533200e-001	
  1.2982470e+000	
  1.3495750e+000	
  6.6621700e-001	
  6.1216300e-001	
  1.2849550e+000	
  8.1831500e-001	
  5.8195300e-001	
  1.2075990e+000	
  4.9278200e-001	
  1.1010980e+000	
  5.6734600e-001	
  8.7542800e-001	
  4.5619700e-001	
  4.5782700e-001	
  7.9744100e-001	
  7.1850100e-001	
  2.5295500e-001	
  5.8591800e-001	
  3.0418700e-001	
  5.3214100e-001	
 -2.4557000e-002	
  3.0915300e-001	
  3.9859900e-001	
  1.4687000e-001	
 -2.1600700e-001	
  7.4739000e-002	
  1.0395100e-001	
  7.1609000e-002	
 -4.1437700e-001	
 -5.3398700e-001	
 -9.2524000e-002	
 -1.7530700e-001	
 -1.2400800e-001	
 -1.5993200e-001	
 -5.8266700e-001	
 -6.9642700e-001	
 -2.4272500e-001	
 -7.8701400e-001	
 -5.0172500e-001	
 -8.7778000e-001	
 -6.4220000e-001	
 -1.1245750e+000	
 -6.1203600e-001	
 -1.2863520e+000	
 -9.9469100e-001	
 -9.6997000e-001	
 -6.3293500e-001	
 -1.2236320e+000	
 -1.1789080e+000	
 -1.1626940e+000	
 -1.3335230e+000	
 -1.3298750e+000	
 -9.8952700e-001	
 -1.3573360e+000	
 -8.1574100e-001	
 -5.6443200e-001	
 -6.6733000e-001	
 -7.1013300e-001	
 -1.0388990e+000	
 -1.0529460e+000	
 -6.1797300e-001	
 -4.2933900e-001	
 -9.0536100e-001	
 -2.9562200e-001	
 -5.8155900e-001	
 -1.9543500e-001	
 -1.5090100e-001	
 -6.1269400e-001	
 -5.8287100e-001	
 -3.7501100e-001	
 -1.9010000e-001	
 -5.7453600e-001	
  1.5221800e-001	
  3.9361000e-002	
  5.4752000e-002	
  6.8716000e-002	
 -1.1170100e-001	
  1.5544000e-002	
  1.5629400e-001	
  6.4210000e-003	
  3.2540600e-001	
  6.7019800e-001	
  2.7671300e-001	
  1.5198200e-001	
  6.2499300e-001	
  4.8904600e-001	
  2.6502600e-001	
  9.6779400e-001	
  5.3555100e-001	
  9.2635600e-001	
  1.0057610e+000	
  1.1389750e+000	
  1.2572320e+000	
  5.1465300e-001	
  5.6907800e-001	
  8.9844300e-001	
  6.2133500e-001	
  1.0624020e+000	
  1.0600540e+000	
  6.0757700e-001	
  1.1516670e+000	
  7.7460700e-001	
  6.9471800e-001	
  1.1719300e+000	
  1.0867740e+000	
  1.1508000e+000	
  9.2731300e-001	
  9.9264200e-001	
  5.8781000e-001	
  8.5719000e-001	
  6.9870000e-001	
  9.4820500e-001	
  1.1158420e+000	
  9.6989300e-001	
  2.5742400e-001	
  6.3822300e-001	
  5.6378900e-001	
  5.2006600e-001	
  5.5026900e-001	
  6.6052000e-001	
  6.8131500e-001	
  1.8467400e-001	
  1.5309100e-001	
 -1.1183800e-001	
 -2.6078300e-001	
 -3.9270100e-001	
  3.1538200e-001	
  5.9934000e-002	
 -2.0914600e-001	
 -3.6093200e-001	
 -3.9053300e-001	
 -7.2224900e-001	
 -4.3024300e-001	
 -1.0083000e-001	
 -5.9329200e-001	
 -9.8686100e-001	
 -3.5780400e-001	
 -3.3147500e-001	
 -7.8525900e-001	
 -1.1569640e+000	
 -5.1894600e-001	
 -9.3029400e-001	
 -9.9819900e-001	
 -5.7888000e-001	
 -7.1295800e-001	
 -1.2840800e+000	
 -9.8912200e-001	
 -6.2613900e-001	
 -6.8736800e-001	
 -1.1216680e+000	
 -1.3747240e+000	
 -7.4533100e-001	
 -1.1356070e+000	
 -1.1877310e+000	
 -1.2856800e+000	
 -9.3564300e-001	
 -7.9190900e-001	
 -1.0701940e+000	
 -8.0949100e-001	
 -8.0558800e-001	
 -5.5489600e-001	
 -9.1345400e-001	
 -5.1624900e-001	
 -5.0630300e-001	
 -5.8510900e-001	
 -2.3423600e-001	
 -6.0174000e-001	
 -2.3905700e-001	
 -4.8889200e-001	
 -5.7204200e-001	
 -1.3437300e-001	
 -3.5930400e-001	
 -2.8120000e-003	
 -2.7537400e-001	
  2.4043300e-001	
  3.8670100e-001	
  3.5883900e-001	
  3.7413000e-001	
 -1.5589100e-001	
  5.0648000e-002	
  4.5998600e-001	
  3.1493700e-001	
  4.0321700e-001	
  5.6129500e-001	
  7.6249800e-001	
  8.6030700e-001	
  7.0361500e-001	
  7.6588800e-001	
  9.1908800e-001	
  4.3531600e-001	
  5.8724800e-001	
  1.0035210e+000	
  5.5286000e-001	
  1.1970490e+000	
  6.9743200e-001	
  1.2058520e+000	
  7.1396300e-001	
  7.3449200e-001	
  1.1727830e+000	
  6.0910200e-001	
  8.1578200e-001	
  6.1825200e-001	
  1.2610350e+000	
  1.1697800e+000	
  1.0094220e+000	
  8.9986700e-001	
  5.9495300e-001	
  7.8333500e-001	
  7.0346300e-001	
  8.6246500e-001	
  8.2500400e-001	
  4.9781600e-001	
  7.3013000e-001	
  5.1835300e-001	
  9.7772100e-001	
  3.5288900e-001	
  6.8359300e-001	
  2.1663200e-001	
  7.9990200e-001	
  6.6339500e-001	
  5.7046100e-001	
  2.2987500e-001	
  5.4242800e-001	
 -2.3824200e-001	
 -6.3427000e-002	
  1.4061500e-001	
 -2.5703000e-002	
  1.0403500e-001	
 -4.8600500e-001	
 -1.0349900e-001	
 -1.7297700e-001	
 -1.7380700e-001	
 -6.2844900e-001	
 -1.0245600e-001	
 -5.5151600e-001	
 -3.2131600e-001	
 -5.6796000e-001	
 -4.7375400e-001	
 -3.9909700e-001	
 -8.5047900e-001	
 -1.2026430e+000	
 -1.1427010e+000	
 -7.3324000e-001	
 -5.8523000e-001	
 -1.0749940e+000	
 -1.1382750e+000	
 -1.3257320e+000	
 -7.8461900e-001	
 -1.0945060e+000	
 -8.9296100e-001	
 -9.5553600e-001	
 -1.1582940e+000	
 -6.4729100e-001	
 -1.0814780e+000	
 -1.0167970e+000	
 -8.5636600e-001	
 -9.3896400e-001	
 -6.3515500e-001	
 -6.7988700e-001	
 -7.2136100e-001	
 -6.9732500e-001	
 -1.0746840e+000	
 -8.8611000e-001	
 -1.0423700e+000	
 -9.0051900e-001	
 -9.5595800e-001	
 -4.5873600e-001	
 -1.1045300e-001	
 -3.7991400e-001	
 -6.7924500e-001	
  2.7583000e-002	
 -1.0364600e-001	
  1.9769500e-001	
  1.8216500e-001	
  5.9327000e-002	
 -2.0504200e-001	
  1.5803300e-001	
  1.5649800e-001	
  4.7941000e-002	
  1.3320000e-001	
  3.7398000e-002	
  6.7937300e-001	
  7.5847900e-001	
  5.0391800e-001	
  5.3389100e-001	
  6.3882600e-001	
  4.0695600e-001	
  6.4268400e-001	
  6.9520600e-001	
  9.6048300e-001	
  4.0926800e-001	
  4.6810500e-001	
  7.8961700e-001	
  6.2120600e-001	
  8.6228700e-001	
  7.2833800e-001	
  1.2521300e+000	
  1.1155790e+000	
  8.3629800e-001	
  1.3930270e+000	
  1.1294170e+000	
  7.6373200e-001	
  9.4410000e-001	
  1.2272570e+000	
  6.5761100e-001	
  7.9976400e-001	
  1.1463450e+000	
  1.0376930e+000	
  7.2778900e-001	
  5.3343000e-001	
  1.0898120e+000	
  6.3804600e-001	
  5.9565100e-001	
  1.0669950e+000	
  8.5316700e-001	
  7.6655200e-001	
  5.1798700e-001	
  5.9386800e-001	
  3.8541400e-001	
  5.5349100e-001	
  2.2044000e-002	
 -5.7584000e-002	
  4.2737500e-001	
 -1.4906400e-001	
  1.2842800e-001	
 -2.4742200e-001	
 -7.6030000e-002	
 -8.3871000e-002	
 -5.8440800e-001	
 -2.4322900e-001	
  7.2056000e-002	
 -3.9356400e-001	
 -3.8146700e-001	
 -4.2426600e-001	
 -5.0436500e-001	
 -5.9982400e-001	
 -8.1891800e-001	
 -7.8786400e-001	
 -6.7915600e-001	
 -1.0674610e+000	
 -5.3407200e-001	
 -5.2788100e-001	
 -9.1577100e-001	
 -1.2779520e+000	
 -1.2354490e+000	
 -1.1410500e+000	
 -1.2995310e+000	
 -8.5014600e-001	
 -1.1883840e+000	
 -1.3618010e+000	
 -1.3760740e+000	
 -8.2463400e-001	
 -1.0543040e+000	
 -1.3083350e+000	
 -7.7836400e-001	
 -6.8078500e-001	
 -6.5608000e-001	
 -8.6333800e-001	
 -7.0006300e-001	
 -8.9106600e-001	
 -8.7755600e-001	
 -6.6119600e-001	
 -9.6671200e-001	
 -7.4716000e-001	
 -7.3863800e-001	
 -5.3539500e-001	
 -1.5500100e-001	
 -4.4348800e-001	
 -5.7772000e-001	
 -5.2131500e-001	
 -6.5345000e-002	
 -4.2928100e-001	
 -5.6317900e-001	
 -8.7193000e-002	
  1.2122900e-001	
