16276
14037
16141
7217
3800
7217
14223
11627
16141
10117
15347
7217
11627
10117
15347
17339
14223
4944
10126
15276
7184
10117
5496
7046
10117
5497
17622
11820
10117
5496
8068
6150
12051
10117
12051
10117
10120
14937
4209
16739
18731
17965
207
17514
8033
9264
11538
8033
18787
10126
19671
10326
13352
3327
3865
6923
12976
18731
8068
17333
1433
17622
8068
498
2953
13706
14949
14521
19101
17706
7926
7113
4966
17706
7926
6281
8260
17339
7222
10045
17706
7926
420
7238
7816
17514
9354
1052
14734
7957
14589
4229
18767
16954
14734
11281
19783
7113
11547
8260
14734
11281
7113
11547
8260
9949
16957
17876
17279
7113
14734
9542
3842
3842
7046
1763
7184
986
195
18731
1612
12660
6101
14937
4229
10126
34
10326
8394
14937
11642
8394
34
34
7238
7130
19341
10393
16575
8068
13946
19666
18767
1736
18914
14066
7046
18798
12332
18731
7046
3536
13605
13616
17622
6347
12990
7046
18798
8033
14039
8408
10401
17333
12808
17380
18924
17968
13605
986
17622
9542
18924
17968
10393
13352
4577
8099
13605
16141
3800
13605
9684
17887
17706
16141
7046
15637
17887
13605
8068
7046
4637
17887
17235
17235
16740
18731
13619
13605
13619
415
14037
2765
18731
12976
3315
16575
18914
9542
18406
3520
18767
4966
4966
34
9264
12338
7314
6697
12132
9220
17602
34
7314
12132
9220
17602
2001
17333
9542
11267
18767
7238
14734
9700
17514
12335
18767
10176
18795
9801
8068
15898
16564
7174
18914
9542
3512
13605
19605
7459
13580
16739
18731
10393
13511
12209
11538
1531
14724
34
11538
9684
14724
10393
13511
14780
4378
19341
10671
4157
12209
17659
9542
17339
15764
17602
1367
3305
18836
19395
1531
9428
18125
19666
17670
18914
17339
19395
17659
949
15294
14589
3100
11090
14589
950
11090
18767
14223
18767
19484
14734
10671
10671
17380
950
18924
10671
18914
17968
13456
9264
18735
3878
13946
16099
17380
18735
12332
19107
1704
3842
12332
15347
4697
7046
11609
18795
18912
18912
7222
34
7222
9542
19625
9264
18731
18670
16745
8591
4966
34
14937
13352
3520
1704
17670
7222
1274
34
7872
7894
3483
17326
7872
19421
7894
15894
11812
13605
12209
8068
17339
7184
7238
18406
17339
17339
18512
1531
4757
5213
18795
13887
4792
13773
1704
1321
10126
718
12332
1793
8068
10641
18787
949
15294
3842
5470
8569
3961
17339
3842
3131
10900
15073
14734
8070
12806
19341
14223
8068
13879
7314
16891
5165
6347
18731
10393
