16739
4944
10137
3385
8891
10126
2117
9928
7051
4318
17159
4229
8237
6506
14937
12976
13352
7263
34
10393
17339
12636
34
7957
10401
9876
10530
16099
10530
16099
10393
5470
11788
2853
16368
4229
9542
7046
15696
17659
1872
11820
16934
11609
1883
17279
7046
6813
3301
7222
13605
1883
15351
14780
14589
14780
7222
5470
34
7046
15694
782
4757
5470
4757
5470
4757
17279
7046
15696
9711
34
8408
7222
5470
14409
11894
8408
420
7222
7046
14409
14223
18731
12332
12798
7184
14780
18767
6090
11371
1367
11090
6089
34
17339
14223
34
18731
18406
18798
18731
12332
18798
11993
12475
17174
12341
6292
2227
7816
34
9264
14927
18914
7130
17514
34
7046
2227
8068
7184
3304
19247
16895
9264
19247
16895
3304
18731
13344
16493
16739
6834
16493
34
6382
11090
6384
9801
9264
18787
14937
10126
884
18810
7184
18912
17380
18767
2227
7184
240
18670
5011
4966
4836
7046
7143
18795
9264
10969
10206
13887
11642
34
2577
12336
718
17670
12405
194
11820
7448
10201
12405
10401
16172
3543
986
12209
8068
10401
13352
17339
13887
11642
12798
34
17339
11076
4229
18767
9264
16954
34
18767
744
9947
12798
7056
11673
7804
7804
7314
12209
15013
16507
18767
5278
6347
12332
18935
10878
5222
18695
5278
6419
6347
18731
12806
12386
15294
4229
10326
17602
15294
4229
1293
13227
6644
16739
11642
6644
17279
1293
13227
6644
18914
16739
11642
1293
13227
6644
13887
10326
7222
17562
12338
4229
7046
34
12806
12386
8068
7184
2001
7140
13887
7222
12332
7222
12332
19782
13605
496
2544
498
7184
1491
498
7807
8260
19782
13605
13592
7816
13592
17339
10432
7056
13879
6028
14589
7056
13879
6028
8380
13887
7051
8380
4966
4836
18731
18344
15233
6551
18731
14137
17473
17670
7816
8891
8520
6551
17235
34
7046
17712
986
5278
14361
1872
8278
12403
8277
13871
9711
13887
6150
13877
14223
14937
13871
9711
34
11092
13871
16934
11456
9711
9711
18924
16746
7314
18924
7140
5325
10393
14984
14589
17235
11005
10379
14037
18922
5060
14851
10380
8068
10380
8068
4944
11812
7314
15794
2248
14844
17965
1728
17339
18731
7222
13352
2001
19438
12403
17339
18922
16446
18914
7957
3536
8260
16934
19481
11427
18836
9542
1872
14937
11427
4317
3512
10399
7816
14937
11427
399
13605
11427
19625
2126
8068
13605
11427
17670
12016
1883
16934
6582
13605
11427
11820
11820
11820
16739
6763
16739
10126
17706
14724
14780
17602
14724
11881
14780
19623
14589
18924
13887
11642
17952
11427
6906
17339
9542
3536
8068
7046
3536
11820
3536
8068
