11076
7140
10401
14501
12209
7714
8068
11076
1531
12936
9742
19238
17514
18731
15759
11076
18731
15759
15540
11076
15486
7046
15508
17333
11076
10201
18731
10401
1531
14501
12209
12209
12209
7722
17279
18684
4299
4299
14501
12209
7722
10401
14501
13605
8068
7184
12209
7722
7184
7046
12365
1293
7046
12365
1293
16446
11076
476
12365
1293
476
12365
1293
7770
11076
19030
11076
19030
19030
12365
1293
18731
8501
18731
11076
2824
8501
7184
13227
11076
11820
11281
11336
11076
19782
9352
4966
19782
9352
4966
19782
9352
10126
18294
1009
10126
7865
17706
7926
10126
11076
10126
7865
7238
8116
15217
11076
9819
13605
11090
13605
9806
11076
13605
9806
14250
12209
11090
16891
10393
13153
10393
13153
7751
11090
11090
11090
7046
15217
16934
11090
13605
17425
11090
13605
403
11090
13605
403
11090
13605
670
11090
9264
7538
1542
1543
17279
16891
7046
7611
16891
14209
8359
11820
2824
11090
2824
11090
2824
11090
2824
11090
2824
11090
2744
11090
18825
13605
2891
7986
11090
18731
9220
11076
4229
7046
9220
13003
13003
13003
4229
13003
4229
17279
423
2156
423
386
7241
9220
11820
7241
11190
16895
11076
19030
2891
11076
19782
9352
11076
7184
8116
11820
11281
11336
7184
8116
7238
7046
13588
12650
11076
13588
11076
13588
8068
13588
11076
13588
13588
8116
13588
8116
11090
13588
8116
11090
11090
13588
8116
18681
11076
13929
11076
15347
14734
15347
14734
11076
11090
11090
13592
11090
11076
13605
11090
17235
11076
11090
13605
2677
2677
11076
11076
2677
12425
11076
2677
12425
7184
13138
11090
18731
4229
3536
18767
17670
7816
4229
18767
17670
7816
4229
11820
1792
11076
7773
12976
19782
2746
7046
11076
11076
18125
11090
18125
18125
19012
18187
4229
14937
13726
19235
4229
14937
2677
4229
4229
8033
8033
8033
8033
8033
11538
8033
15766
8394
15766
8394
15766
15766
14937
15766
15766
8394
16385
15766
8394
15766
8394
4229
8033
4229
8033
4229
8033
8033
8033
9264
8033
7238
16824
16829
13134
10126
7184
4229
10126
7184
10126
7184
4229
9436
6632
10843
7611
9436
18731
7222
2505
4229
15701
7046
10393
6045
7184
14751
7046
207
11090
7222
6729
8394
18731
7184
7046
11090
