7222
1274
14501
8068
34
8327
7046
6301
19238
17514
8327
7046
6301
19238
17514
16385
16672
18731
15759
8408
3536
18731
7184
8150
15540
18731
15759
18731
15486
18914
7046
15508
15508
13079
18731
10393
1531
14501
10052
14393
1531
14501
12209
7722
8102
18731
14501
4299
17968
19438
17288
13887
19177
19204
8068
7222
16934
17850
12209
16399
7222
3536
3536
15898
12365
1293
8208
476
12365
1293
14209
1501
6384
7770
13037
7770
12530
2156
12365
1293
13037
17946
2126
2126
13037
17946
2824
8408
420
7222
7046
879
7222
7184
4966
11281
11336
17380
18924
11281
11336
11820
19782
9352
11820
18294
1009
16954
8099
17339
10878
14250
17339
14250
15217
17965
8116
17339
9819
14250
15217
17965
8116
11820
1501
8591
17339
15276
7222
14250
12209
17279
15217
18851
7046
15217
8408
3536
17425
15217
17425
18512
1531
14250
15217
7751
670
7577
670
18512
1531
7538
1274
1543
2001
19409
1274
10432
17279
7222
1274
3885
7222
1274
34
11820
3882
11820
3882
2794
7222
2744
2891
420
7222
1274
951
4229
1274
7140
7046
9220
9220
386
7241
9220
8070
9220
17288
16385
17542
1608
9711
11190
13605
5687
7143
16895
15870
11820
19782
9352
18294
11281
11336
7222
8116
7222
18406
13588
9542
13588
11642
13588
14737
10126
18107
18107
16263
4951
7241
1274
7184
240
14937
19395
18731
13605
16934
13938
6347
7222
34
17339
12209
7926
7184
240
3536
7184
12862
207
7184
13138
10126
35
1793
503
13352
19438
13352
12335
1793
3536
8068
14937
13352
12335
7773
7046
8068
7184
18125
18125
19012
10993
14937
575
18914
18836
14937
6278
17279
18836
6382
18836
6382
15885
7046
5011
5282
4836
18836
17965
6382
15885
7046
5282
4836
19101
19235
19235
18914
16739
4944
10393
11642
13712
19236
7804
2677
7804
7804
8033
15766
8394
1872
15766
8394
8033
8033
8033
34
10133
7184
9349
1531
34
9349
7222
11820
9437
18731
9436
18670
9264
14927
7184
15701
7184
7222
9864
8394
18914
18836
9264
14521
14927
3536
7046
15271
4944
305
4944
1602
16739
1274
11642
3536
8068
34
17159
14930
7184
3536
8068
7130
10016
18512
11642
17159
18512
11642
10016
14734
17631
10016
14734
17631
