17459
17459
17459
13352
15885
7238
17459
10001
7471
8394
16934
986
18767
13041
8068
4229
2794
7238
17414
207
8068
2794
2794
11076
9542
8099
19479
8068
14937
7238
17414
11083
19122
10989
18767
7238
17414
11083
10989
15448
14223
8068
5470
18767
7314
17602
11083
5470
8380
3131
8408
8380
3131
8408
8274
8068
7238
13605
8274
17279
13605
11820
10126
11090
14037
17326
18790
15013
16507
18061
15013
16507
18790
15013
16507
2001
8237
1215
16277
8194
9542
10641
17326
18767
7788
2847
14409
18194
7238
10393
12209
7238
10393
17326
12209
7238
10393
17326
14724
15013
16507
12209
18406
16527
11090
9542
3446
5470
5419
1596
5470
5419
1596
13887
13352
16544
8099
13887
13352
8380
17339
18795
11090
18166
8695
17326
10326
12209
12967
17193
8697
10327
12209
2281
12437
2281
12437
2281
12437
2281
7238
1274
5471
16726
11820
4757
10641
11360
9542
14037
18767
5698
11121
18790
8501
9264
1531
17874
17876
17876
6581
5698
18767
8363
17279
951
2589
12209
8099
7066
17279
7066
16460
18767
9264
7066
2639
9542
7425
18767
13887
12016
10432
7066
7695
7695
7926
2001
9542
11427
2001
14589
18922
11031
13887
8380
16385
13352
8380
5180
18166
7471
8394
10680
7222
14265
11427
14265
6496
13887
15814
2650
1531
15214
7051
15775
9542
9542
9542
15214
7184
2648
17279
1531
15211
7217
6470
6347
17279
2648
7217
6282
6352
18051
16934
8260
7130
12660
13605
18795
6352
3842
10126
18767
11685
1274
4966
1274
10641
12798
10326
6352
11604
17324
18048
9450
18048
9450
18051
18194
11427
18049
11427
11427
6589
3890
3536
14265
17670
14734
18873
18873
6283
12936
16824
9264
9542
8408
16824
9264
9542
8408
9819
14937
12801
10326
10117
17514
223
3057
9549
8408
16824
17326
14223
11627
18166
18166
14223
11627
12798
7900
9549
8408
16824
9542
17339
9450
7902
4697
496
7902
19223
9450
7902
19223
15294
7902
16534
