3800
7238
13605
17326
17326
17326
7184
8099
8099
11076
19484
9542
8408
7217
16141
7217
3800
17279
1531
17279
7217
17279
13605
17279
15276
7184
15276
7184
15276
7184
8068
15276
7184
8068
8068
13605
8068
10117
5496
17279
17279
17279
17279
17279
17279
17514
8033
7238
11538
8033
18731
8033
11076
13605
17622
15294
7217
8068
17279
7217
8068
17279
7217
8068
17279
7217
8068
17279
7217
8068
17279
7217
8068
7217
8068
207
7217
17279
7217
17279
7217
8068
7217
8068
7217
8068
7217
8068
8099
7263
7263
7046
498
6923
7217
8068
7217
8068
7217
8068
7217
8068
7217
8068
7217
8068
7217
8068
7217
8068
7217
8068
7217
8068
498
2953
13706
498
2953
18166
7113
4944
4944
7113
7184
8126
7113
6281
8260
3842
18684
7816
17514
3842
9264
2744
7751
17279
14734
8033
6049
17279
14734
14734
14589
8033
17706
15851
7926
14734
17279
17279
1003
1531
17326
8033
17481
17279
17279
17279
17481
3842
2953
17279
3842
1612
368
17279
3842
14209
17279
3842
1612
12660
369
6101
11090
10326
8394
10326
8394
8408
3536
7238
7046
8099
12335
15347
12335
15347
15898
1736
1736
8766
17670
8126
13865
8033
3842
7184
3842
7184
3842
7184
13605
7263
8591
13605
8068
17279
13605
17622
17279
17279
282
1215
1215
6172
7238
18787
13605
17622
11076
19577
503
5357
13605
14223
14223
11076
8099
11076
8033
8232
8099
11076
7238
18406
12332
1736
7046
7046
18795
11538
18795
9264
12338
13605
15019
17333
17622
17333
11262
11090
19246
3512
7238
9264
7238
10393
5278
8099
8099
8099
18037
1736
2911
1736
8099
3842
18166
15898
10393
13511
15898
10393
13511
15898
10393
13511
3842
4157
12209
3842
10326
13511
18731
10393
13511
19341
17659
3842
3842
7184
8569
15479
17659
17659
15898
10393
13511
9428
18125
9428
6076
879
1531
9428
15898
10393
13511
9264
1531
9428
17659
17659
4229
14589
13711
13711
18767
19484
17670
18767
19484
17670
14589
10671
582
15294
17659
3515
1736
15347
4697
3865
12332
6347
17279
7046
3512
17279
3842
12332
15347
17235
17333
1531
17333
14937
18795
14223
8068
16385
12338
9264
7222
1274
3518
1704
8408
17659
15694
17659
3842
18768
7773
18731
13158
8569
3961
19030
17326
14589
14589
18166
7314
18125
18125
19346
19030
19341
8518
7238
8518
7046
1531
5165
17670
5165
17670
9264
11820
18166
9789
18795
3520
387
11076
5011
11083
17679
17679
9428
17381
17381
1274
8068
13879
9264
7314
