10126
14937
11151
17602
10137
3385
14937
18851
207
1102
7470
475
3543
14735
7470
475
3543
6506
10126
10326
10126
10126
10326
11083
10126
10326
10126
10326
18413
9876
9876
10126
10326
5470
18825
17670
1872
17674
11820
9264
16942
11820
12990
12990
3301
7238
13605
12209
15351
11820
11820
15351
8068
15351
14780
7046
15694
7046
15694
7046
15694
5470
14409
5470
14409
5470
14409
5470
14409
13003
7046
14409
13003
7046
14409
13003
12332
12798
12332
12798
7184
7184
16276
7222
14780
6089
6090
4229
6090
17333
12341
6293
2227
18731
18731
12341
18731
18166
7046
18166
7046
18166
12055
18731
2227
7046
2227
18731
4792
18795
5213
13605
8068
9542
7804
18922
14780
19623
15803
15233
4076
11090
12338
17670
11538
16401
17235
13344
13344
2227
2227
18406
16493
18406
16493
18795
18795
8408
10117
1274
6301
8408
10117
1274
6301
11090
18406
7046
7046
7046
7046
17670
17670
17670
7046
17670
10126
10326
13352
3512
2563
12336
17670
17670
8352
8033
6278
12403
7470
475
9542
10401
16172
16172
16169
15866
16169
15866
17159
4229
10401
9542
10401
7314
12209
10401
13352
3512
12209
7056
11673
7046
12209
7314
12209
9542
7804
15013
16507
7314
15013
16507
18767
7782
12798
18695
5278
18695
14937
6644
11820
13881
6644
1293
13227
6644
9542
13887
5290
10326
10326
18731
13003
15343
17562
12338
10326
19782
19782
5687
8260
19782
18922
8260
12338
12338
13003
13592
13592
7816
17333
7816
7816
13592
12332
12332
18262
6551
18262
6551
15233
8518
6551
8524
6551
6551
16934
16934
17473
17473
17670
8524
17473
17670
16934
879
11090
2001
7116
2001
7116
2001
7116
2001
7116
2001
7116
2001
7116
2001
7116
2001
7116
7046
18935
7314
18935
11090
6506
14361
15294
6506
11820
11820
10486
14223
14734
13871
13871
13871
18731
13871
11609
1883
18767
18767
5325
7314
18767
5325
18767
5325
7314
7314
5325
7314
14589
5338
1883
14589
5325
1883
7782
12798
7751
12798
12801
1501
16934
424
8394
424
8394
7222
424
8394
7046
12798
1501
10126
6632
18125
11820
7470
475
3543
17649
424
11820
8260
19030
8033
8408
19475
11609
1883
19475
19475
19475
14937
14937
4317
14937
11820
19475
1883
12016
12055
2563
11820
8068
8068
14937
14937
8068
19030
12712
11427
14780
12712
11427
14724
14780
11820
11497
2001
9542
18166
18166
9542
13080
15294
13080
15294
7184
7238
16934
7611
9436
6352
4757
15247
7184
7238
7046
13879
17670
14780
14589
7222
14780
14589
11820
7222
14780
7222
11093
14780
7046
15808
15808
8068
15870
11820
8068
575
10126
4229
13605
15238
4229
15238
17670
14937
