7314
19025
7046
7130
13879
10989
11642
17414
18731
17414
19104
17380
18924
17418
11076
7184
14937
10641
8068
10126
34
14937
575
8070
1060
10989
6542
13879
9700
17514
7314
4056
3536
15448
16895
9542
18924
10379
17602
9264
14927
7046
9264
14927
7046
8274
11538
8033
7184
18731
8274
12806
7184
34
18787
18767
8199
14037
8380
3131
420
7238
10393
8408
10393
9542
16954
5165
12798
10393
17631
13881
6654
5646
5470
4944
10393
16544
8327
4157
14796
12386
10604
14796
18731
7046
5323
17193
12437
2281
18406
18407
2282
6836
15493
2064
19204
17193
7046
3479
5011
5477
7470
5470
4757
5470
16726
18767
5138
16641
18767
2782
7865
18512
5698
14724
14734
18924
11121
16460
7066
14734
18406
2639
18406
2639
1052
18767
7695
10117
1295
17670
8068
18731
8380
3131
3755
17343
18767
10934
17339
10185
6728
9450
14265
13881
7014
14265
5469
2648
7014
14265
7816
2648
15775
6494
13881
15214
2650
2650
18051
11609
8264
6733
19101
2648
4966
18406
2794
18051
17339
18048
1274
17670
7986
951
8408
3842
6278
15637
17380
14589
11427
18767
10045
3890
7046
17080
3890
8408
16824
8408
9410
12313
7902
14037
18922
17225
14724
7902
18924
15454
17706
17152
13079
1588
7902
1531
1285
4697
3057
7902
13887
5608
10577
17279
9264
2366
17029
11377
5213
8380
3131
8068
15294
8408
34
1274
11642
15276
13403
18406
7773
13528
579
13352
9709
14223
17649
14209
1550
16446
18755
17339
11538
11609
13588
10399
17339
7056
12016
8738
8738
10530
9264
14223
15467
12437
14250
18731
13528
11820
17659
34
4229
1367
18794
2754
19623
8099
11820
16735
17414
1883
10401
10126
15098
10393
7184
7046
17333
13605
8068
15411
15874
7577
531
4697
12063
1704
4697
3515
1704
19344
14223
11820
13616
12806
13352
3327
7184
240
7816
13616
6250
12209
5461
18825
13605
9684
17887
6347
15098
14037
18914
8408
6278
10126
14937
