4
0
1
2
3
1
2
1
1
2
3
3
0
3
3
2
0
3
3
2
4
3
3
5
3
2
4
6
3
5
3
3
2
4
5
3
5
6
5
5
5
4
5
7
7
7
4
7
4
6
6
5
4
5
5
6
7
6
5
8
9
6
10
8
8
8
7
6
9
9
7
7
9
8
9
9
8
8
7
10
9
9
11
10
10
10
9
9
12
9
10
8
10
9
10
8
9
10
8
11
13
12
11
14
11
12
13
13
12
12
13
14
12
14
13
11
10
13
13
10
13
15
15
12
12
13
12
16
15
15
12
15
12
14
13
16
16
14
15
15
14
16
16
17
17
18
14
15
15
15
17
17
16
18
16
15
18
18
16
18
18
20
16
17
16
19
18
16
19
16
16
17
17
20
16
17
16
17
19
19
21
19
22
18
18
20
19
20
19
19
20
20
20
21
19
22
20
20
18
20
