1
2
3
4
5
6
7
2
8
9
10
11
7
3
5
12
2
13
14
5
15
16
16
7
5
11
17
5
7
3
16
5
18
11
14
5
18
17
19
5
12
2
13
14
5
3
16
18
19
5
2
17
5
7
3
16
5
20
14
2
13
17
19
9
21
14
12
5
7
3
11
6
5
7
14
11
22
23
5
18
17
19
5
6
8
11
17
5
11
7
4
5
12
16
18
3
9
24
2
13
14
5
3
16
18
19
5
25
11
26
26
5
22
2
26
26
18
8
6
16
9
27
13
7
5
7
3
16
14
16
28
6
5
17
2
7
3
11
17
20
5
11
17
5
11
7
9
29
17
19
5
12
2
13
28
26
26
5
18
6
23
5
12
2
13
14
6
16
26
15
9
9
10
3
16
14
16
5
11
6
5
30
12
5
30
11
17
19
9
10
3
16
14
16
5
11
6
5
30
12
5
30
11
17
19
9
10
3
16
14
16
5
11
6
5
30
12
5
30
11
17
19
9
10
18
12
5
2
13
7
5
11
17
5
7
3
16
5
25
18
7
16
14
9
31
16
16
5
11
7
5
6
25
11
30
30
11
17
28
9
9
32
5
25
18
6
5
6
25
11
30
30
11
17
28
5
11
17
5
7
3
16
5
33
18
14
11
34
34
16
18
17
9
29
17
11
30
18
26
6
5
25
16
14
16
5
3
11
19
11
17
20
5
34
16
3
11
17
19
5
7
3
16
5
14
2
22
23
9
35
36
22
16
8
7
5
7
3
16
5
26
11
7
7
26
16
5
15
11
6
3
9
27
13
7
5
7
3
16
12
5
7
2
26
19
5
30
16
4
5
3
16
5
6
25
16
18
14
6
9
21
14
12
11
17
28
5
7
2
5
7
18
26
23
5
7
2
5
30
16
5
23
2
11
5
23
2
12
9
9
10
3
16
14
16
5
11
6
5
30
12
5
30
11
17
19
9
10
3
16
14
16
5
11
6
5
30
12
5
30
11
17
19
9
10
3
16
14
16
5
11
6
5
30
12
5
30
11
17
19
9
10
18
12
5
2
13
7
5
11
17
5
7
3
16
5
25
18
7
16
14
9
31
16
16
5
11
7
5
6
25
11
30
30
11
17
28
9
9
