1
2
3
4
5
6
7
8
3
9
10
3
10
6
3
11
12
13
3
5
6
7
8
3
9
10
3
10
6
3
11
12
13
14
5
6
7
8
3
9
10
3
10
6
3
11
12
13
3
5
6
7
8
3
9
10
3
10
6
3
11
12
15
14
16
3
17
9
10
10
17
12
3
18
12
5
19
12
7
10
3
4
5
6
7
8
3
9
10
3
10
6
3
11
12
13
3
5
6
7
8
3
9
10
3
10
6
3
11
12
13
14
5
6
7
8
3
9
10
3
10
6
3
11
12
13
3
5
6
7
8
3
9
10
3
10
6
3
11
12
15
14
20
2
6
21
13
3
22
21
22
12
3
4
23
24
5
10
3
21
3
17
9
10
10
17
12
3
22
9
10
15
14
16
3
17
9
10
10
17
12
3
18
12
5
19
12
7
10
3
4
23
24
5
10
3
21
3
17
9
10
10
17
12
3
22
9
10
15
14
25
3
26
12
10
3
10
9
18
12
27
3
4
23
24
5
10
3
21
3
17
9
10
10
17
12
3
22
9
10
15
14
28
12
12
19
3
6
29
3
10
18
30
9
29
31
3
4
23
24
5
10
3
21
3
17
9
10
10
17
12
3
22
9
10
15
14
32
6
24
31
18
12
3
18
24
29
29
9
29
31
3
6
24
10
3
6
33
3
33
6
6
17
9
29
31
3
4
23
24
5
10
3
21
3
17
9
10
10
17
12
3
22
9
10
15
14
16
29
27
3
25
3
21
9
29
31
10
3
17
30
9
29
31
3
4
23
24
5
10
3
21
3
17
9
10
10
17
12
3
22
9
10
15
14
4
18
12
13
3
18
12
13
3
18
12
13
3
18
12
15
3
31
5
19
12
7
10
14
20
2
12
29
3
30
6
24
3
7
6
11
12
3
2
6
11
12
3
4
18
12
13
3
18
12
13
3
18
12
3
13
18
12
15
14
1
18
3
30
6
24
3
11
9
26
2
10
3
34
21
17
8
3
9
29
3
4
18
12
5
19
12
7
10
13
3
23
24
5
10
3
21
3
17
9
10
10
17
12
3
22
9
10
15
14
16
29
27
3
33
9
29
27
3
6
24
10
3
25
31
11
3
26
6
29
12
3
4
23
24
5
10
3
21
3
17
9
10
10
17
12
3
22
9
10
15
14
25
3
26
6
10
3
10
6
3
2
21
35
12
3
4
23
24
5
10
3
21
3
17
9
10
10
17
12
3
22
9
10
15
14
16
3
17
9
10
10
17
12
3
18
12
5
19
12
7
10
3
4
23
24
5
10
3
21
3
17
9
10
10
17
12
3
22
9
10
15
