0.7825	1.073
0.7833	1.0646
0.7828	1.0596
0.7824	1.0456
0.7642	1.0375
0.7561	1.0288
0.7501	1.019
0.7436	1.0035
0.7383	0.9857
0.7207	0.9569
0.7115	0.9438
0.7147	0.9234
0.7127	0.8999
0.7134	0.8752
0.7254	0.8228
0.7381	0.8018
0.7728	0.7779
0.8223	0.7516
0.8738	0.7198
0.9914	0.6556
1.075	0.6266
1.176	0.5884
1.295	0.5531
1.4301	0.5203
1.7699	0.4654
1.9521	0.4536
2.1626	0.4478
2.4329	0.4702
2.6179	0.5013
3.1052	0.6764
3.3658	0.8119
3.6368	0.9817
3.906	1.2078
4.1832	1.4817
4.7839	2.1619
5.0773	2.5717
5.3676	3.0225
5.6583	3.5076
5.9324	4.0066
6.4686	5.0022
6.7126	5.4714
6.9358	5.8993
7.1498	6.2776
7.3433	6.5898
7.6466	6.9914
7.7582	7.0627
7.8503	7.048
7.9012	6.9511
7.9231	6.7457
7.879	6.1442
7.7782	5.7569
7.6591	5.3091
7.4975	4.8255
7.3048	4.2916
6.7532	3.144
6.3929	2.5439
5.9715	1.936
5.3898	1.1832
4.9973	0.7411
3.879	-0.377
3.284	-0.8948
2.668	-1.3752
2.0322	-1.8082
1.3761	-2.1787
0.1119	-2.7258
-0.4908	-2.8961
-1.0591	-2.9959
-1.7113	-3.0167
-2.0562	-2.9809
-2.7866	-2.6915
-3.0249	-2.45
-3.1708	-2.144
-3.2181	-1.771
-3.1621	-1.3451
-2.7585	-0.3288
-2.3392	0.4036
-2.0302	0.8698
-1.5609	1.5177
-1.0276	2.1811
0.153	3.5432
0.7871	4.2212
1.4444	4.8774
2.28	5.6658
2.7735	6.1314
4.0672	7.2335
4.66	7.7314
5.2457	8.1662
5.9207	8.6546
6.2946	8.9057
7.1674	9.4197
7.5963	9.6102
7.8026	9.6807
8.0698	9.7185
8.1773	9.6967
8.3012	9.4539
8.2629	9.2445
8.1619	8.9757
7.9763	8.6481
7.7389	8.2661
7.1177	7.3271
6.6189	6.646
6.2751	6.2078
5.7906	5.5915
5.2692	4.9482
4.0737	3.6275
3.2653	2.7836
2.7736	2.2774
2.1019	1.6169
1.4126	0.9791
0.0804	-0.2242
-0.5516	-0.773
-1.1493	-1.277
-1.7076	-1.7342
-2.235	-2.1386
-3.105	-2.7791
-3.4331	-3.0096
-3.6983	-3.1709
-3.8883	-3.2584
-4.0081	-3.2666
-4.0218	-3.0798
-3.9263	-2.8717
-3.7279	-2.6046
-3.4777	-2.2666
-3.1661	-1.8637
-2.3541	-0.8811
-1.8674	-0.3219
-1.3464	0.2748
-0.6384	1.0543
-0.1969	1.5389
1.0446	2.8582
1.6879	3.5165
2.3264	4.175
2.9577	4.8089
3.5779	5.4213
4.7644	6.5437
5.3305	7.0418
5.8505	7.4973
6.3359	7.8961
6.7727	8.2466
7.5039	8.753
7.782	8.9152
8.0073	9.0091
8.17	9.0347
8.2578	9.0025
8.3013	8.6772
8.2333	8.4147
8.0824	8.1172
7.8792	7.738
7.6226	7.2806
6.9011	6.225
6.4522	5.6241
5.9398	4.9847
5.3726	4.3156
4.7716	3.6188
3.4306	2.2047
2.7248	1.4979
1.9968	0.8096
1.2785	0.1482
0.5782	-0.4851
-0.7583	-1.6291
-1.3628	-2.1274
-1.9049	-2.5698
-2.3887	-2.942
-2.8157	-3.2423
-3.4516	-3.6085
-3.6522	-3.6668
-3.7744	-3.6476
-3.8299	-3.558
-3.8095	-3.3774
-3.5499	-2.83
-3.3128	-2.4663
-3.0243	-2.0438
-2.6779	-1.5713
-2.2724	-1.0498
-1.3252	0.1137
-0.7957	0.7346
-0.2213	1.3757
0.402	2.0294
1.0504	2.6946
2.3638	4.0049
3.0302	4.637
3.6864	5.2525
4.3322	5.8347
4.9472	6.3891
6.0904	7.3697
6.6087	7.7866
7.0844	8.1497
7.512	8.4621
7.8776	8.7178
8.4642	9.0243
8.6819	9.0718
8.8033	9.0625
8.8668	8.9889
8.872	8.8217
8.6994	8.2999
8.5124	7.9358
8.2589	7.5202
7.945	7.0304
7.5587	6.483
6.5938	5.2448
6.0326	4.56
5.4022	3.8536
4.7325	3.1222
4.0166	2.3802
2.5025	0.8958
1.7095	0.1831
0.9366	-0.502
0.1753	-1.1526
-0.5653	-1.7624
-1.9322	-2.8465
-2.5317	-3.2978
-3.0729	-3.6758
-3.5308	-3.9813
-3.9059	-4.205
-4.3403	-4.4187
-4.4071	-4.3845
-4.3718	-4.3099
-4.2504	-4.1207
-4.0001	-3.8686
-3.2867	-3.1592
-2.8323	-2.6989
-2.3135	-2.1728
-1.7457	-1.5882
-1.139	-0.9556
0.1375	0.4317
0.8033	1.1703
1.4772	1.9279
2.1602	2.6953
2.8194	3.4586
4.0981	4.9346
4.7067	5.6389
5.2958	6.3127
5.8477	6.9398
6.3523	7.5185
7.2245	8.5122
7.5714	8.927
7.874	9.2677
8.0997	9.5453
8.2631	9.7492
8.4061	9.9361
8.3622	9.9052
8.3002	9.8365
8.1303	9.6647
7.9113	9.4225
7.2733	8.7408
6.8678	8.2954
6.4037	7.7914
5.7544	7.0784
5.3136	6.6086
4.0562	5.2422
3.361	4.5092
2.6575	3.746
1.9302	2.9774
1.2015	2.2025
-0.2411	0.6721
-0.9259	-0.0648
-1.5789	-0.7668
-2.2046	-1.4233
-2.7799	-2.0235
-3.7641	-3.0273
-4.1627	-3.4196
-4.4901	-3.7283
-4.7413	-3.9472
-4.9151	-4.0693
-5.0261	-4.0406
-4.9683	-3.9084
-4.8358	-3.6688
-4.5458	-3.2877
-4.3243	-3.0041
-3.5632	-2.0675
-3.0957	-1.5194
-2.5877	-0.9223
-2.0337	-0.2831
-1.4475	0.3955
-0.22	1.8313
0.4148	2.5703
1.0541	3.3128
1.7033	4.0454
2.3405	4.7605
3.5904	6.1149
4.1855	6.7426
4.8926	7.466
5.2976	7.862
5.8008	8.3471
6.6533	9.1413
7.0006	9.4451
7.2928	9.6789
7.5223	9.8449
7.7147	9.9472
7.8082	9.8932
7.7743	9.7676
7.6721	9.5453
7.4762	9.2601
7.2249	8.9045
6.537	7.9579
6.0864	7.3865
5.5832	6.7554
5.0162	6.0707
4.4032	5.3398
3.0541	3.7841
2.3251	2.9868
1.5838	2.1795
0.8255	1.3852
0.0761	0.6064
-1.3806	-0.8527
-2.0749	-1.5152
-2.722	-2.1322
-3.4606	-2.8181
-3.8654	-3.1746
-4.7683	-3.9064
-5.1072	-4.1347
-5.3683	-4.2632
-5.5485	-4.2912
-5.6467	-4.2297
-5.6226	-3.8201
-5.4943	-3.4939
-5.2766	-3.0871
-5.0013	-2.6063
-4.6623	-2.0611
-3.8054	-0.822
-3.2992	-0.1367
-2.7478	0.5799
-2.1593	1.3228
-1.5394	2.0737
-0.2279	3.5871
0.4487	4.3311
1.1396	5.0481
1.828	5.7342
2.511	6.3839
3.8295	7.5428
4.4655	8.0424
5.0648	8.4704
5.6262	8.8359
6.1452	9.1279
7.0014	9.4944
7.3397	9.5614
7.6136	9.5413
7.8078	9.4521
7.9349	9.2642
7.9457	8.6705
7.8349	8.267
7.6176	7.7942
7.3381	7.2528
6.9929	6.6472
6.0644	5.291
5.4944	4.5563
4.876	3.7805
4.1909	2.9935
3.4604	2.1953
1.9027	0.6212
1.1082	-0.1399
0.3032	-0.8656
-0.4765	-1.5606
-1.2215	-2.2115
-2.5638	-3.3401
-3.135	-3.8064
-3.6236	-4.1958
-4.0218	-4.5015
-4.3038	-4.7202
-4.5672	-4.8805
-4.5431	-4.8317
-4.4275	-4.7056
-4.1963	-4.4629
-3.8886	-4.1595
-3.0709	-3.3199
-2.5732	-2.7969
-2.0289	-2.2173
-1.4411	-1.5792
-0.8122	-0.8941
0.4925	0.5975
1.1614	1.3798
1.8377	2.1695
2.5131	2.9643
3.1684	3.7532
4.4211	5.2656
5.0065	5.9759
5.5381	6.6482
6.0224	7.265
6.4673	7.8258
7.1386	8.7458
7.3579	9.0835
7.495	9.3354
7.5569	9.5237
7.5371	9.5703
7.2763	9.4392
7.0196	9.2251
6.696	8.9308
6.2976	8.5514
5.821	8.0933
4.6726	6.9484
4.0062	6.2848
3.2994	5.5555
2.5378	4.7881
1.7455	3.9796
0.0913	2.3139
-0.7316	1.4741
-1.5344	0.6451
-2.3055	-0.161
-3.0267	-0.9339
-4.2718	-2.3369
-4.7872	-2.955
-5.2304	-3.5088
-5.592	-3.997
-5.8699	-4.4088
-6.1572	-4.975
-6.1691	-5.1185
-6.1029	-5.1711
-5.9519	-5.1322
-5.7201	-5.0139
-5.0625	-4.4609
-4.6447	-4.0702
-4.1745	-3.6022
-3.647	-3.0622
-3.071	-2.4545
-1.8134	-1.0798
-1.1302	-0.3364
-0.4308	0.439
0.2966	1.2362
1.0294	2.052
2.5	3.664
3.2169	4.4501
3.9206	5.2028
4.5994	5.9253
5.2357	6.6061
6.3741	7.7798
6.8595	8.2582
7.2793	8.6715
7.6299	8.9874
7.8969	9.2246
8.2051	9.4163
8.2534	9.3767
8.2261	9.2525
8.0855	8.9313
7.9182	8.6876
7.3015	7.8013
6.8796	7.2406
6.3565	6.6226
5.7758	5.9369
5.1247	5.2023
3.6699	3.6041
2.8694	2.7691
2.0568	1.9215
1.2275	1.077
0.4107	0.2458
-1.1616	-1.3198
-1.8564	-2.0506
-2.499	-2.7202
-3.0472	-3.3364
-3.4966	-3.8858
-4.0484	-4.7442
-4.1415	-5.0356
-4.1238	-5.2253
-4.0065	-5.3156
-3.7676	-5.3133
-3.0594	-5.0395
-2.613	-4.7607
-2.1124	-4.41
-1.5715	-3.985
-0.9957	-3.4963
0.2326	-2.3442
0.8714	-1.6921
1.51	-0.9938
2.1548	-0.255
2.7861	0.5101
4.0059	2.0747
4.5774	2.8625
5.1349	3.6316
5.6355	4.386
6.0952	5.1071
6.8556	6.4093
7.1418	6.9689
7.3639	7.4704
7.5593	7.9728
7.6121	8.2165
7.6137	8.5917
7.5223	8.64
7.3457	8.5899
7.122	8.4576
6.8331	8.2042
6.1245	7.4517
5.6793	6.962
5.2009	6.3974
4.6761	5.7696
4.1161	5.0804
2.8984	3.5754
2.2603	2.774
1.591	1.9669
0.9244	1.1518
0.2554	0.3554
-1.0452	-1.1724
-1.8215	-2.0496
-2.2603	-2.5426
-2.8166	-3.1535
-3.3229	-3.7021
-4.19	-4.5554
-4.5389	-4.8645
-4.8187	-5.104
-5.0328	-5.2701
-5.1699	-5.3614
-5.2476	-5.2995
-5.182	-5.1401
-5.0418	-4.8935
-4.8205	-4.5831
-4.5338	-4.2088
-3.7677	-3.2748
-3.3	-2.7148
-2.7838	-2.0995
-2.2286	-1.4262
-1.636	-0.7198
-0.3626	0.7635
0.3016	1.5281
0.972	2.2959
1.6415	3.0562
2.2966	3.8064
3.6106	5.2345
4.2304	5.8902
4.8317	6.4959
5.3876	7.0474
5.9063	7.5283
6.7964	8.2567
7.15	8.497
7.4639	8.643
7.7026	8.6984
7.8901	8.6721
8.0535	8.3605
8.0328	8.0899
7.9784	7.7246
7.8252	7.2888
7.6198	6.7847
7.0036	5.6018
6.5787	4.9378
6.1295	4.2224
5.613	3.4764
5.0457	2.7122
3.7714	1.1595
3.0843	0.3924
2.3545	-0.3505
1.6154	-1.0669
0.8687	-1.7446
-0.6161	-2.9551
-1.3414	-3.4745
-2.0295	-3.9286
-2.6788	-4.3141
-3.2777	-4.6302
-4.3067	-5.0443
-4.7114	-5.1398
-5.0311	-5.1583
-5.2642	-5.1054
-5.4056	-4.977
-5.426	-4.4799
-5.3141	-4.1365
-5.0879	-3.7283
-4.8019	-3.2609
-4.4419	-2.7334
-3.5312	-1.515
-2.9922	-0.8416
-2.4064	-0.1384
-1.7818	0.5885
-1.1286	1.3378
0.2458	2.8369
0.9453	3.5756
1.6423	4.2945
2.3289	4.9817
3.1796	5.7718
4.2956	6.7277
4.877	7.1782
5.4124	7.5628
5.9981	7.9281
6.3026	8.0891
6.9358	8.3032
7.1555	8.2869
7.2858	8.2118
7.3466	8.0374
7.3278	7.7956
7.0437	7.1133
6.7812	6.6761
6.4443	6.1784
6.0372	5.624
5.5611	5.0177
4.4243	3.6836
3.7784	2.9731
3.0878	2.2418
2.3694	1.4996
1.628	0.7643
0.1203	-0.6672
-0.6268	-1.3468
-1.3517	-1.9888
-2.039	-2.5882
-2.6792	-3.1355
-3.7829	-4.0478
-4.2213	-4.4097
-4.5862	-4.7073
-4.8755	-4.9373
-5.0856	-5.0947
-5.2546	-5.1823
-5.2174	-5.119
-5.1144	-4.9748
-4.9092	-4.7509
-4.6461	-4.4634
-3.9104	-3.6757
-3.444	-3.1795
-2.9149	-2.6223
-2.332	-2.0183
-1.7119	-1.3727
-0.3821	0.0374
0.3164	0.7854
1.0274	1.5491
1.7459	2.3243
2.4563	3.0956
3.8072	4.6061
4.4607	5.3227
5.0823	6.0032
5.6573	6.6393
6.1945	7.2123
7.0673	8.1552
7.4062	8.5094
7.666	8.7869
7.8562	8.9756
7.961	9.0737
7.9701	9.0092
7.868	8.8451
7.6522	8.5757
7.3117	8.1441
7.0477	7.8254
6.1561	6.7723
5.5901	6.1461
4.971	5.4649
4.2816	4.7411
3.5606	3.9649
1.9782	2.3429
1.1606	1.5175
0.3419	0.6985
-0.479	-0.1028
-1.2672	-0.8867
-2.7196	-2.3394
-3.3734	-2.9876
-3.9464	-3.5751
-4.4462	-4.0968
-4.8455	-4.5464
-5.3777	-5.2293
-5.5119	-5.4634
-5.5497	-5.6235
-5.5044	-5.6976
-5.3755	-5.69
-4.839	-5.4209
-4.4696	-5.1653
-4.0376	-4.8409
-3.5459	-4.4438
-3.0004	-3.9737
-1.7936	-2.8325
-1.1327	-2.1812
-0.453	-1.4771
0.2334	-0.7348
0.9306	0.0425
2.3255	1.6497
2.994	2.4708
3.6526	3.2844
4.2781	4.0863
4.8789	4.8542
5.9302	6.2661
6.3662	6.8859
6.7333	7.4455
7.0154	7.9317
7.2128	8.3449
7.3505	8.9193
7.3003	9.068
7.1642	9.1228
6.9469	9.0836
6.6379	8.9766
5.8158	8.4286
5.3012	8.0347
4.7287	7.5606
4.081	7.0127
3.4106	6.3795
1.9379	4.9409
1.1762	4.148
0.4015	3.3149
-0.3675	2.4648
-1.1413	1.6037
-2.646	-0.0862
-3.3378	-0.8932
-3.9819	-1.6633
-4.5736	-2.3825
-5.1211	-3.0403
-6.0447	-4.1484
-6.4095	-4.5892
-6.7056	-4.9405
-6.9268	-5.1928
-7.0789	-5.344
-7.1672	-5.3559
-7.1075	-5.2373
-6.9694	-4.9952
-6.7562	-4.685
-6.486	-4.2964
-5.7608	-3.305
-5.3123	-2.7169
-4.805	-2.0718
-4.2518	-1.3779
-3.6458	-0.6493
-2.3279	0.8952
-1.6119	1.6943
-0.8762	2.4996
-0.1252	3.2952
0.6255	4.0777
2.1487	5.5603
2.896	6.2465
3.6174	6.8788
4.2947	7.4586
4.9226	7.9675
6.0011	8.775
6.4373	9.0524
6.792	9.2443
7.0616	9.357
7.2702	9.3791
7.4359	9.1836
7.4179	8.9328
7.3306	8.62
7.1256	8.2303
6.8635	7.7633
6.0932	6.6398
5.4537	5.8339
4.8804	5.1296
4.4021	4.5743
3.7155	3.8059
2.206	2.2186
1.4022	1.4193
0.5898	0.6249
-0.2283	-0.1537
-1.0395	-0.905
-2.5733	-2.278
-3.2654	-2.886
-3.8994	-3.4348
-4.464	-3.921
-4.9458	-4.3436
-5.6301	-4.9931
-5.8226	-5.2189
-5.9169	-5.3744
-5.918	-5.4575
-5.8364	-5.465
-5.3978	-5.2523
-5.0698	-5.0233
-4.675	-4.7259
-4.2212	-4.3541
-3.7117	-3.9071
-2.5523	-2.8151
-1.919	-2.1884
-1.2525	-1.5204
-0.5606	-0.8115
0.1441	-0.0648
1.5857	1.5021
2.3008	2.298
3.0046	3.0855
3.6996	3.858
4.3656	4.6087
5.5579	6.0024
6.0746	6.6184
6.5289	7.1696
6.9226	7.6452
7.2443	8.0405
7.6852	8.5619
7.8009	8.6779
7.8371	8.7041
7.7994	8.6387
7.7041	8.4864
7.2144	7.9029
6.8589	7.5033
6.4088	7.0334
5.8842	6.4933
5.2842	5.8915
3.894	4.5418
3.1321	3.8071
2.3295	3.0437
1.2959	2.0664
0.6699	1.4784
-0.9618	-0.0643
-1.7368	-0.7995
-2.4738	-1.4965
-3.1556	-2.149
-3.7712	-2.7508
-4.8036	-3.7794
-5.21	-4.2007
-5.5323	-4.5558
-5.7695	-4.8417
-5.9354	-5.0599
-6.031	-5.2746
-5.9574	-5.2718
-5.794	-5.2006
-5.5516	-5.0426
-5.2529	-4.8108
-4.4639	-4.1469
-3.9815	-3.7114
-3.445	-3.2176
-2.8761	-2.6626
-2.2742	-2.061
-0.9824	-0.7298
-0.3034	-0.0154
0.3923	0.7246
1.0887	1.4763
1.7772	2.229
3.1255	3.7095
3.7793	4.4146
4.3911	5.0912
4.9791	5.7131
5.5103	6.2815
6.4054	7.2324
6.7585	7.5992
7.0528	7.8778
7.2417	8.0836
7.3815	8.1932
7.4262	8.1633
7.3475	8.0338
7.1635	7.7908
6.9384	7.4755
6.6306	7.0954
5.7855	6.1259
5.2642	5.557
4.6788	4.9258
4.0221	4.2602
3.3242	3.5583
1.7893	2.0893
0.9714	1.3462
0.1475	0.6026
-0.6749	-0.1248
-1.4779	-0.8268
-3.0086	-2.1168
-3.7194	-2.6941
-4.374	-3.2157
-4.9585	-3.6826
-5.4821	-4.0916
-6.3119	-4.7165
-6.6	-4.9192
-6.7999	-5.0447
-6.9169	-5.0934
-6.9529	-5.0715
-6.7984	-4.7987
-6.5833	-4.5454
-6.3106	-4.2147
-5.9731	-3.8103
-5.5752	-3.3429
-4.5988	-2.232
-4.0317	-1.5933
-3.4148	-0.9066
-2.7707	-0.1788
-2.0959	0.5787
-0.6778	2.144
0.0637	2.9337
0.8187	3.7183
1.5673	4.4862
2.3147	5.2239
3.7563	6.5852
4.4295	7.1872
5.0521	7.7386
5.6432	8.207
6.153	8.6051
6.9365	9.155
7.211	9.2973
7.3864	9.3563
7.4977	9.305
7.5073	9.1903
7.2851	8.6379
7.0229	8.2456
6.706	7.7766
6.2959	7.2374
5.8137	6.6259
4.6508	5.2206
3.9793	4.4465
3.26	3.639
2.5115	2.8102
1.7404	1.9704
0.1529	0.3062
-0.6273	-0.4993
-1.3951	-1.2649
-2.136	-1.9903
-2.8336	-2.6617
-4.056	-3.8351
-4.5651	-4.3235
-4.9966	-4.7352
-5.345	-5.0642
-5.5952	-5.3117
-5.8297	-5.5562
-5.8062	-5.5494
-5.7062	-5.4654
-5.5029	-5.2779
-5.2262	-5.0213
-4.458	-4.2966
-3.9829	-3.8289
-3.4514	-3.2945
-2.8636	-2.6946
-2.239	-2.0371
-0.9036	-0.5741
-0.2041	0.2157
0.514	1.0263
1.2367	1.8512
1.9478	2.6788
3.3209	4.3205
3.9725	5.1081
4.591	5.8521
5.1476	6.568
5.6567	7.2215
6.4756	8.3444
6.7926	8.7903
7.0483	9.1478
7.2211	9.4396
7.3287	9.637
7.3585	9.7819
7.2845	9.7305
7.0684	9.5493
6.8196	9.29
6.578	9.062
5.744	8.2253
5.2288	7.6975
4.6473	7.1072
4.0087	6.4546
3.3215	5.7443
1.8545	4.2018
1.0876	3.3919
0.3059	2.57
-0.4654	1.7429
-1.215	0.9275
-2.6334	-0.6286
-3.3018	-1.3502
-3.9146	-2.0235
-4.4719	-2.6466
-4.9735	-3.2063
-5.8164	-4.1008
-6.1512	-4.4063
-6.4151	-4.6059
-6.6097	-4.6979
-6.7306	-4.6851
-6.7609	-4.3585
-6.6689	-4.0527
-6.4808	-3.6679
-6.2252	-3.2063
-5.9038	-2.6737
-5.0747	-1.4264
-4.5742	-0.7283
-4.0177	0.0115
-3.4135	0.79
-2.7671	1.592
-1.3921	3.2277
-0.6685	4.0311
0.0713	4.8138
0.8113	5.5727
1.5426	6.2943
2.9528	7.586
3.6031	8.1443
4.199	8.628
4.7376	9.0395
5.21	9.3664
5.9387	9.7579
6.1941	9.8278
6.3633	9.8081
6.4536	9.7193
6.4791	9.5163
6.2973	8.8781
6.0673	8.4445
5.7738	7.9372
5.3963	7.3628
4.947	6.7207
3.831	5.2847
3.1746	4.5022
2.4624	3.6918
1.7203	2.8573
0.9554	2.0175
-0.5994	0.3779
-1.3696	-0.4127
-2.1129	-1.1706
-2.8191	-1.8848
-3.4735	-2.5432
-4.6188	-3.6679
-5.0875	-4.1179
-5.4874	-4.4761
-5.8083	-4.7401
-6.0497	-4.9059
-6.2883	-4.9447
-6.2819	-4.8332
-6.2006	-4.6041
-6.0299	-4.303
-5.7856	-3.9293
-5.0927	-2.9914
-4.653	-2.4365
-4.156	-1.827
-3.6107	-1.1712
-3.0157	-0.4862
-1.7365	0.9768
-1.0416	1.7282
-0.3376	2.4911
0.3866	3.2455
1.0993	3.9926
2.5308	5.3949
3.211	6.0467
3.8475	6.6517
4.4295	7.2069
4.9393	7.7037
5.7388	8.4769
6.0205	8.7514
6.2305	8.9446
6.3498	9.0621
6.3744	9.0875
6.199	8.9275
5.924	8.7077
5.6206	8.4122
5.2234	8.0487
4.7464	7.6176
3.6151	6.5625
2.9641	5.9445
2.2608	5.2863
1.5322	4.5805
0.7781	3.8378
-0.7302	2.297
-1.4654	1.5178
-2.1854	0.7492
-2.873	-0.0046
-3.523	-0.7315
-4.6825	-2.0823
-5.1773	-2.689
-5.612	-3.2403
-5.9905	-3.7273
-6.3107	-4.1444
-6.7272	-4.7703
-6.8244	-4.9802
-6.8552	-5.1141
-6.8229	-5.17
-6.7295	-5.1452
-6.3255	-4.8351
-6.0361	-4.5627
-5.6988	-4.2129
-5.3046	-3.7947
-4.864	-3.3036
-3.8415	-2.1433
-3.2654	-1.4855
-2.6587	-0.7794
-2.02	-0.0413
-1.353	0.7233
0.0179	2.2983
0.72	3.0884
1.4195	3.8633
2.1118	4.6184
2.783	5.3306
3.9809	6.6678
4.5019	7.26
4.9774	7.7919
5.3806	8.2557
5.7169	8.6429
6.1728	9.1876
6.2841	9.3259
6.3212	9.3775
6.2776	9.3482
6.154	9.2502
5.6172	8.763
5.2408	8.4113
4.7739	7.9818
4.2425	7.4848
3.6323	6.9261
2.238	5.6424
1.4728	4.9241
0.6748	4.1665
-0.147	3.3796
-0.9713	2.5763
-2.5701	0.9654
-3.3217	0.1775
-4.0329	-0.5854
-4.6949	-1.3127
-5.3089	-1.9962
-6.3645	-3.2089
-6.8109	-3.7218
-7.2002	-4.1663
-7.5291	-4.5434
-7.7989	-4.8513
-8.1684	-5.2343
-8.2634	-5.299
-8.2916	-5.2784
-8.2526	-5.1846
-8.1535	-4.9899
-7.7366	-4.3976
-7.4429	-3.9997
-7.0863	-3.5373
-6.6707	-3.0138
-6.1988	-2.4355
-5.0973	-1.1517
-4.4714	-0.4622
-3.8032	0.2556
-3.0907	0.9941
-2.344	1.7413
-0.7881	3.2246
0.0093	3.9437
0.8058	4.6336
1.5947	5.2951
2.3507	5.9041
3.6994	6.9454
4.2785	7.357
4.7837	7.6984
5.2124	7.9541
5.5483	8.1392
5.9677	8.2539
6.0369	8.1986
6.0172	8.06
5.9137	7.8231
5.6976	7.5316
5.0244	6.725
4.5604	6.2335
4.0259	5.6691
3.4193	5.0446
2.7523	4.3674
1.2679	2.9028
0.4769	2.1342
-0.3312	1.3559
-1.1436	0.5763
-1.9432	-0.1922
-3.4662	-1.642
-4.1749	-2.3029
-4.8287	-2.9149
-5.4316	-3.4702
-5.9755	-3.9673
-6.896	-4.7753
-7.2682	-5.0749
-7.5821	-5.2991
-7.8391	-5.4466
-8.0312	-5.5192
-8.2198	-5.4316
-8.2208	-5.256
-8.1645	-5.006
-8.0295	-4.691
-7.8245	-4.3079
-7.2239	-3.3372
-6.8246	-2.7551
-6.3624	-2.1173
-5.8364	-1.434
-5.2559	-0.7091
-3.9375	0.8427
-3.2062	1.6534
-2.4423	2.4671
-1.6472	3.2689
-0.8282	4.0633
0.8392	5.5754
1.6674	6.2749
2.4671	6.9198
3.223	7.5135
3.9284	8.037
5.1533	8.8353
5.6496	9.1128
6.059	9.2957
6.3739	9.388
6.6053	9.3936
6.7885	9.1526
6.7491	8.8742
6.6395	8.5374
6.4046	8.1247
6.1085	7.635
5.2672	6.4652
4.7129	5.7959
4.0874	5.0737
3.401	4.3046
2.6502	3.5138
1.0456	1.8723
0.2214	1.0454
-0.6154	0.2357
-1.4356	-0.549
-2.2391	-1.3042
-3.7483	-2.6824
-4.4376	-3.2857
-5.0672	-3.8259
-5.7687	-4.4128
-6.1396	-4.7137
-6.9477	-5.3172
-7.2399	-5.4949
-7.4496	-5.5883
-7.5762	-5.595
-7.6286	-5.5247
-7.5172	-5.1284
-7.3271	-4.8207
-7.0701	-4.4417
-6.7485	-3.9962
-6.3658	-3.4833
-5.4131	-2.2946
-4.8467	-1.626
-4.2265	-0.9079
-3.5529	-0.1584
-2.8413	0.6153
-1.3033	2.2071
-0.4979	3.0044
0.3231	3.7828
1.1379	4.5382
1.9536	5.2567
3.4756	6.5514
4.1701	7.1068
4.7959	7.604
5.3525	8.0164
5.8273	8.3558
6.5131	8.8069
6.7594	8.8928
6.8969	8.9065
6.947	8.8354
6.9064	8.6839
6.5706	8.1104
6.2949	7.7102
5.9232	7.2424
5.4823	6.7027
4.9682	6.1035
3.7387	4.7512
3.0435	4.0084
2.3028	3.2397
1.5323	2.45
0.7477	1.652
-0.843	0.0721
-1.6348	-0.6904
-2.3977	-1.4241
-3.1329	-2.117
-3.8233	-2.7628
-5.0697	-3.8818
-5.6	-4.3455
-6.0648	-4.7374
-6.4601	-5.0618
-6.7895	-5.3113
-7.2295	-5.5896
-7.3415	-5.6064
-7.377	-5.5483
-7.3411	-5.4147
-7.2419	-5.1874
-6.8016	-4.5378
-6.4926	-4.0985
-6.1176	-3.5874
-5.6785	-3.0112
-5.1799	-2.3781
-4.0179	-0.9675
-3.3733	-0.2063
-2.682	0.5718
-1.9578	1.3732
-1.2039	2.178
0.3554	3.7753
1.1305	4.547
1.9006	5.286
2.6546	5.9878
3.3878	6.6419
4.6957	7.7964
5.2797	8.2719
5.7921	8.6852
6.2498	9.022
6.6305	9.2847
7.1908	9.5697
7.3522	9.5976
7.4384	9.5437
7.4533	9.417
7.3782	9.1898
6.9411	8.5361
6.5822	8.1038
6.1323	7.6041
5.594	7.0519
4.9908	6.432
3.5732	5.0555
2.5684	4.1166
1.9364	3.5302
1.0733	2.7306
0.1914	1.9295
-1.5594	0.3409
-2.412	-0.4305
-3.224	-1.174
-3.9898	-1.8793
-4.711	-2.5289
-5.9404	-3.66
-6.4261	-4.14
-6.8303	-4.5569
-7.1423	-4.9102
-7.364	-5.189
-7.5344	-5.5234
-7.4797	-5.58
-7.3515	-5.5594
-7.1155	-5.472
-6.8157	-5.2849
-6.0101	-4.6985
-5.5133	-4.2955
-4.9609	-3.8237
-4.3593	-3.2876
-3.7052	-2.6982
-2.2764	-1.3734
-1.5161	-0.6492
-0.736	0.0987
0.0705	0.8676
0.8586	1.6559
2.4267	3.2134
3.1998	3.9672
3.9355	4.7011
4.6216	5.3943
5.257	6.0376
6.3218	7.1725
6.7758	7.6288
7.151	8.0233
7.4676	8.3377
7.6784	8.5777
7.8906	8.8016
7.8592	8.7991
7.772	8.7203
7.5551	8.5581
7.3003	8.295
6.5165	7.5662
6.0058	7.0965
5.4375	6.5615
4.8011	5.9685
4.1135	5.3176
2.6088	3.8842
1.8095	3.1155
0.9929	2.3336
0.1673	1.5432
-0.6425	0.7594
-2.2123	-0.76
-2.9453	-1.4754
-3.6348	-2.1472
-4.2762	-2.7707
-4.8632	-3.3428
-5.867	-4.3073
-6.2759	-4.6892
-6.6149	-4.9978
-6.8758	-5.2364
-7.0548	-5.4025
-7.1706	-5.5173
-7.115	-5.4663
-6.9864	-5.3408
-6.7641	-5.1198
-6.4769	-4.8435
-5.7088	-4.0899
-5.2415	-3.609
-4.7178	-3.0658
-4.1409	-2.462
-3.5174	-1.8068
-2.1602	-0.3786
-1.4364	0.3745
-0.6922	1.1441
0.0658	1.9178
0.838	2.6815
2.3536	4.1747
3.0989	4.8697
3.8134	5.535
4.4912	6.1632
5.1328	6.7306
6.2441	7.6934
6.7109	8.0662
7.1071	8.3709
7.4308	8.598
7.6848	8.7464
7.9614	8.7853
7.9659	8.6893
7.9075	8.4814
7.7653	8.2012
7.5227	7.8478
6.8227	6.9074
6.36	6.332
5.8225	5.6925
5.2149	5.0009
4.5711	4.2578
3.108	2.6807
2.3267	1.8594
1.5243	1.0385
0.7049	0.2267
-0.1137	-0.5693
-1.7238	-2.0551
-2.4907	-2.7265
-3.2165	-3.3431
-3.8972	-3.8972
-4.5184	-4.3851
-5.5764	-5.1463
-5.9972	-5.4157
-6.3318	-5.617
-6.5778	-5.7434
-6.7358	-5.7954
-6.7759	-5.6806
-6.669	-5.4893
-6.455	-5.2351
-6.1689	-4.9101
-5.8115	-4.5144
-4.8907	-3.5171
-4.3378	-2.9228
-3.737	-2.2712
-3.0895	-1.5734
-2.4021	-0.8374
-0.9439	0.7362
-0.189	1.552
0.5695	2.3748
1.3309	3.1955
2.0824	4.0026
3.5042	5.5433
4.1539	6.2533
4.746	6.9142
5.2798	7.5199
5.7413	8.0644
6.4526	8.9353
6.696	9.2559
6.8498	9.4864
6.9321	9.6378
6.9125	9.7048
6.7017	9.5761
6.4402	9.3734
6.1128	9.0964
5.7055	8.7355
5.2229	8.2977
4.0482	7.1959
3.3703	6.5441
2.6381	5.8346
1.8748	5.0704
1.0819	4.2679
-0.5351	2.5753
-1.342	1.7139
-2.1279	0.8559
-2.8834	0.0164
-3.6037	-0.7926
-4.8986	-2.2891
-5.4504	-2.962
-5.9334	-3.5741
-6.3509	-4.1172
-6.7045	-4.59
-7.1686	-5.3273
-7.2733	-5.5832
-7.2975	-5.7631
-7.2577	-5.8603
-7.1539	-5.8729
-6.6831	-5.6577
-6.3476	-5.4139
-5.9492	-5.1076
-5.49	-4.7233
-4.9756	-4.2597
-3.7953	-3.1136
-3.1321	-2.4461
-2.4335	-1.7252
-1.7099	-0.9616
-0.9632	-0.1561
0.5852	1.5249
1.3659	2.3832
2.1412	3.2389
2.9007	4.0765
3.6328	4.8887
4.9617	6.4007
5.539	7.0815
6.0252	7.6955
6.4471	8.2425
6.7672	8.712
7.1718	9.378
7.2353	9.5839
7.2248	9.685
7.1308	9.6946
6.936	9.6221
6.3179	9.1939
5.8937	8.8478
5.3871	8.4193
4.8414	7.8984
4.2188	7.3157
2.828	5.9383
2.0809	5.1695
1.3256	4.3476
0.5301	3.5128
-0.2483	2.6529
-1.7825	0.9209
-2.5132	0.076
-3.2008	-0.7462
-3.8549	-1.5242
-4.4503	-2.2596
-5.4674	-3.542
-5.8795	-4.0785
-6.2191	-4.5452
-6.4745	-4.9415
-6.6422	-5.2684
-6.7274	-5.6923
-6.6519	-5.7794
-6.4895	-5.779
-6.2438	-5.7043
-5.934	-5.5395
-5.1202	-4.9669
-4.6205	-4.5648
-4.0738	-4.0879
-3.4861	-3.5375
-2.8622	-2.9248
-1.5159	-1.5391
-0.8044	-0.7774
-0.0746	0.0212
0.6498	0.8524
1.3821	1.6972
2.817	3.3748
3.5041	4.1898
4.1768	4.9732
4.7792	5.7249
5.339	6.4204
6.2663	7.6127
6.6325	8.0951
6.9176	8.5052
7.1224	8.8116
7.2515	9.036
7.27	9.1947
7.1746	9.1374
6.9496	9.0086
6.6951	8.7411
6.352	8.4159
5.4453	7.522
4.8805	6.9648
4.2437	6.3334
3.5495	5.6466
2.7983	4.9054
1.185	3.2959
0.3445	2.4549
-0.5102	1.606
-1.349	0.7473
-2.1749	-0.0897
-3.7398	-1.6855
-4.4625	-2.423
-5.1224	-3.1011
-5.713	-3.7182
-6.2329	-4.2706
-7.0671	-5.1716
-7.3796	-5.512
-7.6132	-5.7667
-7.7623	-5.9267
-7.8317	-5.9895
-7.7403	-5.8525
-7.5688	-5.6231
-7.3195	-5.318
-7.0042	-4.9281
-6.6173	-4.4618
-5.6582	-3.3237
-5.0896	-2.664
-4.4681	-1.9506
-3.8013	-1.19
-3.0959	-0.3917
-1.5949	1.2807
-0.8116	2.1304
-0.018	2.9752
0.7772	3.8124
1.5692	4.6192
3.1046	6.1254
3.8221	6.8064
4.4941	7.4215
5.1136	7.9685
5.6749	8.4304
6.589	9.0951
6.9408	9.293
7.2281	9.3954
7.4907	9.3983
7.584	9.344
7.6424	8.9212
7.5646	8.5832
7.3981	8.1713
7.1553	7.6793
6.8353	7.121
5.976	5.8124
5.4352	5.0759
4.8348	4.2891
4.1701	3.4715
3.4526	2.6323
1.9134	0.9255
1.1032	0.0825
0.2916	-0.7336
-0.5198	-1.5103
-1.317	-2.24
-2.8197	-3.5438
-3.5139	-4.1064
-4.1643	-4.5998
-4.7525	-5.0223
-5.2805	-5.3709
-6.107	-5.8562
-6.3902	-5.9897
-6.5943	-6.0491
-6.6818	-6.0319
-6.6752	-5.9465
-6.4132	-5.5068
-6.1475	-5.1799
-5.8022	-4.7832
-5.393	-4.3154
-4.9128	-3.7823
-3.788	-2.5348
-3.1443	-1.8338
-2.4711	-1.0896
-1.7656	-0.3126
-1.0362	0.483
0.4768	2.1023
1.2253	2.915
1.9772	3.7114
2.717	4.4846
3.4213	5.2279
4.6974	6.5815
5.2572	7.1731
5.7502	7.71
6.1771	8.1663
6.5096	8.5517
6.9818	9.0536
7.0937	9.1677
7.1212	9.2056
7.0668	9.1602
6.9609	9.0349
6.4195	8.4934
6.0401	8.1112
5.5941	7.6574
5.0685	7.1237
4.4706	6.5338
3.1221	5.1587
2.382	4.3982
1.6269	3.5882
0.8373	2.7586
0.0514	1.9106
-1.4847	0.2187
-2.2196	-0.6021
-2.928	-1.388
-3.5758	-2.1336
-4.1566	-2.8296
-5.1267	-4.0367
-5.5071	-4.5406
-5.8046	-4.9765
-6.0095	-5.3436
-6.1269	-5.6381
-6.1302	-5.9946
-6.0184	-6.0488
-5.8057	-6.0165
-5.5263	-5.9101
-5.1784	-5.6874
-4.2899	-5.0278
-3.7566	-4.5777
-3.1774	-4.0541
-2.5531	-3.4616
-1.8905	-2.8074
-0.5021	-1.328
0.3988	-0.3203
0.941	0.3026
1.6643	1.1439
2.3902	1.9916
3.766	3.68
4.3969	4.4953
4.9854	5.2784
5.5178	6.0232
5.9781	6.7184
6.7049	7.9025
6.9718	8.3813
7.1338	8.7957
7.2399	9.1107
7.2597	9.3357
7.0752	9.5163
6.8567	9.4649
6.5504	9.3435
6.1872	9.0887
5.7519	8.7575
4.6573	7.8459
4.0316	7.2588
3.3349	6.6136
2.6072	5.8916
1.8417	5.1135
0.2147	3.4302
-0.6008	2.5402
-1.4184	1.6463
-2.221	0.7533
-2.9968	-0.1265
-4.4046	-1.7838
-5.036	-2.5414
-5.6146	-3.2411
-6.1228	-3.8803
-6.5625	-4.4482
-7.2263	-5.3511
-7.4501	-5.6854
-7.5827	-5.9368
-7.6188	-6.0992
-7.5642	-6.167
-7.1894	-6.0295
-6.8863	-5.8027
-6.5211	-5.4949
-6.0857	-5.1062
-5.5926	-4.6336
-4.4184	-3.4745
-3.7584	-2.7957
-3.0587	-2.0631
-2.3178	-1.2847
-1.5398	-0.4696
0.0714	1.2474
0.9	2.1202
1.7124	2.9861
2.5275	3.8358
3.3126	4.6624
4.8126	6.1823
5.4988	6.8512
6.1351	7.4347
6.7031	7.9318
7.2086	8.338
7.9913	8.8431
8.2579	8.94
8.4469	8.9263
8.5482	8.8256
8.5517	8.6158
8.3238	7.9104
8.0547	7.4304
7.7097	6.8701
7.2693	6.2418
6.7434	5.5484
5.46	4.005
4.7062	3.1743
3.8885	2.3262
3.0248	1.4654
2.1302	0.6058
0.2812	-1.0534
-0.6411	-1.8316
-1.5451	-2.5574
-2.4194	-3.2252
-3.2546	-3.8281
-4.7766	-4.844
-5.4415	-5.254
-6.0327	-5.5912
-6.5434	-5.8524
-6.9677	-6.0282
-7.5167	-6.13
-7.6249	-6.0611
-7.6278	-5.9011
-7.5361	-5.6527
-7.333	-5.3355
-6.6174	-4.4788
-6.1351	-3.9408
-5.5734	-3.3413
-4.9427	-2.6851
-4.2505	-1.9807
-2.7155	-0.4447
-1.891	0.3617
-1.0407	1.1851
-0.1792	2.0124
0.6804	2.8366
2.3792	4.432
3.1819	5.1811
3.9334	5.8865
4.6229	6.5334
5.2309	7.1265
6.1973	8.0905
6.5431	8.4578
6.7807	8.7436
6.9343	8.9398
6.9905	9.046
6.8449	8.9873
6.6085	8.8306
6.2965	8.5541
5.8959	8.2044
5.4114	7.7657
4.2075	6.6471
3.4961	5.9782
2.7252	5.2447
1.9137	4.4583
1.0605	3.6269
-0.6725	1.891
-1.5306	1.0103
-2.3685	0.1408
-3.1805	-0.7093
-3.9542	-1.5254
-5.3386	-3.0116
-5.9373	-3.6623
-6.4679	-4.25
-6.9374	-4.7651
-7.3417	-5.2088
-7.9329	-5.8625
-8.1131	-6.0682
-8.2133	-6.1884
-8.233	-6.2194
-8.154	-6.142
-7.814	-5.7865
-7.5213	-5.4641
-7.1532	-5.0589
-6.7169	-4.5711
-6.218	-4.0092
-5.0468	-2.7022
-4.3743	-1.9676
-3.6563	-1.1834
-2.9041	-0.3554
-2.1158	0.4895
-0.5028	2.2173
0.3254	3.0799
1.1435	3.9167
1.9486	4.7184
2.697	5.4762
4.0467	6.79
4.6332	7.3221
5.1424	7.7751
5.574	8.142
5.9288	8.4063
6.3856	8.6507
6.4923	8.6323
6.5161	8.5289
6.4653	8.3262
6.3442	8.0188
5.823	7.1775
5.4465	6.6556
5.0009	6.0592
4.4811	5.397
3.9056	4.6759
2.5631	3.1284
1.8401	2.3072
1.0802	1.4753
0.2967	0.648
-0.4787	-0.173
-2.0145	-1.7326
-2.757	-2.4527
-3.463	-3.1251
-4.1277	-3.739
-4.7437	-4.2969
-5.8117	-5.2218
-6.2535	-5.5917
-6.6343	-5.8927
-6.9423	-6.1226
-7.1723	-6.2737
-7.3774	-6.3356
-7.3433	-6.26
-7.2363	-6.0917
-7.0179	-5.8526
-6.734	-5.54
-5.9225	-4.6998
-5.4055	-4.1738
-4.827	-3.584
-4.1945	-2.9346
-3.5101	-2.2396
-2.0231	-0.7326
-1.2454	0.0753
-0.4489	0.8994
0.3527	1.7284
1.1639	2.5462
2.7277	4.1491
3.636	5.0905
4.1643	5.6178
4.7984	6.2829
5.3842	6.8913
6.3381	7.8799
6.6949	8.2548
6.9708	8.5434
7.166	8.7395
7.2807	8.8451
7.2819	8.753
7.1631	8.5705
6.9371	8.2693
6.6474	7.8992
6.2782	7.4329
5.2966	6.2781
4.6885	5.5987
4.0165	4.8564
3.2813	4.0685
2.5112	3.2315
0.8607	1.4966
-0.002	0.6293
-0.858	-0.2266
-1.7007	-1.0589
-2.5194	-1.8567
-4.0418	-3.3054
-4.7268	-3.9379
-5.3502	-4.5072
-5.9095	-5.0092
-6.3991	-5.4379
-7.1339	-6.0585
-7.3561	-6.2476
-7.4813	-6.3487
-7.5108	-6.3655
-7.4553	-6.3046
-7.064	-5.9231
-6.746	-5.6136
-6.3499	-5.2241
-5.8836	-4.7597
-5.3539	-4.223
-4.1214	-2.9547
-3.4306	-2.2393
-2.6995	-1.4779
-1.9342	-0.682
-1.1417	0.1401
0.4961	1.8234
1.3203	2.656
2.1385	3.4697
2.9406	4.253
3.7158	4.9988
5.1264	6.3327
5.739	6.9059
6.2893	7.4059
6.764	7.8292
7.1631	8.1716
7.723	8.5978
7.8821	8.6763
7.9559	8.6629
7.9436	8.5674
7.8651	8.3599
7.4273	7.6981
7.11	7.2426
6.6948	6.7177
6.2048	6.1242
5.6427	5.4681
4.3011	3.9978
3.5395	3.2042
2.7243	2.3848
1.8683	1.5551
0.9816	0.72
-0.8186	-0.91
-1.7022	-1.6808
-2.5551	-2.4115
-3.3683	-3.0936
-4.1235	-3.7169
-5.4288	-4.7468
-5.9617	-5.1563
-6.4065	-5.4919
-6.7594	-5.7516
-7.0106	-5.9264
-7.2016	-6.0158
-7.1605	-5.9361
-7.0441	-5.7595
-6.8051	-5.502
-6.4991	-5.1729
-5.6527	-4.2889
-5.1246	-3.7383
-4.539	-3.1233
-3.8921	-2.4538
-3.2015	-1.7404
-1.6978	-0.1974
-0.903	0.6205
-0.0866	1.4548
0.7326	2.2952
1.5534	3.1277
3.1893	4.7221
3.9692	5.4769
4.7198	6.1825
5.416	6.8306
6.0621	7.4037
7.1582	8.3268
7.5825	8.6631
7.9306	8.9066
8.1891	9.0628
8.3735	9.1235
8.4855	8.9897
8.4253	8.7743
8.2803	8.4837
8.0377	8.1053
7.7221	7.644
6.8508	6.4969
6.294	5.8273
5.6687	5.0913
4.9472	4.3166
4.1825	3.5032
2.5212	1.8017
1.6381	0.9469
0.7537	0.097
-0.1354	-0.7283
-1.0075	-1.5294
-2.6671	-2.9921
-3.4276	-3.6355
-4.131	-4.2109
-4.7682	-4.7173
-5.3009	-5.1537
-6.0417	-5.8028
-6.2475	-6.0102
-6.34	-6.1387
-6.3258	-6.1824
-6.2175	-6.1461
-5.6662	-5.8215
-5.2726	-5.5404
-4.8029	-5.1793
-4.265	-4.7383
-3.6613	-4.2217
-2.3146	-2.9951
-1.5824	-2.2983
-0.8302	-1.5511
-0.0497	-0.765
0.7443	0.0527
2.3231	1.7461
3.1001	2.5973
3.8752	3.4335
4.5887	4.2673
5.2645	5.0642
6.4013	6.5257
6.852	7.1774
7.2262	7.7603
7.5045	8.2713
7.71	8.6903
7.8604	9.2401
7.818	9.3647
7.6922	9.3972
7.4665	9.3231
7.1764	9.168
6.3489	8.5243
5.8214	8.0741
5.2161	7.5402
4.5701	6.9314
3.8596	6.2481
2.2961	4.7079
1.4709	3.8658
0.6342	2.9934
-0.2311	2.1128
-1.0765	1.2236
-2.7055	-0.5137
-3.4676	-1.3335
-4.1908	-2.1103
-5.0259	-3.0112
-5.4789	-3.5139
-6.5312	-4.6734
-7.0532	-5.2494
-7.314	-5.5346
-7.6036	-5.8368
-7.8059	-6.06
-7.9281	-6.2552
-7.8591	-6.2208
-7.6958	-6.1055
-7.3622	-5.7987
-7.1042	-5.5632
-6.1934	-4.7145
-5.6297	-4.1794
-4.9998	-3.5753
-4.3096	-2.9069
-3.5697	-2.179
-1.9609	-0.5785
-1.1141	0.2721
-0.2488	1.1454
0.6214	2.0291
1.4955	2.9113
3.2365	4.6228
4.0696	5.4313
4.8604	6.1925
5.6062	6.9078
6.2811	7.5566
7.397	8.64
7.8126	9.0546
8.1286	9.3763
8.3756	9.5944
8.5141	9.7115
8.5435	9.6556
8.4424	9.4869
8.2149	9.1942
7.9176	8.8188
7.5307	8.3573
6.5094	7.1702
5.8881	6.4637
5.1951	5.692
4.4299	4.8657
3.618	3.9936
1.9026	2.1681
1.0194	1.2421
0.1318	0.3263
-0.7455	-0.5693
-1.6058	-1.4289
-3.2311	-2.9965
-3.9736	-3.691
-4.6684	-4.3206
-5.3068	-4.8784
-5.8754	-5.3598
-6.7895	-6.0579
-7.1425	-6.2628
-7.4258	-6.3665
-7.6304	-6.3696
-7.7428	-6.2834
-7.7033	-5.8089
-7.5673	-5.4472
-7.3248	-5.0057
-7.0164	-4.487
-6.6308	-3.8945
-5.6512	-2.5271
-5.0671	-1.7638
-4.4305	-0.9554
-3.7414	-0.1146
-3.0134	0.7553
-1.4752	2.5179
-0.6776	3.3997
0.1253	4.2564
0.9507	5.0923
1.7659	5.888
3.3423	7.3161
4.08	7.9239
4.7678	8.4513
5.4067	8.8846
5.9754	9.2233
6.8838	9.6039
7.2172	9.6464
7.4774	9.5934
7.6501	9.4631
7.7335	9.2034
7.652	8.4655
7.4768	7.9761
7.2097	7.412
6.8636	6.7787
6.4285	6.0845
5.3281	4.5399
4.6785	3.7039
3.9548	2.8455
3.1928	1.9718
2.3841	1.1006
0.7009	-0.6072
-0.154	-1.4152
-1.0012	-2.1796
-1.8312	-2.8971
-2.6396	-3.5578
-4.1416	-4.6874
-4.8156	-5.1445
-5.4297	-5.5227
-5.9719	-5.8243
-6.438	-6.0482
-7.1056	-6.2664
-7.3016	-6.2549
-7.4109	-6.1686
-7.4284	-5.9783
-7.3683	-5.7151
-6.986	-4.9694
-6.6833	-4.491
-6.309	-3.9444
-5.8664	-3.3342
-5.3663	-2.6645
-4.1994	-1.1792
-3.5366	-0.3794
-2.8315	0.4475
-2.098	1.2879
-1.3425	2.1354
0.2215	3.8019
1.0255	4.5959
1.8241	5.3607
2.6191	6.074
3.3875	6.7396
4.8601	7.8762
5.5449	8.3282
6.1666	8.7096
6.7267	9.0072
7.24	9.2206
8.0936	9.3953
8.4065	9.3612
8.6532	9.2567
8.828	9.0349
8.9302	8.7444
8.9277	7.9436
8.846	7.4243
8.6548	6.8417
8.4085	6.194
8.0951	5.4906
7.2821	3.9526
6.7911	3.1285
6.2288	2.2923
5.6505	1.4452
5.0391	0.6058
3.7554	-1.0264
3.0931	-1.795
2.4315	-2.5248
1.7742	-3.2068
1.1137	-3.8336
-0.1623	-4.8897
-0.7642	-5.3129
-1.3337	-5.6687
-1.8725	-5.9558
-2.378	-6.1727
-3.255	-6.3842
-3.624	-6.3788
-3.9529	-6.3104
-4.185	-6.1607
-4.3814	-5.9513
-4.5253	-5.3322
-4.5148	-4.9239
-4.4807	-4.4513
-4.3897	-3.914
-4.2634	-3.3133
-3.8651	-1.972
-3.5975	-1.2367
-3.2714	-0.4652
-2.8884	0.3348
-2.4419	1.1489
-1.4058	2.8024
-0.8248	3.6149
-0.21	4.4093
0.419	5.1741
1.0634	5.9068
2.3593	7.2193
3.0005	7.8048
3.641	8.3142
4.2468	8.771
4.8047	9.168
5.7318	9.7373
6.0863	9.91
6.3563	10.0233
6.5586	10.0505
6.6675	10.0282
6.6943	9.7358
6.5877	9.4897
6.3764	9.1797
6.0831	8.8108
5.7281	8.368
4.7649	7.325
4.1958	6.7131
3.5407	6.0639
2.845	5.3663
2.1129	4.637
0.6091	3.0867
-0.1517	2.2885
-0.8886	1.4893
-1.5954	0.6959
-2.2666	-0.0805
-3.4417	-1.552
-3.9225	-2.2343
-4.3188	-2.8646
-4.6249	-3.4473
-4.8372	-3.9727
-4.9993	-4.8329
-4.9554	-5.1644
-4.8332	-5.4278
-4.6168	-5.6265
-4.3459	-5.7599
-3.616	-5.8121
-3.1693	-5.7365
-2.6817	-5.5689
-2.158	-5.3339
-1.6036	-5.0341
-0.4409	-4.2377
0.1863	-3.7454
0.8121	-3.1865
1.4565	-2.5724
2.1	-1.9156
3.3089	-0.4733
3.8975	0.2924
4.4802	1.0712
5.0244	1.8676
5.5247	2.666
6.4339	4.2142
6.834	4.947
7.1657	5.6474
7.4365	6.2955
7.6507	6.8912
7.8816	7.8628
7.8995	8.228
7.8769	8.5006
7.7905	8.6934
7.6142	8.7963
7.0991	8.762
6.7529	8.6202
6.3528	8.369
5.8983	8.0509
5.3946	7.6504
4.2433	6.6455
3.6205	6.0476
2.9573	5.3921
2.2614	4.6847
1.5553	3.9365
0.1489	2.3455
-0.5413	1.5293
-1.2305	0.7187
-1.8858	-0.0858
-2.5031	-0.8664
-3.596	-2.326
-4.0669	-2.9916
-4.4862	-3.5977
-4.8411	-4.1438
-5.1208	-4.6247
-5.4607	-5.3882
-5.5274	-5.6711
-5.5157	-5.8855
-5.4384	-6.0248
-5.2835	-6.0879
-4.7933	-6.0002
-4.4619	-5.8341
-4.0697	-5.599
-3.6247	-5.2969
-3.1314	-4.9238
-2.0039	-3.9687
-1.3921	-3.3937
-0.7537	-2.7616
-0.0957	-2.0762
0.5754	-1.3508
1.9225	0.1888
2.5791	0.9908
3.2345	1.7982
3.8688	2.6072
4.4734	3.4025
5.5818	4.9036
6.0767	5.584
6.5117	6.2083
6.9009	6.761
7.2188	7.2377
7.6883	7.9378
7.8251	8.1501
7.8887	8.265
7.8898	8.2894
7.8222	8.2272
7.4411	7.8091
7.1489	7.4736
6.7808	7.057
6.3478	6.5589
5.8514	5.998
4.6722	4.6897
3.9992	3.9605
3.2772	3.1969
2.51	2.4065
1.7227	1.5993
0.0977	-0.0168
-0.7049	-0.8029
-1.4981	-1.5588
-2.2625	-2.2733
-2.9929	-2.9399
-4.3067	-4.1062
-4.8704	-4.6013
-5.3684	-5.0361
-5.7964	-5.4088
-6.1489	-5.7153
-6.6172	-6.1195
-6.7445	-6.2105
-6.8066	-6.2257
-6.7986	-6.1737
-6.7287	-6.0547
-6.3536	-5.5773
-6.0675	-5.237
-5.7097	-4.8214
-5.2806	-4.3354
-4.7868	-3.7819
-3.6323	-2.5072
-2.9845	-1.7962
-2.3021	-1.0452
-1.5814	-0.2592
-0.8351	0.5519
0.7221	2.1949
1.5084	3.0083
2.29	3.8008
3.054	4.5625
3.7955	5.2806
5.193	6.551
5.8159	7.0877
6.3777	7.5523
6.8803	7.9302
7.3073	8.2215
7.9531	8.5437
8.1521	8.5677
8.2768	8.5073
8.3255	8.3605
8.2944	8.1048
8.0014	7.3695
7.733	6.8845
7.3868	6.324
6.955	5.7033
6.4463	5.02
5.2158	3.5205
4.4966	2.7217
3.7164	1.9015
2.889	1.0724
2.0229	0.2491
0.2331	-1.3415
-0.6678	-2.0889
-1.5573	-2.7914
-2.4126	-3.4402
-3.2254	-4.0273
-4.7066	-5.0077
-5.3628	-5.399
-5.9478	-5.7219
-6.4565	-5.9731
-6.8908	-6.1523
-7.557	-6.2914
-7.7676	-6.2554
-7.8909	-6.1582
-7.9361	-5.9629
-7.9122	-5.7097
-7.6562	-4.986
-7.4205	-4.5239
-7.1187	-3.9974
-6.7501	-3.413
-6.3143	-2.7761
-5.2622	-1.3604
-4.6546	-0.5963
-4.0002	0.1943
-3.3047	1.0046
-2.5683	1.8173
-1.0085	3.4117
-0.2053	4.1687
0.5994	4.8937
1.3999	5.5689
2.197	6.196
3.7119	7.2316
4.3907	7.6469
5.0127	7.9754
5.559	8.2273
6.035	8.3812
6.7366	8.4515
6.9595	8.3719
7.1031	8.1887
7.1569	7.9314
7.1371	7.5972
6.8308	6.7058
6.5505	6.1607
6.1964	5.5536
5.755	4.8987
5.2417	4.1937
4.003	2.683
3.2978	1.8989
2.5459	1.1028
1.7583	0.3155
0.9565	-0.4596
-0.6462	-1.923
-1.4378	-2.5993
-2.1954	-3.2264
-2.9115	-3.8011
-3.5704	-4.3169
-4.6693	-5.1476
-5.0785	-5.4563
-5.3853	-5.6937
-5.5919	-5.8545
-5.6894	-5.9371
-5.5886	-5.8721
-5.3836	-5.7109
-5.0883	-5.4746
-4.7247	-5.1718
-4.296	-4.8005
-3.266	-3.8639
-2.6777	-3.3062
-2.0553	-2.6938
-1.4001	-2.0368
-0.7154	-1.3393
0.6902	0.1611
1.3999	0.9544
2.1038	1.752
2.807	2.5395
3.4852	3.315
4.7593	4.7992
5.3191	5.4892
5.8234	6.1299
6.2769	6.7105
6.6506	7.2346
7.2066	8.0582
7.3626	8.3608
7.4602	8.5756
7.4891	8.6988
7.4476	8.739
7.1429	8.5801
6.8938	8.3539
6.5788	8.0549
6.1946	7.683
5.7355	7.2377
4.6559	6.1432
4.0341	5.5063
3.3694	4.8214
2.6677	4.086
1.9343	3.3238
0.4375	1.7294
-0.3134	0.9277
-1.0447	0.134
-1.7614	-0.6392
-2.4478	-1.3789
-3.6998	-2.7486
-4.2427	-3.3666
-4.7355	-3.926
-5.1689	-4.4178
-5.5377	-4.8365
-6.0576	-5.4437
-6.1958	-5.6215
-6.2583	-5.7067
-6.2494	-5.6988
-6.1709	-5.6106
-5.7673	-5.157
-5.4723	-4.8193
-5.1128	-4.4131
-4.6999	-3.9423
-4.2336	-3.4137
-3.1557	-2.1977
-2.5548	-1.5253
-1.9287	-0.8163
-1.2675	-0.083
-0.5877	0.6718
0.7992	2.2024
1.5039	2.9587
2.196	3.7083
2.875	4.4318
3.5414	5.1284
4.7697	6.3865
5.3056	6.9332
5.7847	7.4177
6.2039	7.8266
6.5306	8.1585
6.9913	8.577
7.0994	8.6613
7.1432	8.6577
7.1058	8.5822
7.0062	8.4168
6.5305	7.8565
6.181	7.4659
5.7651	7.0077
5.2674	6.4936
4.7047	5.9223
3.3974	4.6258
2.6809	3.909
1.9253	3.1642
1.1539	2.3951
0.3539	1.6256
-1.2236	0.0917
-1.9818	-0.6516
-2.7109	-1.3628
-3.3957	-2.037
-4.0216	-2.6709
-5.0745	-3.7855
-5.4925	-4.2601
-5.8338	-4.6708
-6.0954	-5.0152
-6.261	-5.2918
-6.3303	-5.6139
-6.2451	-5.6533
-6.0644	-5.6157
-5.8088	-5.5099
-5.4848	-5.3003
-4.6386	-4.7006
-4.1266	-4.3007
-3.5649	-3.8385
-2.9534	-3.32
-2.3072	-2.7488
-0.9183	-1.4524
-0.1827	-0.7443
0.5627	-0.0017
1.3147	0.7606
2.0663	1.5377
3.5368	3.091
4.2165	3.8629
4.8742	4.6023
5.4863	5.3087
6.0572	5.9698
7.0179	7.1207
7.3882	7.6052
7.6896	8.0108
7.9315	8.3278
8.0999	8.5555
8.2474	8.7316
8.2022	8.6996
8.1189	8.5821
7.9067	8.3443
7.6528	8.0273
6.9022	7.1728
6.4256	6.6286
5.8726	6.0248
5.272	5.3676
4.6092	4.6638
3.1579	3.1381
2.3937	2.3456
1.6218	1.5476
0.8508	0.7512
0.0718	-0.0247
-1.4193	-1.4827
-2.1053	-2.147
-2.749	-2.7549
-3.3346	-3.3007
-3.8759	-3.7779
-4.7361	-4.5577
-5.0413	-4.8519
-5.2738	-5.0672
-5.4255	-5.1981
-5.4991	-5.237
-5.4221	-5.0775
-5.2667	-4.8512
-5.0401	-4.5677
-4.7546	-4.212
-4.4018	-3.7907
-3.5381	-2.763
-3.0325	-2.1711
-2.4901	-1.5348
-1.9066	-0.8616
-1.2963	-0.1547
0.0006	1.3315
0.6734	2.0851
1.3589	2.837
2.0304	3.5848
2.7107	4.3164
4.0166	5.6863
4.614	6.3222
5.1801	6.9099
5.7016	7.4376
6.1794	7.8953
6.9599	8.611
7.2743	8.8467
7.5225	9.0069
7.7276	9.07
7.8444	9.0685
7.9324	8.7964
7.8676	8.5438
7.7494	8.2144
7.5389	7.8177
7.2739	7.3483
6.5561	6.2089
6.0969	5.5583
5.5757	4.8574
5.0025	4.119
4.3839	3.3451
3.0258	1.7458
2.3042	0.9391
1.5646	0.1444
0.8202	-0.6364
0.0781	-1.3897
-1.3765	-2.7634
-2.0689	-3.3686
-2.7282	-3.9145
-3.3377	-4.4014
-3.9103	-4.8194
-4.888	-5.4461
-5.2912	-5.6369
-5.6119	-5.7368
-5.8501	-5.7463
-6.009	-5.6787
-6.0722	-5.2775
-5.9821	-4.9698
-5.7891	-4.5926
-5.5278	-4.1496
-5.1928	-3.6481
-4.3414	-2.4741
-3.8287	-1.8113
-3.2694	-1.1038
-2.6588	-0.3621
-2.0214	0.4212
-0.6488	2.0275
0.0648	2.8346
0.7816	3.6322
1.4949	4.4161
2.2192	5.1771
3.5922	6.6013
4.2345	7.2373
4.8348	7.8255
5.3713	8.3571
5.8632	8.8175
6.6569	9.5298
6.9462	9.7721
7.1605	9.9333
7.3123	10.0153
7.3778	10.0231
7.291	9.8157
7.1302	9.5769
6.8845	9.2722
6.5641	8.8917
6.1768	8.4354
5.1835	7.3263
4.593	6.6811
3.9505	5.9848
3.2631	5.2406
2.5214	4.4656
0.9903	2.8342
0.2081	2.0045
-0.5767	1.1762
-1.3528	0.3585
-2.1022	-0.435
-3.5158	-1.9206
-4.148	-2.6017
-4.7389	-3.2253
-5.2735	-3.7915
-5.7566	-4.2849
-6.525	-5.0702
-6.8034	-5.3577
-7.004	-5.5682
-7.1273	-5.6966
-7.1638	-5.7458
-7.0163	-5.6127
-6.8029	-5.404
-6.5332	-5.1356
-6.1987	-4.7911
-5.7947	-4.3746
-4.813	-3.337
-4.2518	-2.7264
-3.6383	-2.0702
-2.9888	-1.3668
-2.2984	-0.6311
-0.8473	0.9307
-0.0836	1.7357
0.6864	2.5435
1.4482	3.3487
2.2203	4.1312
3.7062	5.6192
4.4229	6.2985
5.0834	6.9225
5.6834	7.4797
6.2168	7.9739
7.0628	8.7392
7.4034	8.9948
7.6734	9.1648
7.8822	9.2521
8.0043	9.2592
8.0619	9.0223
7.9682	8.7726
7.7877	8.4554
7.534	8.0644
7.204	7.605
6.339	6.4935
5.7973	5.8568
5.2004	5.1687
4.5454	4.4379
3.8495	3.6755
2.3524	2.0974
1.5809	1.3034
0.8035	0.513
0.0393	-0.2574
-0.7209	-0.9973
-2.1518	-2.3614
-2.8125	-2.97
-3.4313	-3.5229
-3.9995	-4.0114
-4.5077	-4.4361
-5.2841	-5.0659
-5.5181	-5.2659
-5.6547	-5.3826
-5.6872	-5.4215
-5.6258	-5.3864
-5.1902	-5.0744
-4.8425	-4.8147
-4.4136	-4.4904
-3.9203	-4.1029
-3.3708	-3.651
-2.1298	-2.5805
-1.4479	-1.9727
-0.7483	-1.3196
-0.0338	-0.6235
0.6956	0.1
2.1453	1.6109
2.8663	2.382
3.558	3.1529
4.2238	3.9095
4.8568	4.6499
5.9844	6.0376
6.4561	6.6635
6.8553	7.2419
7.1808	7.7616
7.4407	8.216
7.7526	8.8985
7.8107	9.1144
7.8078	9.2384
7.7351	9.2778
7.6015	9.2354
7.1118	8.8762
6.7978	8.5556
6.4018	8.1628
5.9501	7.6865
5.4414	7.1403
4.2595	5.8425
3.592	5.1146
2.8959	4.3391
2.181	3.5253
1.4379	2.6914
-0.0476	1.0002
-0.7798	0.1682
-1.4826	-0.6463
-2.1605	-1.4243
-2.8003	-2.1607
-3.9249	-3.4796
-4.3957	-4.045
-4.7883	-4.5451
-5.0986	-4.971
-5.3072	-5.3275
-5.4517	-5.8084
-5.3946	-5.9245
-5.257	-5.9527
-5.0204	-5.9023
-4.7291	-5.7768
-3.9467	-5.2618
-3.4732	-4.8985
-2.9502	-4.4637
-2.3951	-3.9596
-1.7936	-3.398
-0.5146	-2.1108
0.1543	-1.399
0.8364	-0.6517
1.525	0.131
2.2041	0.9431
3.5407	2.5929
4.1736	3.4145
4.7908	4.2113
5.373	4.9767
5.9066	5.7133
6.8439	7.0141
7.2225	7.575
7.5347	8.0621
7.7736	8.4792
7.9458	8.81
8.083	9.2313
8.052	9.3125
7.9631	9.2984
7.7611	9.2169
7.5311	9.0167
6.856	8.3807
