524.60
546.60
567.40
579.40
587.80
603.80
607.40
621.00
627.80
633.00
640.60
643.00
650.60
657.80
662.20
668.60
670.60
672.60
679.00
684.60
685.80
687.80
689.00
689.00
689.00
681.40
673.40
662.60
656.60
640.20
631.00
616.20
603.80
574.60
551.80
541.00
531.80
508.60
489.00
475.00
450.20
441.80
424.60
410.20
403.00
389.40
383.40
371.00
363.80
353.40
340.20
333.80
330.20
325.80
324.60
320.60
319.00
319.00
319.00
323.40
335.00
347.80
362.60
381.80
396.60
412.20
433.80
452.60
470.20
481.00
505.00
518.60
553.00
589.40
605.80
627.80
645.00
672.60
711.00
723.40
739.40
749.80
752.60
756.60
758.60
758.60
758.60
758.60
758.60
758.60
758.60
757.80
751.40
747.80
734.60
718.60
708.60
685.00
664.60
644.60
623.00
612.20
591.80
581.00
563.80
553.00
545.00
533.00
516.60
513.40
495.80
484.60
481.40
464.60
461.40
448.20
439.40
417.00
398.60
386.20
360.60
353.00
339.00
332.60
318.60
313.80
313.80
322.60
331.80
346.20
365.40
375.00
391.00
422.20
464.60
475.40
493.80
522.60
539.40
561.80
569.00
584.60
591.80
607.80
621.40
623.80
635.00
639.80
645.00
649.00
655.00
658.20
661.80
663.40
665.40
665.40
665.40
665.40
661.40
655.00
649.40
643.80
641.40
634.60
633.80
627.80
621.00
617.80
606.20
594.60
584.60
571.40
547.40
527.00
515.00
489.80
476.60
464.20
432.20
415.00
391.40
375.00
351.40
339.00
320.20
304.20
293.80
282.20
277.80
269.40
263.80
262.60
263.40
282.60
290.60
318.20
335.40
357.00
392.20
436.60
451.80
503.00
520.20
556.60
573.80
601.40
615.40
632.20
637.80
642.60
651.80
656.60
665.40
673.00
676.20
680.60
681.40
685.40
688.20
691.40
693.80
694.60
694.60
692.60
691.40
685.40
679.00
668.60
665.80
653.40
649.80
637.40
629.00
618.20
608.60
602.60
578.20
571.00
535.00
515.00
489.80
468.60
445.00
430.20
409.00
395.40
380.20
369.40
359.00
355.00
347.40
344.20
341.00
339.80
339.80
342.60
344.60
352.20
359.40
365.80
375.80
377.80
386.60
396.20
405.00
413.00
429.80
445.40
457.80
472.60
485.80
493.80
517.00
523.80
547.40
565.40
574.60
604.60
611.40
630.20
633.40
647.00
649.00
657.00
665.00
666.60
670.20
675.00
675.40
679.40
680.60
681.40
682.60
682.60
681.80
675.00
672.20
657.00
654.20
637.80
635.40
624.60
618.60
611.00
608.60
600.20
592.60
579.80
569.80
556.60
544.20
519.80
503.80
485.40
477.00
458.20
448.20
432.20
423.40
405.80
402.60
386.60
378.20
362.60
346.60
329.80
320.20
310.60
309.40
312.60
316.60
334.60
351.80
357.40
383.00
393.80
431.80
447.80
482.60
516.20
545.00
568.20
578.20
591.40
607.00
614.20
623.00
630.20
635.40
642.20
649.00
652.60
655.00
661.80
669.40
678.20
687.00
689.00
694.20
694.20
694.20
693.40
690.20
685.80
681.40
675.40
670.20
665.80
653.80
643.40
638.20
629.40
618.60
599.00
591.80
583.40
563.40
553.80
538.20
527.40
505.80
489.80
477.40
455.40
444.20
420.20
413.00
392.60
382.60
370.20
363.80
353.80
348.20
336.20
323.40
304.60
294.60
279.40
273.00
265.80
264.60
264.60
272.60
279.00
296.20
308.60
333.00
354.20
385.80
415.00
433.40
462.20
479.40
497.40
509.40
524.20
537.80
544.60
556.60
569.00
571.00
582.20
591.00
601.80
607.80
616.20
624.60
627.80
634.60
637.80
643.40
649.00
652.20
657.80
661.40
662.60
663.40
663.40
663.00
658.20
656.20
646.60
639.00
625.80
622.20
604.20
591.00
572.60
554.60
549.00
529.40
513.00
495.80
475.40
451.80
440.60
425.00
413.80
395.00
391.40
376.60
374.20
361.80
359.40
350.20
344.60
336.20
330.60
328.20
325.80
323.80
322.60
322.60
322.60
323.40
324.20
331.00
333.80
346.60
367.80
379.00
401.40
417.00
439.00
460.60
464.60
491.00
513.40
532.60
559.80
583.80
602.20
605.40
620.20
625.00
632.20
635.80
640.60
643.00
645.00
647.80
648.60
651.80
655.00
657.00
658.20
658.20
658.20
657.40
656.20
646.20
644.20
633.40
621.00
611.00
596.60
590.60
571.80
556.20
537.80
528.20
503.00
480.20
467.00
440.20
429.00
399.80
391.00
373.00
356.60
340.60
328.60
323.00
315.40
305.40
302.20
298.20
295.00
295.00
295.00
295.00
295.80
299.40
300.60
309.00
315.80
332.60
354.60
364.20
387.40
399.80
427.80
455.00
468.60
489.00
502.60
529.00
534.60
561.80
571.40
583.40
591.80
605.00
608.60
622.60
628.20
632.20
641.00
646.20
650.60
661.00
670.60
677.40
691.40
695.80
700.60
700.60
699.80
697.80
695.80
690.60
685.00
675.40
671.40
660.60
656.60
644.20
639.00
623.40
617.40
601.40
591.40
569.80
558.60
537.40
522.60
512.20
486.20
471.80
460.60
443.80
434.20
430.60
419.80
415.00
396.20
378.20
369.00
347.00
342.60
321.00
310.60
298.20
294.20
294.20
299.00
310.20
327.00
340.60
371.40
404.60
416.60
457.40
468.20
495.40
503.80
525.00
539.80
547.80
561.80
569.00
581.80
583.80
596.60
604.60
611.00
619.00
624.60
632.60
638.20
644.20
646.20
651.80
656.20
658.60
661.40
664.20
666.20
667.80
670.20
670.20
670.20
666.60
659.00
653.40
642.20
634.60
609.00
584.20
563.00
559.80
537.00
512.60
487.00
478.60
455.00
427.80
417.00
386.60
366.60
360.20
349.80
348.20
345.40
344.60
343.80
342.20
338.20
334.60
328.20
324.20
317.80
317.80
317.80
317.80
318.60
327.40
331.80
347.80
365.00
399.40
431.80
451.80
490.20
520.20
565.00
596.60
616.20
672.60
703.40
724.60
734.20
749.40
760.20
765.40
765.40
767.40
768.60
770.60
772.60
773.80
773.80
771.80
767.40
758.60
750.20
743.80
732.20
709.40
704.60
688.60
671.40
665.40
642.20
610.60
601.00
563.80
554.20
519.40
488.20
480.20
446.60
428.60
420.20
403.40
396.20
385.40
373.00
356.60
351.80
337.00
330.60
320.60
317.40
311.00
311.00
313.80
323.80
342.20
349.40
365.00
387.40
435.40
483.80
531.00
554.60
596.20
614.20
643.00
663.40
687.80
692.20
712.20
716.60
729.00
736.60
753.00
759.80
765.00
769.40
769.40
771.80
771.80
771.80
771.00
770.20
767.80
762.60
761.00
755.40
749.80
740.20
729.00
725.00
718.20
704.60
687.00
681.00
656.20
642.60
617.40
576.60
530.60
511.00
466.20
445.00
407.00
381.40
371.80
353.80
349.00
337.40
331.80
324.60
321.40
313.80
312.60
310.20
310.20
311.40
315.80
322.20
343.00
350.60
369.40
381.00
404.60
434.20
461.80
488.60
514.20
541.80
551.40
576.60
586.20
608.60
614.60
627.40
637.00
642.60
647.00
653.80
654.60
662.60
667.80
670.60
674.60
675.80
675.80
675.80
673.80
668.60
663.00
653.80
641.40
629.40
611.80
585.80
572.60
540.20
524.60
503.40
470.20
463.40
416.20
385.00
339.00
285.40
262.60
241.80
206.60
191.40
189.00
189.40
193.00
195.00
195.80
196.60
197.80
201.00
204.20
211.00
216.60
239.00
246.60
272.20
293.40
359.80
377.40
411.80
466.60
507.00
529.00
579.40
590.20
614.20
622.60
635.80
648.20
654.60
661.80
670.20
672.60
678.20
682.60
692.60
699.80
706.60
707.80
709.00
709.00
707.40
705.00
701.00
695.40
691.00
679.40
675.40
668.60
659.40
653.00
641.00
628.20
623.40
599.00
594.20
569.00
555.80
530.20
520.60
503.80
494.20
475.80
468.60
450.20
441.40
413.80
390.20
370.20
357.00
347.00
337.00
322.60
321.40
322.20
324.60
333.40
340.20
347.80
365.40
382.20
395.40
414.20
433.00
464.60
495.00
535.40
591.80
637.80
651.00
692.20
703.00
726.60
747.80
755.40
768.60
779.40
787.40
789.80
791.80
791.80
791.80
791.40
785.80
781.40
778.20
770.60
768.60
760.20
751.40
737.00
731.80
714.20
707.80
681.40
677.80
658.60
644.60
633.80
618.60
595.80
591.80
573.80
561.40
554.20
529.40
512.20
479.00
456.60
437.80
398.20
387.00
371.80
366.60
359.80
355.80
353.80
353.80
352.60
352.60
352.60
352.60
353.00
355.40
358.60
364.20
374.60
379.40
401.80
423.00
432.60
448.60
456.60
459.40
459.40
459.40
459.40
459.40
459.40
459.40
459.40
459.40
459.40
455.40
430.60
411.00
381.40
377.40
375.80
376.60
391.40
412.60
453.80
474.20
506.20
519.80
540.60
547.80
566.60
575.00
591.40
601.40
629.00
646.60
656.20
680.60
696.60
701.40
713.40
717.00
723.40
727.00
728.60
734.60
744.20
746.60
747.80
747.80
748.60
753.80
758.60
760.60
763.80
764.60
764.60
763.00
758.60
755.00
750.60
746.60
745.40
739.80
737.00
729.40
725.40
719.00
713.00
697.80
689.40
673.00
659.00
640.60
626.60
609.00
604.20
579.40
571.40
553.80
543.00
523.00
512.20
494.60
482.60
477.00
465.80
462.60
447.80
439.40
429.40
419.00
413.40
403.80
399.00
391.40
387.00
381.40
379.80
379.80
379.80
383.80
394.20
402.60
415.00
425.00
441.80
447.80
463.00
479.00
488.60
511.00
523.40
548.20
563.00
581.80
594.60
614.20
625.40
641.40
654.20
670.20
680.20
693.00
695.80
704.60
707.00
707.00
707.00
706.20
703.80
700.60
699.40
698.20
697.40
691.80
687.00
682.20
671.40
647.00
630.60
598.60
587.80
555.00
543.80
510.20
499.40
475.40
452.60
438.20
416.20
404.60
400.60
390.20
382.20
373.40
362.60
357.00
351.00
340.60
332.20
328.20
322.20
322.20
322.20
325.80
337.40
351.40
371.80
379.00
397.80
406.20
433.40
459.00
473.40
505.80
511.40
543.80
556.20
580.20
586.20
600.60
615.40
623.80
640.20
646.60
655.00
663.00
673.00
683.40
692.20
703.40
713.80
715.00
717.40
717.40
716.60
712.60
709.40
701.80
697.80
685.80
680.20
670.60
667.80
664.60
659.80
658.60
651.80
648.20
639.00
621.40
598.20
581.80
557.00
538.20
495.40
489.40
456.20
439.00
416.60
404.20
393.40
372.20
353.00
343.00
338.60
333.40
334.60
339.40
346.60
352.60
363.40
369.80
388.60
403.00
426.60
445.40
470.20
507.00
520.20
541.80
564.20
575.00
597.80
609.00
620.20
634.60
656.60
668.20
675.00
682.20
687.40
688.20
690.60
690.60
690.60
685.80
684.60
677.00
670.20
664.20
658.60
645.80
634.60
627.40
612.60
600.60
590.60
579.80
557.80
551.80
525.40
510.60
506.60
486.20
483.40
473.00
461.40
456.60
442.20
431.00
415.80
411.80
408.20
394.60
383.00
369.40
365.40
360.60
360.60
367.80
374.60
378.60
386.20
394.20
398.60
409.40
412.20
424.60
433.40
450.60
472.60
511.40
518.20
545.80
575.00
588.20
617.40
641.80
663.80
685.80
705.80
714.20
727.80
735.40
742.60
752.20
757.40
760.60
763.80
766.60
767.80
768.60
768.60
768.60
764.60
762.60
751.00
747.80
724.20
713.40
701.80
693.00
689.40
684.20
678.20
667.00
657.00
648.20
627.00
622.20
588.60
582.60
543.80
519.00
507.80
493.00
472.60
465.40
451.00
443.80
427.80
417.80
399.80
390.60
375.00
362.20
345.40
339.00
327.40
316.20
310.60
307.40
313.40
319.80
341.00
362.20
373.40
392.20
409.00
430.20
448.60
483.80
510.20
539.40
565.80
581.80
607.80
629.80
639.80
655.80
662.20
670.20
675.40
679.80
691.80
693.80
701.80
706.20
707.40
708.60
707.80
702.60
698.20
683.80
666.20
645.00
624.20
613.00
593.00
584.20
577.00
565.00
557.80
543.40
533.00
524.60
516.20
503.40
499.40
483.40
459.00
451.80
427.40
417.40
398.20
372.20
358.20
336.20
326.20
317.80
317.80
331.40
361.00
387.80
413.00
437.00
477.40
489.40
511.40
522.20
545.80
560.60
590.20
609.40
631.00
646.20
662.60
671.40
683.00
689.00
692.20
698.20
701.40
708.20
713.00
717.00
720.60
721.80
721.80
721.00
714.60
708.20
695.80
690.60
671.80
661.80
641.80
619.80
615.00
590.60
577.00
559.40
545.80
528.20
510.60
506.60
489.00
475.80
453.80
433.00
428.20
408.60
392.20
380.60
362.60
358.20
352.20
355.40
375.00
393.80
406.60
430.20
444.20
468.60
483.00
508.20
528.60
553.00
574.60
587.80
612.60
634.60
644.20
661.40
667.80
679.00
686.20
691.80
698.20
703.40
708.20
712.20
714.60
715.80
715.80
712.20
705.40
696.20
687.80
673.80
665.00
651.80
646.60
635.00
625.40
619.80
613.00
598.20
588.60
574.20
560.60
540.60
527.00
508.20
495.00
477.40
473.00
455.00
441.80
423.40
414.60
397.00
381.40
372.20
351.00
345.00
335.40
334.20
335.00
345.80
352.60
368.20
378.60
410.60
419.40
451.00
486.60
499.00
536.20
567.00
591.80
641.40
667.80
712.20
734.60
742.20
750.60
754.60
754.60
753.00
744.60
736.60
723.00
716.20
706.60
705.80
702.60
699.40
697.40
693.40
690.60
682.20
667.40
657.40
635.40
626.60
601.80
581.00
571.40
549.80
528.20
519.00
497.40
481.00
469.80
445.40
437.80
423.40
416.60
403.40
391.40
376.60
374.60
361.40
355.80
355.80
367.00
388.60
404.60
418.60
445.80
478.20
487.80
516.20
543.80
553.40
574.20
596.60
618.60
628.60
654.60
670.20
675.80
680.20
686.20
686.20
685.00
677.40
671.00
653.40
649.40
631.00
627.40
612.20
602.20
586.20
575.00
556.60
545.40
531.80
514.20
500.20
491.80
483.40
473.00
463.40
452.20
446.20
433.40
420.20
405.00
397.80
390.20
385.80
383.80
381.40
380.20
379.00
379.00
379.00
379.00
380.20
381.40
390.60
396.20
413.80
440.60
461.40
486.60
525.00
564.60
589.80
615.40
638.60
650.60
674.20
694.60
712.20
715.00
726.60
732.20
737.00
739.80
739.80
737.80
727.00
713.40
702.20
686.20
658.20
637.80
627.80
606.60
588.20
578.20
564.20
553.40
533.40
529.00
509.00
501.80
488.20
473.40
466.60
450.20
446.60
422.20
415.00
387.40
370.60
354.60
330.60
310.60
302.20
290.60
290.60
290.60
295.80
298.60
312.20
332.20
343.40
364.60
395.80
406.60
445.40
474.60
521.00
572.60
593.80
635.40
653.00
676.60
685.80
702.20
705.00
721.40
730.60
737.80
746.20
750.60
753.80
753.80
754.20
747.40
736.20
731.00
711.40
702.60
692.20
673.00
659.80
638.60
620.20
604.60
595.00
577.00
559.80
550.20
533.00
523.40
511.40
503.00
493.40
487.00
478.60
473.40
465.00
459.40
452.20
450.60
447.40
447.40
450.20
453.40
458.60
459.80
465.00
475.00
485.80
508.60
527.00
538.20
581.80
599.40
637.00
665.80
684.60
707.00
716.20
732.20
746.20
761.40
770.20
777.80
780.20
781.80
779.80
769.40
763.00
748.20
715.40
701.00
683.00
674.20
661.80
654.60
642.20
637.80
622.20
616.20
601.00
593.00
575.00
565.80
552.20
543.00
535.00
520.60
509.80
495.40
469.40
455.80
440.20
419.40
403.00
395.40
375.40
364.20
346.20
327.80
311.40
303.40
287.80
281.80
275.00
275.00
285.00
296.20
325.40
340.60
391.40
408.60
443.80
455.80
472.60
478.20
488.60
493.00
507.40
523.80
546.20
559.00
581.80
603.40
608.60
627.80
635.00
649.80
653.40
660.60
663.80
663.80
663.80
658.60
656.60
643.00
625.40
617.80
603.40
595.80
577.00
560.20
548.20
533.40
518.20
497.40
487.80
466.60
455.40
435.80
427.00
410.60
407.00
391.40
383.00
372.60
363.00
357.40
353.80
350.20
348.60
347.40
347.40
356.60
364.20
382.20
396.20
427.00
445.00
490.20
500.20
535.40
549.00
569.00
585.80
595.40
612.60
627.40
637.80
651.00
659.40
677.40
683.00
686.20
693.40
694.60
694.60
691.80
684.20
680.20
664.60
651.00
637.80
620.20
596.20
588.60
582.60
567.80
554.60
540.20
534.60
519.80
503.80
489.40
482.60
469.00
461.00
449.00
439.40
414.20
405.40
364.20
354.20
337.80
322.60
315.80
309.00
301.40
298.20
294.60
294.60
307.00
322.60
337.40
342.60
360.20
376.60
382.60
403.00
414.20
427.40
460.20
501.40
519.40
542.60
562.20
568.20
581.00
586.20
598.60
600.60
616.60
625.00
631.40
637.80
638.60
639.80
639.80
639.00
634.60
633.80
630.60
621.40
610.60
601.00
578.60
561.40
539.80
513.80
506.60
481.80
464.20
444.20
421.40
397.40
388.60
368.60
348.20
327.80
315.80
284.60
271.80
250.60
239.00
233.40
229.40
227.00
224.60
224.60
229.40
234.20
253.40
273.00
307.40
348.60
404.20
463.00
522.60
559.00
585.80
610.60
616.20
624.60
638.20
649.40
655.00
670.60
688.60
692.20
699.40
701.80
703.80
703.00
701.00
692.20
686.60
675.80
666.60
647.40
632.60
623.80
611.80
603.00
588.60
574.20
561.00
557.00
541.80
531.40
523.00
511.00
501.80
489.80
471.80
460.60
439.80
433.80
417.40
407.40
395.00
385.80
373.80
365.00
359.00
358.20
354.20
357.00
372.20
385.40
421.80
444.20
484.20
499.80
527.80
568.60
605.00
622.20
666.60
682.20
721.40
737.80
743.40
752.20
755.80
760.20
761.40
761.40
760.60
755.80
748.20
737.80
730.60
722.60
714.60
710.20
705.80
697.40
689.40
681.40
671.80
659.80
653.40
651.40
640.60
638.20
626.20
612.20
607.80
590.60
577.40
558.60
553.40
535.40
521.80
490.60
477.00
461.00
443.40
431.80
416.60
405.40
393.00
383.40
374.60
373.40
368.60
368.60
370.20
379.80
402.60
415.00
450.20
498.60
508.20
541.40
548.60
565.80
575.80
590.60
600.20
632.20
644.20
659.80
675.40
687.40
689.80
692.20
693.40
691.80
687.40
679.00
673.80
660.20
655.40
642.20
636.60
625.00
615.40
605.80
589.00
569.00
565.80
546.60
541.00
519.80
489.80
469.80
459.80
438.20
428.20
416.60
409.00
395.80
390.20
384.20
381.00
379.00
379.00
381.80
386.20
391.80
410.60
420.20
439.80
451.00
464.20
471.80
473.80
478.60
480.60
493.40
500.60
530.20
539.40
570.60
592.20
614.60
634.20
647.80
657.80
669.00
673.80
684.60
689.00
693.40
697.00
697.80
697.80
696.20
687.00
681.40
670.20
659.40
653.00
649.00
639.00
632.60
617.00
609.40
588.20
579.80
561.80
553.40
534.20
526.20
513.40
506.60
488.60
481.40
455.80
437.00
423.00
417.80
408.60
405.40
400.20
398.20
395.00
394.20
391.80
391.00
391.00
391.40
394.60
401.00
402.20
410.60
418.60
428.20
446.60
457.40
488.60
531.40
546.60
572.20
579.40
595.40
601.00
617.00
629.80
639.80
659.80
668.60
678.20
683.80
688.60
691.80
693.80
693.80
691.00
679.40
673.80
659.00
651.00
638.20
634.20
622.20
608.60
601.40
585.80
569.80
551.80
548.60
532.20
521.00
513.00
501.80
493.40
482.20
475.00
461.80
457.40
434.60
417.80
401.40
383.00
361.00
328.60
305.40
292.60
283.00
279.40
282.60
288.60
305.00
321.00
332.60
362.20
389.40
395.00
415.00
437.40
448.20
482.60
508.20
519.40
540.60
549.40
567.00
573.40
577.40
583.00
586.20
593.80
597.00
603.80
607.40
610.60
611.80
612.60
612.60
612.20
609.80
605.80
597.00
591.00
575.40
571.40
549.40
544.60
524.20
502.20
495.40
480.60
471.00
452.60
438.20
414.20
404.20
385.40
360.20
352.60
338.60
329.00
323.80
316.60
313.00
308.60
305.00
305.00
305.00
311.80
313.40
318.60
322.60
334.20
344.60
391.40
439.00
458.20
503.40
525.40
569.80
600.60
612.60
625.80
629.80
639.40
643.80
649.00
659.00
671.00
676.60
685.00
697.00
701.40
710.20
715.40
722.20
725.80
727.00
722.20
717.00
699.00
688.60
665.00
658.60
638.20
624.60
616.20
600.20
581.00
568.60
550.60
533.00
523.40
502.20
491.40
464.20
428.60
401.00
387.40
362.60
351.80
334.60
325.40
311.00
302.60
298.20
293.80
295.00
300.60
324.20
361.00
377.40
423.80
431.40
455.00
461.40
477.00
496.20
507.00
551.80
563.80
596.60
613.80
628.60
633.80
641.00
645.40
652.20
657.40
663.40
665.80
667.00
667.00
663.00
652.60
647.00
631.00
621.80
606.60
588.60
576.20
560.20
543.80
534.20
515.40
507.40
489.80
461.80
451.80
441.00
419.80
409.80
393.00
368.60
355.00
338.20
326.20
314.20
307.80
302.60
301.40
304.20
319.40
334.20
373.00
412.20
462.20
507.40
543.40
552.60
571.40
577.00
590.60
603.00
623.40
633.40
653.00
656.60
669.80
680.60
682.60
694.20
696.20
702.60
703.40
703.40
