1032.20
1023.40
1014.60
1007.80
1002.20
991.80
988.20
975.40
969.40
963.40
956.20
953.00
943.00
930.20
919.00
900.60
895.00
887.80
861.40
835.00
828.20
801.00
786.20
776.60
743.40
707.00
677.40
648.20
634.20
609.40
599.40
586.60
579.40
568.60
565.40
565.40
566.20
572.60
581.40
587.40
600.20
604.60
614.20
622.20
626.60
635.80
639.80
651.00
657.40
669.80
690.60
709.00
722.20
745.40
752.20
807.80
832.20
865.00
874.20
905.40
931.40
945.40
954.20
959.40
961.80
964.20
967.40
969.40
970.20
969.80
964.20
961.00
950.60
938.60
933.40
925.40
918.60
905.80
889.40
883.80
871.00
857.40
851.40
839.80
833.00
827.00
823.80
813.40
810.20
795.40
770.20
743.40
703.00
687.80
653.40
630.60
620.60
606.60
599.80
593.40
587.80
587.00
583.80
583.80
583.80
583.80
583.80
584.20
585.40
586.20
588.20
591.00
591.80
599.00
600.60
609.00
615.40
640.60
665.00
685.80
738.20
760.60
811.80
838.60
910.60
963.80
991.00
1043.80
1066.60
1086.60
1095.00
1096.20
1096.20
1089.40
1073.40
1069.80
1062.20
1051.40
1045.00
1037.40
1034.20
1025.80
1021.80
1011.00
1000.60
998.20
987.00
982.20
973.40
966.20
955.80
947.40
935.80
925.80
914.60
912.20
902.20
892.60
875.00
855.40
836.20
809.80
801.80
759.00
752.20
726.60
703.40
697.40
675.80
660.60
650.60
641.00
629.40
624.20
621.80
621.80
621.80
623.80
632.60
639.00
651.00
662.20
681.80
695.40
716.60
739.80
756.60
777.40
784.60
809.80
841.00
868.60
883.40
928.60
938.60
960.20
966.60
972.60
972.60
969.00
966.60
960.20
959.00
957.80
956.60
951.80
947.40
941.00
937.80
936.20
930.60
926.60
917.00
907.40
901.40
891.00
889.00
875.40
863.80
854.20
836.60
815.40
799.40
770.60
762.20
734.20
716.20
694.60
688.60
669.40
664.60
647.00
637.00
625.40
616.60
612.60
598.20
595.00
585.80
584.60
585.40
589.40
597.40
604.60
619.80
631.00
647.40
662.20
676.60
685.40
702.20
713.00
734.60
746.60
765.40
792.20
797.80
818.60
830.60
839.00
849.00
851.40
859.80
867.40
873.80
878.20
884.60
889.40
891.40
892.60
892.60
892.60
891.80
891.00
886.20
882.20
881.00
876.60
874.60
863.80
861.80
850.60
848.20
839.80
830.60
829.00
821.40
809.80
806.60
793.80
789.80
780.20
770.60
754.20
748.60
727.40
721.40
696.60
693.00
675.40
673.00
664.20
659.00
653.80
652.20
647.80
645.00
641.40
639.40
638.60
638.60
639.00
645.40
655.00
660.20
674.60
682.20
697.40
705.00
718.20
720.60
729.00
733.40
740.60
751.40
771.40
791.80
852.20
874.60
941.00
959.40
993.00
1004.60
1006.60
1009.80
1009.80
1007.40
1003.80
994.60
982.60
971.80
961.80
957.40
950.20
941.00
936.60
930.60
923.40
917.40
907.80
898.20
890.60
888.20
875.00
858.20
838.20
811.40
803.00
769.80
761.80
737.80
711.80
699.40
681.80
670.60
656.20
647.80
639.40
622.20
607.40
601.00
592.20
582.20
567.40
563.40
558.20
547.00
541.80
536.60
533.40
531.00
531.00
534.20
544.20
549.40
564.60
568.60
582.20
590.20
601.40
607.40
621.00
628.20
648.20
673.80
714.60
742.60
791.80
816.20
863.00
885.40
901.80
940.20
947.40
958.20
962.60
967.40
971.40
975.00
977.40
978.60
983.40
987.00
990.20
992.20
993.40
993.40
993.40
993.40
992.60
991.80
988.20
983.00
973.80
967.80
953.40
936.20
927.80
903.00
892.20
869.00
845.00
831.40
804.60
776.60
763.00
744.20
729.80
708.60
675.40
668.60
643.40
627.00
610.60
605.80
589.80
581.40
573.00
567.80
566.60
566.60
567.40
571.00
576.60
586.60
592.20
601.40
609.40
625.00
627.40
640.20
642.60
656.20
658.60
670.60
681.80
698.60
723.00
731.40
748.20
769.80
785.80
789.00
805.40
816.60
821.00
845.80
851.40
875.80
901.80
909.40
924.20
931.40
938.20
941.40
941.40
940.60
936.20
930.60
920.60
907.40
897.40
895.80
885.40
882.60
875.40
870.60
861.40
853.80
847.00
838.20
829.00
815.00
790.60
764.20
747.40
721.40
702.20
663.00
656.20
620.20
613.00
591.00
570.20
556.60
538.60
532.60
513.80
502.20
493.40
490.20
489.40
491.00
494.60
505.80
512.60
535.80
544.60
565.80
591.00
624.20
653.40
665.80
684.20
706.20
718.60
735.00
753.00
779.40
786.20
812.20
832.60
863.80
871.80
900.60
911.80
928.60
938.60
941.80
948.20
952.60
962.20
970.20
973.40
976.60
977.80
977.00
976.20
971.00
969.00
964.20
959.80
950.20
946.60
929.40
921.80
915.80
905.00
899.00
894.60
879.80
863.80
852.60
825.00
814.20
786.20
778.20
759.40
751.00
743.80
729.80
720.60
704.60
698.60
679.00
673.00
653.80
646.60
628.60
623.80
611.80
606.60
598.60
596.60
595.40
595.40
595.40
599.40
603.00
605.80
612.20
616.60
619.00
627.80
631.80
655.00
684.60
700.60
749.40
757.80
812.60
843.00
896.60
942.20
954.20
974.60
986.20
993.40
995.80
1001.40
1006.60
1007.40
1011.40
1013.80
1017.40
1018.20
1020.60
1020.60
1020.60
1017.80
1015.80
1011.00
1009.40
1000.60
993.80
987.80
978.20
970.60
957.00
946.20
930.60
924.60
907.00
886.60
869.40
853.00
830.20
810.20
783.80
740.60
732.60
704.20
678.20
659.00
644.60
625.00
615.00
583.40
560.60
544.60
542.20
528.60
519.80
515.40
514.20
514.20
519.80
523.40
536.20
550.60
558.20
571.40
575.00
581.40
583.80
591.80
601.80
618.60
628.20
653.80
677.00
728.20
750.20
813.00
861.80
931.00
978.20
990.20
1017.40
1030.60
1043.80
1048.20
1049.80
1049.80
1049.80
1047.00
1043.40
1036.60
1013.00
996.20
981.40
975.00
961.00
943.80
927.00
919.00
889.80
872.20
856.20
841.00
823.40
801.00
787.40
768.60
743.80
729.40
719.40
705.80
682.20
678.20
667.40
657.80
655.00
645.80
632.60
629.40
619.00
617.00
610.20
606.20
606.20
608.20
613.40
616.60
623.80
628.20
635.80
646.20
661.40
667.40
686.60
696.60
718.60
731.00
766.60
797.80
810.20
833.40
853.80
859.00
872.20
886.60
915.00
935.40
950.60
955.00
961.80
964.60
965.80
965.00
958.20
955.40
943.40
940.60
930.60
921.80
896.20
874.60
857.80
837.00
830.20
791.80
783.80
757.40
741.00
728.60
716.60
698.60
694.20
683.00
675.00
657.40
638.60
633.80
623.00
610.60
598.20
596.60
587.40
584.20
581.80
581.80
593.40
600.60
625.00
637.40
661.80
680.20
686.60
703.00
708.20
724.20
735.00
752.20
760.60
791.00
804.20
840.60
862.60
896.20
922.60
949.40
991.00
1001.00
1019.80
1027.80
1040.20
1046.60
1046.60
1043.40
1036.60
1027.00
1022.60
1009.80
1004.20
986.60
981.40
966.60
952.20
940.20
929.40
906.20
899.40
861.00
833.00
804.60
770.20
738.60
729.00
702.20
683.40
666.60
656.60
643.40
629.80
619.00
604.60
585.00
576.60
556.60
548.60
542.20
535.80
535.80
542.20
553.80
573.40
605.00
624.60
645.40
699.80
741.40
780.20
783.40
792.60
799.00
803.00
810.20
817.40
836.20
849.80
878.60
889.80
911.40
916.60
930.60
942.60
978.60
986.60
1005.00
1031.40
1048.60
1056.20
1067.00
1068.20
1066.60
1064.20
1056.20
1045.80
1036.20
1021.80
992.60
980.20
954.60
941.00
910.20
890.20
848.60
831.40
799.80
786.60
763.80
754.20
735.00
723.00
714.60
697.40
692.60
682.60
669.40
658.20
642.20
627.00
623.40
601.40
597.40
587.40
585.00
583.80
584.60
589.80
594.20
603.80
608.20
621.00
627.80
646.20
657.40
674.20
689.40
703.40
721.80
772.60
785.80
823.80
837.00
860.20
871.40
880.20
893.40
899.40
903.00
903.80
905.00
911.40
923.40
940.60
964.20
970.20
970.20
961.00
956.60
941.40
923.40
914.60
897.40
875.00
849.00
833.80
812.20
783.40
769.80
763.00
737.40
721.00
708.60
690.20
684.20
665.80
651.00
628.20
622.20
600.60
595.40
577.00
574.60
567.00
563.00
561.00
559.00
559.00
559.00
563.80
569.40
572.60
585.80
596.20
619.80
630.60
639.80
671.80
684.20
702.60
709.00
719.80
732.20
743.40
756.60
778.20
784.60
798.20
810.20
813.40
821.00
824.60
832.20
843.40
847.40
861.00
868.60
870.60
872.60
872.60
872.60
872.60
872.60
872.60
872.60
872.60
872.60
872.60
872.60
872.60
869.80
851.40
836.20
815.80
815.80
821.00
829.40
859.00
889.00
935.00
953.80
983.00
995.80
1012.60
1018.20
1032.20
1038.60
1052.60
1061.80
1075.80
1077.00
1073.00
1056.20
1044.60
1040.60
1032.60
1030.20
1026.60
1024.20
1021.80
1014.20
994.60
983.80
957.80
945.80
927.00
913.00
902.60
894.20
876.20
856.20
845.80
821.80
798.20
782.20
761.80
744.20
738.60
727.80
724.60
713.80
709.00
700.60
695.40
681.40
673.80
661.80
651.40
636.60
626.20
612.20
609.40
597.80
597.00
595.80
595.80
598.60
599.80
601.00
601.00
601.00
603.80
605.40
613.80
621.40
632.60
645.80
654.60
675.40
686.60
713.80
735.00
781.00
801.00
844.60
866.60
915.00
948.20
961.80
974.20
981.00
988.20
990.20
993.40
994.20
994.20
993.80
990.20
982.60
976.20
966.20
957.80
945.40
938.60
927.80
921.00
909.40
900.20
885.40
880.60
849.80
824.60
808.20
791.80
764.20
749.00
728.20
716.20
700.20
688.20
667.80
657.40
652.20
643.40
627.80
616.60
599.80
594.20
579.00
575.80
569.40
568.60
568.60
570.20
576.20
595.00
608.60
613.40
627.00
640.20
655.00
675.80
687.00
701.40
729.80
755.00
776.20
825.00
852.20
889.00
913.80
962.20
995.00
1019.40
1027.00
1039.00
1041.80
1047.80
1050.20
1050.20
1046.60
1045.80
1033.40
1028.60
1017.40
1014.20
1006.20
997.80
992.20
977.00
968.60
951.40
933.00
906.20
875.40
851.40
812.20
758.60
743.80
708.20
695.00
683.00
661.00
652.60
635.80
627.40
609.00
599.00
583.00
577.40
571.80
567.00
565.40
560.60
557.80
551.40
538.20
521.00
509.80
495.40
483.80
465.80
463.00
455.40
454.20
455.00
457.40
461.80
473.80
495.40
517.40
531.40
582.20
626.60
660.60
705.00
729.00
765.00
782.20
813.80
831.40
851.40
862.20
872.20
881.00
883.40
884.60
884.60
883.80
878.20
873.80
867.00
857.80
838.20
823.40
812.20
796.60
777.00
771.40
737.40
728.20
690.60
653.00
643.40
609.80
589.80
574.60
564.60
549.80
539.80
534.60
523.80
516.20
510.60
505.00
497.40
495.40
493.00
493.00
493.00
493.80
493.80
495.80
500.20
501.80
510.20
518.20
531.00
535.80
539.40
558.60
582.20
619.40
637.80
699.40
740.60
785.40
827.00
845.80
877.80
905.00
917.00
945.80
953.00
973.80
983.80
995.80
1004.60
1012.20
1012.20
1013.40
1014.60
1014.60
1013.80
1009.40
1001.80
992.20
980.20
975.00
964.60
958.20
948.20
929.80
913.40
899.80
879.00
858.60
835.40
829.80
809.80
793.80
769.40
762.60
735.00
726.60
689.40
673.00
658.20
648.20
644.60
638.60
631.80
620.20
610.60
603.00
587.40
583.40
563.40
560.20
542.20
533.00
529.40
527.40
530.20
533.40
540.60
545.80
557.80
566.60
585.40
597.00
622.60
646.20
681.80
696.20
730.20
770.60
814.60
842.60
935.00
961.80
1008.20
1028.20
1035.00
1038.20
1039.40
1040.20
1041.40
1045.40
1047.00
1048.20
1047.00
1043.40
1036.60
1026.60
1020.20
1007.40
999.80
989.00
980.20
969.40
921.40
909.40
867.00
838.20
823.40
795.80
770.60
753.80
742.60
722.60
708.60
694.20
681.00
674.20
661.00
654.60
649.40
642.20
638.20
632.20
628.20
625.40
623.40
620.60
620.60
620.60
625.40
628.60
642.60
649.00
669.40
705.80
727.40
776.20
806.60
871.40
890.60
942.20
992.60
1019.40
1039.40
1053.00
1067.80
1071.40
1075.80
1077.80
1077.80
1077.80
1074.60
1069.40
1061.40
1053.40
1041.80
1033.00
1017.00
1003.80
997.00
981.40
970.20
950.20
935.80
917.40
892.60
876.20
856.20
841.40
816.20
799.00
773.40
766.20
742.60
733.80
718.20
706.20
704.20
696.60
694.20
691.40
689.00
685.80
683.80
683.80
683.80
687.00
695.00
706.60
710.20
732.60
757.00
782.20
839.80
863.40
912.20
991.80
1047.40
1079.00
1091.80
1107.40
1112.20
1117.80
1119.00
1119.00
1117.80
1113.40
1108.20
1105.00
1097.00
1089.40
1083.80
1073.00
1067.00
1053.40
1041.40
1031.80
1012.20
994.20
967.80
944.60
911.80
902.60
843.80
805.80
771.00
734.60
705.00
674.60
657.80
633.80
625.40
613.00
605.40
602.20
599.00
594.20
591.00
585.80
581.00
574.60
572.20
570.20
570.20
572.20
573.80
580.20
588.60
600.60
609.40
628.20
649.40
666.20
722.20
743.80
799.00
848.60
871.00
909.40
926.60
953.40
967.40
1007.00
1015.80
1041.00
1058.20
1061.40
1064.20
1065.40
1065.40
1064.20
1059.40
1045.00
1030.20
1021.40
1005.80
985.40
964.20
951.80
923.80
906.20
869.40
852.20
814.20
808.60
783.40
767.00
757.40
744.60
741.00
731.40
719.80
711.80
697.00
690.20
675.00
666.20
661.80
656.60
655.40
655.40
657.40
661.40
665.80
682.20
689.80
711.00
723.40
758.20
791.80
836.20
844.60
895.80
937.80
989.40
1035.40
1073.40
1089.40
1099.40
1111.40
1115.00
1114.20
1106.20
1089.80
1083.00
1063.80
1033.00
998.20
979.80
915.40
865.80
844.20
820.60
774.20
733.40
713.40
684.60
666.60
633.00
627.00
603.80
600.20
586.60
578.60
565.40
557.80
542.60
533.80
522.60
511.40
506.60
505.40
505.80
509.40
514.20
523.40
529.40
545.80
565.40
591.40
606.20
625.40
639.40
654.20
671.40
682.20
707.40
738.60
757.80
796.20
816.20
835.80
865.00
874.60
893.80
910.60
921.00
930.60
940.20
944.20
943.40
937.80
931.00
926.60
913.00
895.00
866.20
860.20
825.80
804.20
778.20
753.40
730.60
713.40
677.80
649.00
626.60
603.80
570.20
551.00
542.20
527.80
516.60
511.40
506.20
504.20
501.80
501.00
499.80
499.00
497.00
496.20
496.20
498.60
500.20
515.80
521.00
548.60
569.80
593.00
635.40
681.00
711.00
816.20
848.60
930.20
1020.60
1043.80
1113.00
1167.00
1183.40
1201.40
1213.80
1214.60
1216.20
1212.20
1198.60
1174.20
1162.20
1131.40
1117.00
1091.80
1080.20
1057.40
1052.60
1022.20
999.00
979.40
951.40
927.80
901.00
893.00
854.60
831.40
809.00
800.20
773.40
763.40
753.40
736.20
726.60
714.20
706.60
701.80
698.60
695.40
694.60
694.60
695.00
697.40
702.20
705.40
711.80
717.40
726.20
733.40
747.80
759.00
775.80
779.40
794.60
805.00
826.60
837.80
863.80
871.80
889.80
910.60
929.40
958.20
973.80
980.60
993.00
995.80
993.40
982.60
971.00
950.60
940.60
912.20
879.00
832.20
797.00
762.60
744.60
699.40
668.20
635.00
617.80
591.80
549.40
532.20
512.20
502.20
491.00
485.80
476.60
473.80
466.20
464.60
461.40
459.40
457.40
457.40
456.20
456.20
456.20
459.80
463.00
471.40
492.20
507.40
523.00
542.60
560.20
569.00
592.60
609.00
640.20
675.80
711.40
729.00
769.00
790.60
832.20
849.00
892.60
906.20
930.20
937.80
948.60
949.80
946.60
943.00
937.80
937.00
933.00
931.40
925.40
916.20
903.80
895.80
879.80
860.20
855.40
829.80
817.00
767.00
748.60
704.20
681.00
651.40
633.00
594.60
586.60
535.80
493.80
478.60
458.60
449.80
435.80
428.20
425.00
425.00
426.60
435.40
441.00
453.00
459.80
471.80
478.60
494.60
498.20
519.80
532.60
555.00
585.40
610.60
645.00
677.00
702.20
717.40
735.40
766.20
781.40
811.00
832.60
867.40
885.80
921.00
928.60
944.60
947.80
947.80
943.00
939.80
929.00
917.40
905.80
889.40
874.60
838.60
828.60
817.80
788.60
767.40
749.40
730.20
712.20
706.20
686.20
671.00
655.40
636.60
610.20
601.40
595.00
584.60
578.60
572.60
569.80
561.40
551.00
542.60
540.60
539.40
539.40
543.80
548.20
566.20
572.60
605.00
613.80
630.20
649.00
659.00
670.20
688.20
701.80
733.80
762.20
813.00
845.80
870.20
877.40
896.20
909.00
912.20
919.80
923.00
925.00
930.20
930.20
927.80
919.00
908.20
904.20
891.40
883.00
859.00
853.40
819.40
796.20
778.20
744.60
737.40
714.20
698.20
673.40
647.40
643.00
635.80
623.80
615.80
610.20
596.20
584.60
570.60
557.00
554.20
545.40
541.40
540.60
543.40
553.40
561.00
579.00
601.00
628.20
645.00
696.20
722.20
775.80
810.60
833.80
869.00
889.80
920.60
945.00
976.60
988.60
1014.20
1029.00
1048.20
1063.00
1074.20
1079.40
1079.40
1076.20
1069.80
1061.80
1059.80
1055.80
1045.40
1031.80
1021.80
988.20
938.60
925.00
890.60
878.20
853.00
822.60
809.40
784.60
773.80
757.80
746.20
726.20
712.20
704.60
695.40
689.00
681.80
674.60
669.80
669.00
667.80
667.80
668.20
669.40
672.20
675.40
679.80
682.60
691.80
695.80
709.00
719.00
737.00
753.00
778.20
805.00
833.40
842.60
877.00
913.40
948.60
967.80
1010.60
1028.20
1052.60
1057.40
1059.80
1053.00
1039.40
1033.00
1010.20
1001.00
972.60
953.80
942.60
919.40
907.00
883.00
868.20
848.20
835.00
819.40
799.40
779.00
764.60
742.60
723.40
712.60
703.40
687.40
676.20
665.40
652.20
635.80
629.00
626.60
617.40
615.00
607.80
605.00
604.20
603.00
603.00
603.00
603.00
605.80
610.60
627.00
637.40
651.80
673.00
688.20
716.60
739.00
771.00
796.20
826.20
834.20
868.20
877.40
885.80
901.40
918.60
923.00
932.20
931.40
928.20
914.20
911.00
900.60
893.80
883.40
875.40
846.20
831.40
808.60
775.00
726.60
711.40
684.60
651.80
634.20
621.80
607.40
599.80
587.40
584.60
578.60
575.40
571.80
568.20
566.20
562.20
559.80
559.80
563.00
564.60
573.80
591.00
605.40
613.40
631.40
640.60
654.20
664.20
683.80
693.80
707.80
719.00
732.60
738.20
767.40
778.20
789.40
818.20
830.20
851.80
859.80
867.80
870.60
871.40
872.60
873.40
876.20
878.20
881.80
881.80
879.80
873.00
862.20
847.80
836.60
827.80
816.60
810.60
793.40
782.20
765.80
750.60
731.80
713.00
699.80
675.00
662.60
642.60
625.40
615.80
611.00
600.20
593.80
584.60
580.20
570.20
565.80
560.60
557.40
554.20
553.40
555.00
557.00
565.80
571.00
589.00
604.60
619.40
627.00
641.40
649.80
666.60
675.00
686.20
697.00
717.00
738.60
750.60
761.00
775.00
787.80
790.20
798.60
803.00
808.20
815.80
820.20
828.60
838.60
841.00
846.60
848.60
849.80
849.80
849.40
844.20
839.80
825.40
815.40
799.80
788.60
773.00
756.60
745.80
728.60
715.00
688.60
676.20
654.20
643.00
628.20
623.40
613.00
603.80
599.80
591.40
583.00
575.40
574.60
570.60
569.80
569.80
571.00
572.20
576.20
578.20
585.00
587.80
605.00
622.60
640.60
662.20
691.00
747.00
793.80
826.20
873.00
912.20
944.60
959.40
984.20
998.60
1008.20
1023.40
1029.00
1029.00
1028.60
1023.00
1019.80
1007.00
993.00
986.20
971.80
964.20
949.80
941.40
936.60
925.00
917.80
898.20
886.20
863.80
848.60
821.00
811.80
789.00
778.20
749.40
737.40
722.20
698.60
684.60
658.20
651.80
622.20
617.40
601.40
594.60
593.80
594.60
596.60
603.80
611.40
629.40
637.00
652.60
675.00
682.60
698.60
714.60
724.20
741.40
753.40
773.80
813.40
821.40
847.40
925.00
947.80
986.20
1004.60
1031.80
1045.80
1089.40
1115.80
1121.40
1122.20
1114.60
1091.80
1069.40
1057.40
1041.40
1035.40
1017.80
1009.40
999.40
978.60
957.80
947.80
934.60
916.20
903.80
882.60
863.00
831.00
800.60
782.20
738.20
721.80
685.40
671.40
638.20
629.40
607.00
595.40
589.00
580.60
573.00
568.60
563.40
560.20
560.20
561.00
564.20
574.60
599.00
623.80
638.60
666.20
678.60
700.20
710.20
731.40
748.60
760.60
781.40
811.80
823.00
850.20
877.80
889.00
921.00
927.40
948.60
953.40
964.20
969.80
970.60
970.60
967.80
956.60
946.20
932.20
925.00
911.80
899.40
877.40
856.20
824.20
811.80
790.60
781.40
759.40
733.40
721.00
693.00
677.00
657.40
635.40
623.00
611.40
606.20
606.20
605.00
605.00
607.00
612.60
617.00
621.40
635.80
645.00
660.60
692.60
714.20
742.60
763.80
787.40
802.20
822.20
839.80
850.60
874.20
889.80
918.20
938.20
955.40
964.60
969.80
969.80
971.00
971.00
969.40
965.80
958.20
953.80
940.60
938.20
921.00
899.80
895.40
860.20
853.00
817.80
796.60
791.00
