773.40
772.20
769.80
767.80
767.80
766.60
765.80
764.60
763.80
762.60
761.80
761.00
761.00
761.00
761.00
761.00
761.00
761.40
761.40
761.40
761.40
761.40
761.40
762.20
762.20
762.20
761.40
761.40
760.60
760.60
760.60
760.60
762.60
762.60
763.40
763.40
763.40
763.40
764.60
766.20
767.00
767.80
767.80
769.00
769.00
769.00
769.00
769.00
769.00
768.60
768.60
768.60
768.60
768.60
768.60
769.40
769.40
770.60
771.80
771.80
772.20
773.00
775.80
777.40
781.00
783.00
786.20
792.60
799.40
805.00
808.60
809.80
809.00
807.00
804.60
804.60
803.80
803.80
803.80
803.80
804.20
804.20
805.00
805.00
805.00
805.00
805.00
804.60
803.00
802.60
801.40
801.40
801.40
800.20
797.80
791.00
791.00
779.40
770.60
763.40
760.20
754.60
752.20
751.00
749.80
749.00
749.00
749.00
749.00
749.00
750.60
753.80
755.80
757.80
759.00
761.00
761.80
761.80
762.60
763.40
765.00
765.00
766.20
767.80
769.40
771.40
772.20
772.60
772.60
772.60
774.60
777.40
779.40
779.40
779.40
779.40
779.40
779.40
779.40
781.40
781.40
785.40
788.60
791.00
794.20
795.40
796.20
796.20
796.20
796.20
796.20
796.20
796.20
796.20
796.20
795.80
794.60
793.00
793.00
792.60
791.80
791.00
791.00
791.00
790.60
790.60
790.60
790.60
789.80
788.60
787.80
784.60
782.20
778.60
777.40
773.80
772.60
770.20
770.20
769.40
769.40
769.80
769.80
769.80
769.40
767.40
766.60
766.60
766.60
767.00
767.80
768.60
769.40
770.20
770.20
770.60
770.60
770.60
770.60
770.60
771.40
771.40
771.80
771.80
771.80
774.20
775.80
778.20
778.20
778.20
776.20
771.80
771.00
771.00
771.00
771.00
771.00
769.40
767.40
766.20
765.00
765.00
765.00
765.00
765.00
765.00
765.00
765.00
765.00
765.00
765.00
765.00
765.00
764.60
764.60
764.60
764.60
764.60
764.20
764.20
764.20
763.40
762.20
762.20
762.20
762.20
762.20
761.00
761.00
761.00
761.00
759.80
758.20
756.60
755.80
755.80
755.40
755.40
755.40
754.60
754.60
753.80
753.80
753.00
753.00
753.00
753.00
753.00
753.00
753.00
753.00
753.00
753.00
755.40
756.20
756.60
756.60
756.60
757.80
763.40
768.20
771.40
771.40
769.80
767.40
766.60
766.60
767.00
771.80
779.40
783.40
783.40
783.40
782.60
779.00
778.20
777.40
777.40
777.40
777.40
777.40
777.40
777.40
777.40
777.40
777.40
777.40
777.40
777.40
777.40
777.40
777.40
777.40
777.00
772.20
765.80
759.00
755.40
753.00
751.80
751.80
755.00
756.20
763.00
763.80
765.40
766.20
767.00
767.80
769.80
771.40
773.40
775.00
776.60
777.80
778.60
779.80
780.60
780.60
780.60
781.80
786.60
791.00
791.00
790.20
787.80
783.80
781.40
781.40
781.40
781.40
781.40
781.40
782.20
782.20
782.20
782.20
782.20
783.00
783.00
783.00
783.00
779.80
778.20
776.60
776.60
776.60
776.60
776.60
776.60
776.60
775.40
774.60
769.40
763.00
754.20
749.80
744.20
739.40
738.60
737.40
737.40
737.40
738.20
738.20
738.20
738.20
738.20
739.00
739.80
742.60
744.60
747.80
749.40
750.20
753.00
753.80
756.60
758.20
758.60
760.20
760.60
763.00
767.40
769.80
777.80
788.20
791.40
796.20
797.80
797.80
797.80
799.00
799.80
801.00
801.00
801.80
801.80
801.80
801.40
800.20
798.20
797.40
797.40
797.40
797.40
797.40
797.40
796.60
795.80
795.00
794.60
793.80
793.40
792.20
791.40
790.20
789.80
789.80
789.80
784.60
781.40
773.00
769.40
761.00
753.80
751.40
748.60
748.60
749.40
754.20
758.60
759.40
762.60
764.60
765.40
766.20
767.00
767.80
767.80
769.00
769.80
770.60
770.60
770.60
770.60
770.60
770.60
770.60
770.60
773.80
775.80
776.60
777.80
777.40
776.20
776.20
776.20
776.20
776.20
776.20
775.00
774.20
769.80
766.60
765.40
764.60
764.60
764.60
766.20
767.00
767.80
769.40
769.40
771.00
771.80
773.00
773.80
774.60
775.40
776.20
776.20
777.00
777.40
777.40
777.40
777.40
777.40
776.20
774.20
772.20
771.00
769.80
768.60
768.60
767.40
767.40
767.40
767.40
767.40
767.40
767.40
767.40
767.40
767.40
767.40
767.40
767.40
767.40
767.40
767.80
768.20
768.20
768.20
768.20
768.20
768.20
768.20
768.20
769.00
772.60
773.80
773.80
773.00
769.40
769.40
769.40
769.40
769.40
771.80
771.80
771.80
771.80
771.00
771.00
771.00
771.00
771.00
770.20
770.20
770.20
770.20
770.20
770.20
770.20
770.20
770.20
770.20
770.20
770.20
770.20
770.20
770.20
770.20
770.20
770.20
771.80
773.00
775.00
777.40
778.20
780.60
782.60
785.00
787.00
789.40
790.20
791.40
791.40
791.40
791.40
791.40
791.00
791.00
791.00
791.00
791.00
790.20
789.40
789.40
788.60
787.80
787.80
787.80
787.00
787.00
786.60
786.60
786.60
786.60
786.60
786.60
786.60
786.60
786.60
786.60
787.80
789.40
789.40
789.40
789.40
789.40
789.00
789.00
790.60
790.60
793.00
793.00
793.00
793.00
793.00
793.00
793.00
793.00
793.00
793.00
793.00
793.80
794.20
794.20
794.20
794.20
794.20
793.80
793.80
793.40
792.60
792.60
792.20
792.20
792.20
792.20
790.20
787.40
776.60
773.00
764.60
756.20
751.80
744.60
740.60
735.00
732.60
731.40
731.40
731.40
731.80
732.60
732.60
734.60
734.60
736.60
737.40
737.40
737.40
738.20
738.20
739.00
739.00
739.80
739.80
745.40
749.80
757.00
757.00
757.00
756.20
755.00
755.00
757.00
759.40
760.60
762.60
763.80
764.60
764.60
764.20
762.20
762.20
760.20
759.40
758.60
757.00
756.20
755.40
755.40
755.40
755.40
755.40
755.40
755.40
755.80
759.80
765.00
771.80
773.80
779.80
782.60
786.20
787.00
789.00
790.20
791.40
791.40
792.20
792.20
792.20
792.20
792.20
792.20
791.80
791.00
790.20
789.00
788.20
786.60
786.60
785.00
784.20
782.60
781.00
779.80
779.00
777.40
777.00
775.80
775.80
775.00
775.00
775.00
775.00
775.00
778.20
780.60
782.60
782.60
781.00
778.60
776.20
775.00
775.00
774.20
774.20
772.60
771.80
769.40
767.40
766.60
765.80
765.00
764.20
764.20
764.20
764.60
765.40
766.20
767.40
767.40
768.20
769.00
769.00
769.00
769.00
768.60
766.60
762.20
759.00
755.00
753.00
751.80
751.80
751.80
752.60
755.00
757.40
758.20
760.60
761.40
763.40
766.60
768.60
768.60
769.40
770.20
770.20
771.40
773.00
773.80
775.00
775.80
777.00
777.00
777.40
777.40
777.40
778.20
778.20
778.20
778.60
779.40
783.40
786.60
792.20
794.20
794.20
793.40
790.60
788.20
787.00
785.80
785.80
785.80
783.80
782.60
781.80
781.00
781.00
781.40
781.40
781.80
781.80
782.60
782.60
782.60
782.60
782.60
782.60
782.60
782.60
782.20
781.80
781.00
780.20
779.00
777.40
776.20
773.00
771.00
768.60
766.60
766.60
766.60
766.60
766.60
766.60
767.00
767.80
768.60
768.60
769.40
771.00
771.80
773.40
774.20
775.00
775.00
775.00
775.00
775.00
775.00
775.00
775.00
775.00
775.00
775.00
775.00
775.00
779.00
781.80
782.60
784.60
784.60
784.60
784.60
784.60
784.60
784.60
784.60
784.60
784.60
784.20
783.00
781.80
781.80
781.80
781.80
782.20
783.00
783.40
784.20
784.60
785.40
785.40
785.40
785.40
785.00
783.80
783.00
780.60
777.40
776.20
774.20
773.00
771.80
771.00
771.00
769.80
769.80
769.80
769.80
769.80
769.80
770.20
771.00
771.80
772.60
773.40
773.40
774.20
774.20
775.40
776.20
776.20
777.00
777.00
777.00
777.00
777.00
777.00
777.00
777.00
777.00
777.00
777.00
777.00
777.00
777.80
778.60
775.80
772.60
763.80
752.60
748.20
741.80
736.60
733.40
727.40
723.00
721.00
719.80
719.80
719.80
719.80
720.20
721.00
722.60
723.40
725.80
727.40
728.20
728.60
729.00
731.40
733.40
735.40
737.40
737.80
739.40
741.40
741.80
741.80
741.80
742.60
742.60
744.20
747.40
751.00
753.00
755.40
756.20
760.60
763.00
767.00
770.20
772.60
775.40
777.80
777.80
779.40
780.60
781.40
782.60
782.60
783.00
783.00
783.00
783.00
783.80
784.60
784.60
784.60
785.40
785.40
786.20
786.20
787.80
791.40
799.80
805.80
809.40
815.80
817.80
817.80
817.40
816.20
812.60
810.20
806.20
803.00
800.60
797.80
794.60
793.80
793.00
792.20
791.80
791.80
791.00
791.00
790.20
789.40
788.20
787.40
784.60
783.00
781.80
781.40
781.40
781.40
776.60
771.80
769.80
763.00
757.40
752.20
747.00
742.60
739.00
737.00
735.80
734.60
734.60
735.40
737.40
738.20
740.20
741.00
741.80
743.40
745.00
745.40
747.40
748.20
749.80
750.60
751.80
753.00
753.80
755.00
756.20
759.40
769.00
779.00
789.80
796.60
797.40
801.00
801.00
801.80
803.00
805.40
808.20
808.20
805.40
804.20
791.80
786.20
784.20
781.00
780.20
779.40
778.60
778.60
778.20
778.20
778.20
778.20
778.20
778.20
778.20
779.40
781.80
781.80
783.00
783.80
783.80
783.80
783.80
783.80
783.80
783.80
783.80
783.80
783.40
783.40
783.40
783.40
783.80
783.80
785.00
785.00
785.80
785.80
785.80
785.80
785.80
785.40
784.60
783.80
783.40
781.80
781.40
779.80
779.80
779.00
778.60
778.60
778.60
778.60
777.80
777.80
777.80
777.80
777.80
778.60
779.80
779.00
772.60
767.00
757.40
750.20
745.80
743.80
742.60
740.60
740.60
740.60
740.60
741.00
741.00
741.80
742.20
742.20
743.00
744.20
747.40
749.40
749.40
750.20
750.60
751.80
752.60
757.80
758.60
763.00
767.00
768.20
771.00
772.20
775.40
777.40
778.60
780.60
781.80
781.80
782.60
782.60
782.60
782.60
782.60
782.60
782.60
782.60
782.60
781.80
781.00
781.00
780.20
780.20
778.60
777.80
777.40
775.80
775.00
772.20
771.40
769.40
769.00
769.00
769.00
769.00
771.80
775.40
779.00
782.20
783.00
787.40
793.80
800.20
806.20
806.20
804.20
800.20
797.00
795.00
793.80
793.80
793.00
792.20
792.20
791.40
791.00
789.40
787.80
786.20
783.80
783.40
783.40
783.40
783.40
783.40
782.60
781.00
781.00
777.40
773.80
772.60
771.80
770.60
769.40
765.40
762.20
756.60
750.60
748.20
745.00
745.00
745.00
747.80
749.80
751.80
754.20
755.40
755.40
757.00
758.20
759.00
759.80
761.40
762.20
763.80
765.40
766.60
769.00
770.60
780.20
781.40
785.40
785.80
785.80
785.80
785.80
785.80
785.80
785.40
785.40
784.60
783.80
783.00
781.40
780.60
779.80
779.80
779.80
783.40
789.40
794.20
794.20
793.40
789.00
785.80
782.60
774.60
773.80
773.80
773.80
773.80
773.80
772.60
772.60
772.60
773.00
773.40
773.40
773.40
774.20
774.20
774.20
774.20
774.20
774.20
774.20
775.00
775.00
775.00
775.00
775.00
775.00
774.20
772.20
772.20
771.00
771.00
771.00
771.00
771.80
773.00
775.00
775.80
777.00
777.80
778.60
779.40
779.40
779.40
779.40
779.40
779.40
779.40
779.40
779.40
779.40
779.40
779.40
779.40
779.40
779.40
779.40
779.40
779.40
779.40
779.40
779.40
779.40
779.40
779.40
779.40
779.00
779.00
779.00
779.00
779.00
779.00
779.80
781.00
781.00
781.00
781.00
781.00
782.60
785.00
786.60
789.00
789.00
789.00
789.00
789.00
789.00
789.00
789.00
789.00
789.00
788.60
788.60
787.80
787.80
787.80
787.80
787.80
787.80
787.80
787.80
787.80
787.80
787.80
787.80
787.80
787.80
787.00
786.60
785.80
785.00
785.00
785.00
783.80
783.40
780.20
776.20
771.40
768.20
767.00
765.80
765.80
767.00
767.80
770.20
773.80
774.60
777.80
778.60
781.00
782.60
784.20
784.60
786.60
786.60
787.40
787.40
788.20
788.20
788.20
788.20
788.60
788.60
787.00
786.20
785.40
785.80
790.60
794.60
799.00
800.20
799.40
797.40
794.60
793.80
793.00
791.80
791.80
791.80
790.60
789.40
788.20
788.20
788.20
788.20
788.20
785.40
784.60
783.00
781.40
780.60
779.80
779.80
779.80
779.80
779.80
779.80
779.80
779.80
779.80
779.80
779.80
777.80
777.40
776.60
774.20
771.00
769.00
767.00
764.60
762.20
758.60
752.20
748.60
747.40
746.20
746.20
746.20
746.20
746.60
746.60
747.80
748.60
749.40
750.20
751.80
753.40
755.40
755.80
757.80
758.60
759.40
761.00
761.40
763.40
764.60
768.60
770.20
773.40
773.40
773.40
771.80
770.60
769.80
769.80
771.40
773.80
776.20
777.00
777.00
777.00
776.60
774.20
773.40
773.40
773.40
773.40
776.20
777.00
777.00
777.00
777.00
777.00
777.00
776.60
775.80
775.00
774.20
774.20
774.20
774.20
774.20
774.20
772.60
771.40
769.40
767.00
766.20
766.20
766.20
766.20
766.20
766.20
766.20
766.20
766.20
763.80
761.80
760.60
759.80
759.80
760.20
762.20
763.00
766.20
767.00
767.00
767.00
767.00
768.20
768.20
768.20
768.60
769.80
772.20
775.40
776.20
778.20
780.60
786.20
788.20
789.00
786.60
782.60
779.40
777.40
774.60
774.60
774.60
774.60
775.00
775.00
775.00
775.00
774.60
774.60
774.60
774.60
775.00
775.00
775.00
775.80
775.80
775.40
774.60
773.80
773.80
773.00
773.00
773.00
773.00
773.00
773.00
773.00
773.00
773.00
773.00
772.60
771.00
767.80
762.60
756.20
750.20
746.20
746.20
747.00
751.80
755.40
757.40
761.00
762.20
765.00
765.80
767.40
768.20
769.00
769.00
769.80
770.20
771.00
773.80
776.60
777.80
779.00
782.20
784.60
786.60
786.60
786.60
785.40
784.60
783.80
783.00
783.00
783.00
781.80
780.60
780.60
779.80
779.80
779.00
779.00
777.80
775.80
775.80
775.80
775.80
776.20
777.40
777.40
777.40
778.20
778.20
778.20
778.20
778.60
778.60
778.60
779.40
779.40
779.40
779.40
779.40
779.40
779.40
779.40
779.00
779.00
778.20
778.20
778.20
778.20
778.20
778.20
778.20
778.20
775.40
772.60
769.80
767.40
764.60
764.60
764.60
764.60
765.40
765.40
765.40
766.20
766.20
767.00
767.40
768.20
768.20
769.00
769.00
769.00
769.00
769.00
769.00
771.00
771.00
770.20
767.00
763.80
762.60
760.60
759.80
759.80
759.80
759.80
759.80
759.80
758.60
757.80
757.80
757.80
757.80
756.60
756.60
756.60
756.60
757.40
757.40
757.40
757.40
757.80
757.80
758.20
759.00
759.00
759.00
759.80
759.80
760.20
760.60
760.60
761.40
761.80
762.60
763.40
763.40
763.40
763.40
763.40
761.40
758.20
755.00
752.60
752.60
752.60
753.80
756.20
758.20
760.60
762.60
763.80
765.80
767.80
769.40
770.20
771.80
773.40
774.60
775.80
776.20
776.20
776.20
777.00
777.00
777.40
782.20
785.00
787.00
789.00
790.20
790.20
790.20
790.20
791.00
792.60
793.40
794.60
796.60
796.60
796.60
796.60
796.60
796.60
796.20
795.40
793.40
791.00
789.00
785.80
785.80
785.80
785.80
785.80
785.80
785.80
785.80
785.80
785.80
785.80
785.00
784.20
783.80
783.80
783.80
783.80
783.00
782.20
781.00
780.20
780.20
780.20
780.20
780.20
780.60
781.80
782.60
782.60
782.60
782.60
782.60
781.00
779.00
779.00
777.80
777.80
777.80
777.80
779.40
779.40
779.40
779.40
779.40
779.40
779.40
779.40
779.40
779.40
779.40
779.40
779.40
779.00
777.80
775.00
771.00
769.80
769.80
769.00
769.00
769.00
769.80
769.80
769.00
769.00
769.00
769.00
769.00
769.00
769.00
769.40
769.40
769.80
770.60
771.40
773.00
773.80
774.20
774.20
774.20
774.20
774.20
774.20
773.80
773.80
773.80
773.80
772.60
771.40
771.40
769.40
767.80
767.00
765.80
764.60
764.60
764.60
763.80
763.80
763.80
763.80
764.20
765.00
766.20
766.20
767.00
767.00
767.40
768.20
768.20
768.20
768.60
769.40
769.80
770.60
770.60
770.60
770.60
771.40
772.20
773.80
775.00
775.00
775.00
775.00
774.20
773.00
773.00
771.80
769.40
766.60
764.20
763.00
761.00
759.80
759.40
759.40
759.40
758.20
758.20
758.20
758.20
758.20
758.60
758.60
758.60
758.60
758.60
759.40
759.40
759.40
760.20
761.80
763.80
767.00
767.00
770.60
774.20
777.80
779.80
784.20
788.20
789.40
789.40
790.20
791.40
792.20
793.40
793.40
793.40
793.40
793.40
793.40
793.40
792.60
792.60
792.20
792.20
791.40
791.40
791.40
791.40
791.00
790.20
789.80
789.80
789.80
789.80
789.80
789.80
789.80
789.80
787.40
787.40
786.60
786.60
786.60
786.60
785.40
783.00
783.00
781.00
780.20
779.40
779.40
778.60
778.60
777.80
777.40
776.60
775.80
775.40
775.40
775.40
775.40
775.40
775.40
775.40
775.00
773.80
773.00
770.60
768.60
766.20
763.80
761.40
761.40
761.40
761.40
761.40
761.80
763.00
763.00
763.00
763.00
763.00
763.80
764.60
764.60
765.40
766.20
766.20
766.60
768.60
769.40
770.20
770.20
770.60
770.60
770.60
770.60
771.40
773.80
773.80
775.00
775.00
774.20
771.00
767.80
765.40
763.40
763.40
763.40
763.40
763.40
763.40
763.40
763.40
763.40
763.40
763.40
763.40
763.40
763.40
763.80
763.80
763.80
764.20
765.00
765.00
765.00
765.00
765.00
765.00
765.00
763.80
763.00
759.00
753.40
747.80
737.00
734.60
733.00
733.00
733.80
735.80
736.60
737.80
738.60
739.80
740.20
741.40
743.00
743.80
745.80
747.40
748.20
749.40
751.40
752.60
753.80
756.20
757.00
757.40
758.60
759.80
761.00
762.60
763.40
764.60
767.40
769.80
778.20
785.80
787.80
788.60
789.80
789.40
788.20
787.00
785.00
785.00
783.80
780.60
779.40
776.20
775.00
774.20
773.40
772.60
772.60
771.80
770.60
770.60
769.80
769.80
769.80
769.80
769.80
769.80
769.80
769.80
769.80
769.80
769.80
769.80
767.80
766.60
765.40
764.60
763.40
762.60
761.40
760.20
759.00
759.00
759.00
759.40
761.00
762.60
763.40
764.60
764.60
765.40
765.80
766.60
767.40
768.20
770.20
771.00
771.00
771.00
771.00
771.40
771.40
771.40
771.40
772.20
775.00
776.20
776.20
774.20
773.40
769.40
766.60
765.80
764.60
763.40
763.40
762.60
762.60
761.40
760.60
760.60
759.80
759.80
759.80
759.80
759.80
759.80
759.80
759.80
759.80
760.60
761.80
761.80
762.60
762.60
762.60
762.60
762.60
762.20
759.80
758.60
756.60
756.60
756.60
759.40
762.60
765.00
765.80
767.00
768.20
769.00
769.00
769.00
769.00
769.00
770.20
770.20
770.20
770.20
770.20
770.20
770.20
770.20
770.20
769.80
768.60
768.60
767.00
766.60
766.60
766.60
766.60
766.60
766.60
766.60
768.60
769.00
771.80
773.80
775.00
775.00
773.00
768.60
764.20
761.00
757.00
752.60
750.60
746.60
744.60
743.80
743.00
743.00
743.00
743.00
743.00
743.00
743.00
743.00
743.00
743.00
743.40
743.40
743.80
743.80
743.80
745.00
748.20
752.20
757.00
760.60
760.60
762.20
762.60
762.60
762.60
762.60
764.20
765.40
769.40
771.40
772.60
775.00
776.20
777.40
779.80
781.00
782.20
783.00
784.20
785.00
785.00
785.00
785.00
785.80
785.80
787.00
789.40
790.20
791.00
791.00
791.80
791.80
791.80
791.80
791.80
791.80
792.60
794.20
798.60
800.60
801.40
802.60
802.60
803.80
803.80
803.80
799.80
797.40
793.00
789.00
788.20
785.40
784.20
782.60
780.60
779.00
777.40
776.20
774.60
774.60
773.80
773.00
772.20
772.20
771.40
769.80
769.40
766.60
765.80
765.00
765.00
765.00
765.00
765.00
765.00
765.00
765.00
765.00
765.00
765.00
763.80
761.80
760.60
758.20
755.80
754.60
753.40
753.40
753.80
755.00
756.60
758.60
760.20
760.20
761.00
761.80
761.80
761.80
761.80
761.80
761.80
761.80
761.80
762.20
762.20
765.00
766.20
767.00
767.80
767.80
769.40
769.80
771.00
773.00
778.60
783.00
787.80
790.20
790.20
790.20
790.20
790.20
790.20
789.40
788.60
788.60
787.40
787.40
787.40
787.40
786.60
786.60
786.60
786.60
786.60
786.60
786.60
786.60
785.80
785.80
785.80
785.00
785.00
785.00
784.60
783.00
780.60
778.60
775.40
774.60
774.60
773.80
773.80
773.80
773.00
771.80
771.00
767.80
766.60
762.20
760.20
756.60
