515.80
527.80
577.40
599.00
609.40
628.20
636.60
647.80
661.80
670.60
675.80
687.40
693.00
695.00
698.60
701.00
701.80
703.40
704.20
704.20
704.20
704.20
702.60
688.60
673.80
655.00
640.20
632.20
609.80
583.40
571.40
537.40
501.00
489.00
467.80
458.20
443.80
438.20
430.20
420.60
416.20
409.80
405.80
399.40
393.00
387.00
379.80
373.80
372.20
369.00
366.20
365.00
363.80
361.00
359.40
356.60
356.20
352.60
351.80
351.80
351.80
352.20
356.60
358.60
368.60
374.60
383.00
406.20
430.60
456.20
488.20
540.60
569.80
596.20
617.80
623.40
642.20
658.20
667.40
673.80
681.40
683.40
691.80
695.80
700.20
701.40
705.80
707.00
712.60
715.40
717.40
717.40
717.40
716.20
714.20
704.60
704.60
690.20
676.20
659.40
651.00
624.60
600.60
587.40
548.20
528.20
516.20
491.40
479.40
458.20
441.80
426.60
417.00
402.20
391.40
377.40
368.20
365.80
356.60
351.40
345.80
344.60
341.00
338.20
336.20
333.40
329.80
329.00
328.60
328.60
330.20
339.80
360.20
373.40
394.60
403.80
425.40
430.60
447.80
469.40
478.60
512.20
539.00
554.20
582.20
594.20
610.20
627.80
631.80
642.60
649.80
651.80
658.60
661.00
667.80
671.40
675.00
677.80
679.80
680.20
684.60
687.80
689.80
691.00
692.20
693.40
693.40
693.40
693.40
689.40
685.00
666.20
651.00
617.40
605.40
565.80
551.00
523.00
494.20
466.20
451.80
423.80
418.60
397.00
389.00
377.80
370.60
367.40
362.60
356.20
355.00
349.80
345.40
343.00
341.00
337.40
335.80
335.00
335.00
335.00
333.40
332.60
331.40
331.00
331.00
333.80
341.40
357.80
368.20
389.40
397.80
431.80
443.80
478.60
511.00
530.20
560.20
601.80
631.00
640.60
651.40
657.40
662.60
666.20
667.40
669.40
670.20
672.60
674.60
674.60
674.60
674.60
674.60
672.60
671.00
671.00
671.00
671.00
669.80
667.80
665.80
660.60
646.20
623.80
596.20
577.80
540.20
495.00
483.00
441.00
422.60
410.20
401.80
394.20
390.60
389.40
388.20
387.80
386.60
384.60
382.20
378.60
377.40
374.60
373.40
371.40
371.00
370.60
370.60
370.60
370.60
369.80
368.60
366.20
365.00
365.00
365.00
365.00
365.00
372.20
382.60
403.00
429.40
449.40
463.00
483.00
505.80
520.60
547.00
581.80
605.00
632.60
647.40
659.40
686.20
694.60
701.80
705.40
705.80
705.80
705.80
705.00
702.60
700.60
700.20
700.20
700.20
699.40
699.40
699.40
697.80
693.80
688.60
673.80
643.40
609.40
570.60
539.40
503.00
462.20
447.80
415.80
401.40
360.60
356.60
346.60
343.00
340.60
337.40
332.60
327.40
323.00
319.40
315.00
313.00
311.00
308.20
307.80
307.80
307.40
309.40
320.20
343.00
375.00
406.20
423.00
461.00
488.20
515.80
525.00
547.40
559.40
589.40
612.20
621.40
635.00
652.60
658.60
664.20
677.00
687.00
693.40
707.00
717.00
720.60
721.40
721.40
721.40
721.40
721.40
721.40
719.00
715.00
698.20
675.00
641.40
616.60
587.80
557.40
544.20
515.00
501.80
476.60
452.60
436.60
416.60
412.60
396.20
386.20
377.00
365.40
355.80
344.60
337.00
329.00
317.40
314.60
305.80
304.20
303.00
301.40
301.40
301.40
304.60
307.00
320.20
344.20
353.80
385.00
407.40
433.80
478.60
491.80
521.00
549.00
559.40
577.00
601.00
611.40
627.80
638.60
652.20
660.20
669.80
677.80
685.40
687.40
694.60
699.00
703.00
705.00
706.20
706.60
707.80
708.60
710.20
711.40
711.80
711.80
711.80
697.40
686.60
655.00
641.40
606.60
575.80
559.00
521.80
511.40
469.80
437.00
413.80
403.00
385.40
379.80
371.00
365.80
362.60
355.40
354.20
345.80
339.40
332.20
329.00
317.40
313.40
309.00
308.60
308.60
308.60
313.40
321.80
334.20
345.00
369.00
381.00
397.00
415.40
441.80
474.60
489.00
518.20
525.00
550.60
571.00
581.80
591.80
597.00
606.20
617.40
627.80
633.80
641.40
642.60
647.80
650.20
653.80
658.20
659.40
664.60
666.20
670.60
674.20
675.00
675.00
675.00
675.00
674.60
668.20
657.00
628.60
615.00
575.80
541.80
512.20
485.80
473.80
451.40
440.60
424.60
412.60
391.40
376.60
363.00
355.80
345.00
343.00
331.80
326.20
325.00
321.80
320.60
319.80
319.40
318.60
318.60
318.60
318.60
318.60
320.20
340.60
363.00
376.20
406.60
436.60
449.80
480.20
489.80
518.60
549.80
561.80
595.00
616.60
635.40
648.60
656.20
663.40
670.20
673.40
681.80
683.80
686.20
687.80
690.20
693.00
696.20
699.00
699.80
703.40
706.20
707.80
708.60
709.00
709.00
709.00
707.00
693.80
684.20
664.20
638.60
624.20
599.80
587.80
562.60
541.00
517.00
502.20
481.00
461.00
450.60
430.60
423.80
414.20
411.00
405.00
404.60
397.80
391.40
385.00
380.20
371.80
364.20
360.20
357.40
354.60
351.00
348.60
347.80
347.80
347.80
347.40
347.40
347.40
347.40
348.60
352.20
356.60
370.60
383.80
403.80
413.00
433.00
442.60
459.80
482.60
494.60
531.80
545.00
572.60
600.60
613.80
635.00
643.00
651.00
654.60
657.00
657.80
659.00
660.20
661.40
662.20
664.20
667.00
671.00
672.20
675.00
675.40
676.20
676.20
676.20
676.20
676.20
675.80
674.60
667.00
663.40
650.20
631.80
619.40
586.60
568.20
527.00
509.40
477.40
457.40
439.00
427.00
410.60
390.60
377.00
372.60
356.20
341.40
333.40
328.20
321.00
317.00
313.40
311.40
310.60
310.60
319.80
331.00
380.60
408.60
421.80
451.00
459.00
483.00
507.80
539.00
551.00
573.80
584.60
604.60
623.00
635.40
650.60
653.40
665.40
672.60
682.60
691.00
698.20
701.80
702.20
702.60
703.40
703.40
703.40
702.60
699.00
685.00
667.00
641.00
631.40
603.80
586.20
563.40
556.60
537.40
530.60
509.40
490.60
479.80
470.60
451.80
442.20
430.60
419.80
412.60
404.60
399.80
392.20
386.60
379.40
377.00
370.60
368.60
363.00
359.40
357.40
354.60
351.00
350.60
347.00
346.60
345.40
345.40
345.40
345.40
346.20
360.60
370.20
389.00
411.80
423.80
446.60
476.20
505.40
538.60
562.60
575.80
594.60
618.20
639.80
658.60
661.80
673.00
680.20
684.60
693.00
695.00
700.60
703.40
707.40
711.40
712.60
715.80
719.00
720.20
721.00
721.00
713.40
707.40
688.60
668.20
649.00
627.40
614.20
589.00
563.40
552.60
523.40
501.80
491.00
472.20
462.60
450.20
433.80
421.40
414.20
407.40
397.00
390.20
381.40
373.80
369.80
365.40
363.80
363.00
363.00
363.00
363.00
363.00
362.20
362.20
362.20
362.20
363.80
373.40
383.40
406.20
434.20
456.60
471.40
489.00
504.20
527.00
563.00
590.60
606.60
628.20
636.60
649.00
651.80
657.40
661.00
661.40
662.60
665.00
667.40
669.00
671.40
672.60
673.80
673.80
673.80
673.80
673.00
671.80
668.20
665.80
661.40
653.40
646.20
623.40
597.40
572.20
545.40
517.80
504.60
491.00
467.40
446.20
433.80
421.40
414.20
411.00
403.00
394.20
392.20
385.00
381.80
377.40
373.00
371.00
368.20
367.80
367.80
367.80
367.80
367.80
367.80
367.80
367.80
367.80
372.20
381.00
385.40
403.00
424.20
436.20
461.40
479.40
520.20
569.00
604.60
621.00
635.40
662.20
683.40
690.20
701.40
703.40
708.60
711.00
713.00
715.80
716.20
718.60
719.40
719.40
719.40
716.60
706.60
690.60
678.60
655.80
630.20
610.20
598.20
576.60
557.80
548.60
521.00
509.00
487.80
474.20
454.20
446.20
436.20
423.40
421.00
409.40
404.20
397.00
389.00
385.80
377.00
370.60
363.40
360.20
357.00
355.00
353.80
353.40
353.00
352.20
350.60
349.80
349.40
349.00
349.00
349.00
350.20
356.60
372.60
399.80
410.60
433.80
461.00
472.20
489.00
509.40
517.80
544.20
568.20
593.80
616.20
625.80
640.60
645.80
653.40
656.20
662.60
667.00
673.00
677.40
679.80
681.00
682.60
684.20
685.80
688.20
690.60
691.40
693.40
696.60
696.60
696.60
696.60
694.60
692.20
682.60
651.80
622.60
598.60
574.60
562.60
530.20
519.40
497.80
482.60
470.60
454.20
432.60
428.60
414.60
403.40
396.20
385.80
376.60
367.00
361.80
357.00
353.40
349.00
348.20
347.40
347.00
345.80
345.80
345.80
345.80
345.80
350.20
366.20
381.80
392.60
425.00
450.20
462.20
481.00
494.20
523.80
549.40
588.60
609.00
624.60
641.00
652.20
659.40
661.40
665.00
666.20
669.80
671.80
675.40
678.60
681.80
684.60
687.40
691.40
693.40
695.40
695.40
695.40
695.40
689.00
676.20
667.80
643.40
622.60
599.80
582.20
554.20
530.20
505.00
481.00
469.00
446.20
426.20
415.80
409.40
400.60
397.80
393.40
389.00
382.60
379.40
372.20
369.00
364.60
363.00
360.20
359.00
357.80
357.00
356.60
357.00
363.40
375.80
394.60
416.20
428.60
453.80
467.00
492.20
512.60
529.40
571.80
591.00
662.60
671.00
724.60
749.40
756.20
769.00
773.40
779.80
784.20
787.40
789.00
791.00
791.40
791.40
791.40
790.60
787.40
774.20
750.20
742.20
709.00
683.80
671.80
649.40
618.60
608.20
575.80
562.60
536.20
511.00
491.00
483.00
471.00
465.40
459.80
451.40
437.80
435.00
420.60
411.40
408.60
400.20
395.40
389.00
384.60
381.00
380.60
376.20
375.00
371.40
371.00
368.20
367.80
367.80
367.80
367.80
367.00
367.00
367.00
367.00
371.00
381.80
404.60
432.60
466.20
485.40
523.40
549.40
572.20
592.60
600.60
618.20
634.20
642.20
653.00
660.20
661.80
664.20
666.20
667.40
669.40
671.40
677.80
679.80
679.80
679.80
679.80
676.20
672.20
653.80
646.60
629.00
609.80
603.00
587.80
577.00
556.60
532.60
528.20
504.20
493.40
478.60
457.40
453.40
441.00
422.60
414.60
411.40
400.20
389.80
381.40
379.40
373.00
372.20
368.20
365.40
362.20
359.40
357.00
354.60
352.20
347.80
346.20
344.20
343.80
343.80
343.80
345.00
350.20
358.20
367.00
381.00
391.80
409.40
451.80
481.40
527.80
571.40
594.20
611.80
627.00
631.80
637.00
638.20
641.00
644.20
645.80
649.80
652.20
659.40
665.40
671.80
676.20
678.20
678.20
678.20
678.20
678.60
681.40
685.80
687.00
696.60
705.80
708.20
708.60
707.80
705.40
694.20
684.60
659.80
628.20
615.00
586.60
565.40
552.20
529.40
511.80
493.00
465.00
444.60
436.60
422.60
413.80
411.00
405.40
399.80
395.80
389.80
385.40
384.20
384.20
384.20
389.40
390.20
393.80
394.60
394.60
394.60
394.20
391.00
386.60
382.20
379.00
373.80
370.60
364.20
357.80
352.60
349.80
349.00
349.00
355.00
369.00
393.80
410.20
433.00
454.60
465.40
477.80
513.00
525.00
555.40
578.60
611.40
617.00
645.00
650.20
652.20
655.80
657.00
659.80
661.40
662.60
663.40
663.40
663.80
665.00
665.80
667.40
669.40
669.80
669.80
669.80
669.80
664.60
657.40
641.00
619.80
590.60
571.40
552.20
523.40
503.40
479.40
463.00
456.20
443.80
438.20
429.80
421.00
415.80
412.60
408.60
405.40
402.20
395.00
391.80
386.60
384.20
379.80
375.80
372.60
371.40
371.40
371.40
371.40
371.40
371.40
371.40
371.40
371.40
370.60
370.20
368.60
367.80
366.20
365.40
365.40
365.40
365.40
368.20
373.40
375.80
382.60
393.00
411.80
432.20
471.80
494.60
527.80
550.20
563.40
575.80
581.00
591.00
595.80
599.80
607.00
613.00
618.20
627.80
634.20
638.20
645.40
651.00
658.20
666.20
668.60
672.60
675.80
676.60
676.60
676.60
676.60
676.60
678.20
680.20
683.00
683.00
683.00
683.00
681.00
677.80
665.00
648.60
619.40
594.20
579.40
527.40
520.60
482.60
467.80
444.20
418.60
414.60
396.60
392.20
387.00
380.60
375.40
370.20
360.20
353.00
349.00
343.80
341.80
341.00
341.00
341.00
341.00
340.20
339.00
337.80
337.40
338.60
350.20
358.60
379.00
388.60
413.00
418.60
429.80
437.80
445.00
463.80
474.60
501.00
540.60
553.80
577.80
595.40
598.20
611.00
619.40
630.60
636.20
643.40
650.60
657.00
661.40
666.60
667.80
673.40
681.40
684.60
691.00
693.00
693.00
693.00
693.00
691.00
689.40
687.40
680.20
666.20
649.80
636.20
603.00
591.00
559.40
500.20
467.80
453.00
431.80
418.20
409.80
392.60
381.00
370.20
353.80
341.40
338.20
329.40
321.80
315.40
308.20
305.80
297.80
292.20
287.00
280.20
278.20
278.20
278.60
283.80
287.40
301.00
307.80
323.40
337.80
346.20
367.40
392.60
419.40
448.60
472.60
495.00
499.40
517.80
527.40
549.00
553.40
572.20
604.60
610.20
638.60
643.00
656.60
663.40
667.80
675.80
681.80
687.80
695.40
698.20
702.60
703.40
705.00
705.80
705.80
705.40
692.60
685.40
662.60
637.40
624.20
603.00
589.80
575.00
552.20
543.00
511.00
489.80
460.60
432.60
412.60
402.20
395.00
385.00
377.80
366.60
355.80
340.60
328.20
317.00
314.20
304.60
297.00
293.00
290.20
289.80
286.20
281.80
276.20
273.00
271.80
271.80
283.80
300.20
329.40
340.60
357.00
373.40
379.40
407.40
418.20
445.80
472.20
511.40
539.40
551.40
569.80
578.60
584.60
591.40
603.80
608.20
622.60
632.20
648.60
652.60
667.80
673.40
679.00
683.00
685.80
686.20
686.20
686.20
686.20
686.20
686.20
686.20
686.20
686.20
685.40
679.00
662.60
642.20
608.60
575.80
537.40
499.00
484.20
453.80
424.20
409.00
382.20
359.40
343.00
340.20
333.40
330.20
326.60
323.00
319.80
316.20
313.80
305.80
298.20
298.20
298.20
301.40
311.00
319.40
330.20
337.00
353.80
359.40
370.60
380.20
391.00
409.40
429.40
452.20
463.00
480.20
487.00
495.40
503.40
515.80
542.60
570.20
595.40
606.20
628.60
643.80
649.00
654.60
659.80
662.20
665.40
666.20
667.80
669.80
672.20
679.80
683.00
691.80
698.20
699.40
701.80
701.80
701.80
699.80
692.60
680.20
670.60
651.00
629.40
611.00
596.20
565.80
557.80
516.20
487.40
453.40
416.20
385.40
359.00
352.20
338.60
333.00
325.00
315.40
307.80
304.20
296.60
295.40
291.80
290.20
288.20
287.80
285.00
285.00
284.60
284.60
296.60
304.60
331.80
359.00
381.80
391.40
407.80
425.00
449.00
459.80
497.00
524.60
547.00
564.60
572.60
582.20
591.80
594.60
606.60
625.40
639.00
643.00
651.40
655.80
657.40
659.40
660.20
661.40
662.60
665.40
666.60
667.00
668.20
668.20
669.40
670.60
672.20
673.40
675.40
678.20
679.80
680.60
680.60
680.60
679.80
673.80
658.60
637.00
603.40
554.60
545.00
505.00
473.80
443.40
419.40
397.80
377.00
359.40
343.00
336.20
331.80
327.40
320.20
315.00
307.40
303.00
301.40
300.20
299.80
299.80
299.80
307.40
317.40
323.00
337.00
345.00
363.80
370.20
393.00
415.80
450.20
473.80
485.80
508.60
528.60
541.00
555.80
565.40
571.40
581.40
599.40
630.20
647.80
659.80
676.20
681.40
683.40
684.60
685.00
685.00
685.00
685.00
685.40
686.60
689.40
692.60
697.80
699.00
700.20
701.00
701.00
697.40
685.00
670.20
641.00
621.00
596.60
587.40
561.80
552.60
532.60
511.00
507.00
483.00
469.80
449.80
421.80
407.00
402.60
383.80
371.80
369.00
356.60
345.00
337.00
333.00
328.60
328.60
328.60
328.60
328.60
328.60
328.60
328.60
328.60
330.60
342.60
347.00
361.00
384.20
396.60
401.80
420.60
451.40
473.80
534.60
567.40
593.80
631.80
644.20
650.20
657.40
663.40
667.80
670.20
673.40
676.20
679.40
681.80
686.20
689.80
690.20
691.00
691.00
690.20
681.80
672.60
659.00
652.20
635.00
617.40
596.20
581.40
572.20
549.40
513.00
499.80
471.80
459.80
446.60
427.80
418.20
413.80
405.80
396.20
389.00
379.00
373.40
371.40
363.00
359.80
355.00
353.80
353.80
352.20
351.40
347.80
344.60
343.00
341.00
341.00
341.00
341.80
344.60
353.00
361.40
384.20
401.40
416.20
431.00
453.40
467.80
503.80
535.80
583.40
611.40
627.80
652.20
660.20
668.60
677.00
682.20
689.40
696.20
698.20
703.40
705.80
709.00
710.20
710.20
710.20
711.00
711.00
711.00
711.00
706.60
703.00
685.40
663.80
650.60
622.20
575.80
547.80
529.00
506.60
484.60
469.80
463.00
447.00
436.60
420.60
403.40
395.00
385.40
379.40
368.20
363.00
355.80
349.40
348.20
344.60
343.40
342.20
342.20
342.20
341.80
341.00
340.60
340.60
340.60
342.20
352.60
367.40
380.60
401.80
428.20
453.40
477.40
503.80
520.20
551.00
588.60
609.00
641.00
649.00
663.00
674.20
681.40
683.40
687.80
689.00
693.40
696.60
698.60
699.80
701.00
701.00
701.00
701.00
701.00
701.00
701.00
696.20
690.60
675.80
655.40
640.60
608.60
575.00
540.20
517.80
499.80
481.00
471.80
453.00
443.40
429.80
410.20
399.40
385.80
375.00
365.00
359.80
355.40
347.80
345.80
343.00
339.40
337.00
334.20
330.60
325.80
324.60
324.60
324.60
325.40
334.20
341.00
362.20
389.00
402.20
423.80
449.00
466.60
481.80
505.80
545.00
559.40
590.20
616.60
632.60
646.20
654.20
659.80
665.80
668.60
674.60
679.80
684.20
689.80
693.40
695.40
696.60
697.00
697.00
697.00
697.00
697.00
697.00
692.60
687.00
674.20
647.80
620.60
563.00
532.20
507.00
469.80
449.80
432.20
425.00
411.40
405.80
388.20
385.80
374.20
363.80
359.40
353.40
349.00
345.40
343.80
341.00
339.80
339.40
337.40
336.60
336.20
335.40
335.00
333.80
333.80
333.00
333.00
334.20
336.60
346.20
361.80
372.60
379.80
410.20
431.80
439.80
449.40
488.60
501.80
529.40
564.60
579.00
601.80
611.40
621.00
627.40
633.40
641.80
647.40
657.40
666.20
673.80
677.80
680.60
681.80
685.00
686.20
687.00
687.00
681.80
671.00
660.20
642.60
619.80
590.60
566.60
554.60
535.80
506.60
477.40
458.60
434.60
426.60
415.80
410.20
403.00
397.80
387.40
374.60
364.60
358.60
351.00
347.40
343.00
340.60
336.60
334.20
333.40
333.40
333.40
333.40
333.40
333.40
334.20
337.00
352.20
378.60
397.00
426.60
441.40
478.20
520.60
540.60
561.80
579.40
587.40
610.60
617.00
630.60
639.00
643.40
651.80
656.20
657.40
659.00
659.80
661.00
661.00
662.20
663.80
666.60
669.00
669.40
672.20
673.80
673.80
673.80
673.80
671.00
664.60
655.00
639.80
634.20
607.80
591.40
563.00
549.40
530.60
514.20
496.60
479.00
464.60
457.80
449.40
442.60
429.00
413.40
405.00
390.60
382.60
381.40
373.00
371.00
369.40
366.20
362.60
361.40
357.80
355.80
355.40
355.40
355.40
355.40
355.40
355.40
359.00
359.40
367.80
383.00
392.60
411.00
432.60
455.40
482.20
494.60
512.60
535.40
549.00
571.40
582.60
593.00
597.00
602.20
606.60
607.00
612.20
616.20
625.40
630.60
637.00
640.20
643.00
643.40
644.20
644.60
644.60
647.00
655.40
661.40
673.00
682.20
683.40
685.40
686.20
686.20
686.20
686.20
679.80
675.40
650.60
629.40
618.60
585.80
572.60
534.60
493.80
480.20
455.00
436.20
409.80
405.40
392.20
376.20
366.60
356.60
348.20
343.00
330.60
325.40
318.20
313.40
305.80
301.00
299.00
296.60
295.80
295.80
295.80
298.20
314.20
329.40
339.00
355.00
377.80
402.20
436.20
471.80
511.80
522.60
543.00
558.20
565.00
576.60
583.40
589.80
595.40
604.60
616.60
626.20
634.60
636.60
643.00
649.40
652.20
654.20
657.80
661.00
664.20
673.80
679.40
685.40
687.80
689.80
690.20
690.20
690.20
690.20
681.40
667.80
663.80
645.00
626.20
600.20
588.20
560.20
517.40
493.40
465.00
442.20
427.40
423.00
410.60
401.80
393.40
390.20
383.00
375.80
370.60
366.60
360.20
357.40
348.20
343.00
339.40
338.20
338.20
340.20
342.60
347.80
353.40
354.60
362.20
367.40
376.60
387.80
412.20
443.40
473.00
494.60
505.00
523.80
539.80
546.60
561.40
573.80
595.00
609.80
622.20
630.60
632.60
638.60
643.80
649.80
653.00
659.00
663.00
671.40
675.40
683.40
687.80
693.00
696.20
698.60
699.40
699.40
698.60
695.80
688.20
681.00
668.60
663.00
652.20
649.00
638.20
633.80
619.00
604.20
594.60
571.80
563.80
539.40
528.60
501.80
