981.00
981.00
981.00
981.00
981.00
981.00
981.00
981.00
981.00
981.00
981.00
981.00
981.00
981.00
981.00
981.00
981.00
981.00
981.00
981.00
981.00
981.00
981.00
981.00
981.00
980.20
979.00
976.60
972.60
960.20
951.00
921.00
889.80
851.40
840.60
811.80
801.00
779.80
758.60
747.80
725.40
701.40
689.40
669.40
665.40
649.00
640.60
634.60
633.40
631.80
629.00
627.80
622.60
619.80
619.40
619.00
619.00
618.20
617.00
614.60
605.00
599.00
591.80
589.00
586.20
585.80
585.00
583.80
583.00
581.00
576.60
573.00
571.80
571.40
571.40
571.40
571.40
571.40
571.40
571.40
575.40
579.80
590.60
617.80
629.80
658.60
691.40
718.60
755.80
775.00
803.80
824.20
853.00
877.80
895.80
921.80
943.80
959.80
972.20
986.60
1007.80
1013.40
1033.40
1044.20
1048.60
1049.40
1049.40
1049.40
1049.40
1049.40
1049.40
1047.40
1045.80
1036.20
1031.80
1017.00
998.20
986.20
966.20
943.80
934.20
915.40
895.40
883.40
860.60
848.60
822.20
809.00
787.40
754.60
731.80
715.00
709.80
688.20
673.40
658.60
642.60
638.60
626.60
609.00
589.40
578.20
561.00
546.20
541.80
527.40
519.00
513.40
498.60
491.00
485.80
485.00
485.00
485.40
486.60
487.80
491.00
496.20
502.20
506.20
516.20
523.40
543.40
547.40
572.60
594.20
602.20
642.20
668.60
695.00
707.40
727.80
741.00
755.80
774.20
791.80
813.80
832.60
866.20
874.20
895.40
911.40
919.80
923.80
927.40
927.40
927.40
927.40
927.00
927.00
927.40
933.00
946.60
965.40
970.60
988.20
996.20
1001.40
1001.40
1001.40
1001.40
1001.40
1001.40
1001.40
1001.40
998.20
980.60
967.40
939.00
925.80
879.40
832.60
792.60
772.20
742.20
715.00
693.80
683.00
660.60
648.60
616.60
604.60
591.00
572.20
563.00
545.00
541.80
535.40
526.60
524.20
519.00
518.20
517.40
517.00
516.20
513.80
511.80
509.00
509.00
509.00
509.00
511.80
513.80
525.40
547.00
572.20
614.60
645.80
676.20
701.40
713.40
725.40
745.40
764.20
767.40
786.20
808.60
828.60
841.80
860.60
877.80
890.20
895.40
903.80
908.20
916.20
928.60
947.40
962.20
968.60
981.00
986.60
995.00
996.20
998.20
998.20
998.20
997.00
994.60
991.40
990.60
990.20
989.00
985.40
981.80
964.20
955.00
928.60
899.40
858.60
839.40
826.20
788.60
773.80
728.20
685.80
633.40
608.20
569.00
554.60
534.60
511.80
499.40
495.40
485.80
481.40
473.40
469.00
467.00
467.00
467.00
467.00
467.00
467.00
467.00
467.00
467.40
473.40
487.00
495.00
519.00
535.40
570.60
594.60
649.80
669.40
732.60
755.00
795.00
816.60
853.00
884.20
909.40
917.40
933.40
945.80
949.80
952.20
953.80
955.00
955.80
956.20
956.20
958.60
968.20
978.60
988.20
1004.20
1016.20
1021.80
1021.80
1021.80
1016.60
1013.80
1004.60
1001.40
994.60
982.20
975.40
959.40
944.60
920.60
907.40
887.40
873.00
854.20
847.80
819.80
799.80
794.60
773.00
766.20
747.40
727.40
720.60
697.80
676.60
671.00
665.80
643.00
629.40
626.20
618.20
609.00
600.60
594.60
589.40
585.80
584.60
583.40
582.60
582.60
582.60
582.60
582.60
582.60
582.60
582.60
582.60
582.60
582.60
583.40
592.60
611.80
626.20
660.20
675.00
717.40
755.40
799.40
831.80
861.80
889.00
898.60
922.20
938.20
945.00
958.60
963.80
973.40
977.80
983.00
984.20
987.00
991.40
993.80
995.40
995.40
995.40
995.40
995.40
995.40
995.40
993.40
990.20
977.80
959.00
945.80
922.20
909.00
890.60
853.80
833.40
806.20
795.40
783.40
760.60
749.00
722.20
701.00
679.80
668.60
660.20
641.80
627.00
616.20
605.00
602.20
593.80
589.80
584.60
578.60
572.20
570.20
565.80
565.00
565.00
565.00
565.00
565.00
565.00
565.00
565.00
565.40
566.60
571.80
575.80
586.60
596.20
630.20
643.40
681.00
710.20
723.40
752.60
777.80
791.00
817.80
836.20
851.00
865.40
907.00
913.40
937.80
952.60
958.20
963.40
971.40
981.00
988.60
996.60
998.20
998.20
998.20
998.20
996.60
993.00
991.00
985.00
969.40
954.60
929.40
917.40
903.80
866.20
837.00
809.00
783.80
741.40
715.00
696.60
676.60
663.40
646.20
629.80
618.20
598.20
591.40
573.00
551.40
541.80
526.60
515.40
513.40
506.20
503.80
502.60
502.60
502.60
508.20
512.60
519.00
523.00
531.80
533.00
547.40
558.60
563.80
590.60
615.80
625.40
659.80
683.80
708.20
738.60
772.20
812.20
836.60
844.60
883.80
890.60
899.40
905.00
915.80
921.80
926.20
930.20
932.20
940.60
959.80
972.60
979.00
981.80
984.60
985.40
986.20
986.20
983.80
976.60
971.00
953.40
928.20
918.60
885.40
870.60
825.40
793.00
779.40
763.00
736.20
708.60
693.80
675.00
661.80
644.60
621.80
619.00
606.60
599.40
589.80
587.80
582.60
579.40
574.20
573.00
569.40
568.60
567.80
567.40
567.40
567.40
567.40
571.00
574.20
588.20
593.80
607.80
620.20
627.40
632.60
647.40
666.20
683.80
697.00
719.80
752.60
765.80
804.60
817.80
841.80
853.80
872.20
876.60
880.60
885.00
888.20
892.60
895.40
905.00
919.80
921.80
939.00
948.60
963.80
975.40
981.80
983.00
983.00
983.00
982.20
976.60
973.40
961.80
953.40
927.80
891.00
847.80
818.60
792.20
779.00
759.00
747.00
732.20
711.00
692.60
681.80
657.80
644.60
622.20
610.20
597.00
583.40
577.80
572.60
567.80
562.20
555.80
551.00
548.60
547.80
546.60
546.60
546.60
547.00
548.20
549.00
549.40
551.80
553.40
559.80
570.60
579.80
609.40
621.40
654.20
681.00
708.60
726.20
739.40
764.20
776.20
795.00
813.80
828.20
848.20
867.00
894.20
902.20
931.40
958.60
973.80
990.20
1003.00
1005.00
1010.60
1010.60
1010.60
1009.40
1005.80
1004.60
1000.20
990.20
967.40
953.00
906.60
861.80
841.80
783.40
735.00
720.20
696.20
685.80
665.40
649.40
617.80
612.20
600.20
584.20
573.80
558.60
556.20
555.00
555.00
554.60
553.80
553.40
552.20
551.80
551.00
549.80
549.00
549.00
549.00
550.20
559.00
574.20
602.20
639.00
655.40
712.60
769.00
799.40
827.80
841.40
862.60
871.00
875.00
889.80
899.40
913.40
920.60
929.80
936.20
943.40
945.00
949.80
951.80
953.80
953.80
954.20
954.20
954.60
955.40
955.40
955.40
955.40
954.60
945.40
931.80
914.60
886.60
867.40
833.40
806.60
786.20
761.00
749.00
716.60
705.80
693.80
675.00
655.00
641.80
623.00
612.60
604.60
594.20
592.20
588.20
583.80
583.00
579.80
575.80
570.20
568.20
561.40
559.40
557.00
556.60
556.60
556.60
558.60
563.00
584.60
604.60
624.60
649.80
672.60
683.00
702.20
711.40
729.00
741.40
759.00
769.80
785.80
803.40
818.20
838.20
844.60
869.40
899.80
922.60
956.60
965.00
987.80
998.20
1003.40
1003.40
1003.40
1003.40
1003.40
999.80
997.00
993.00
977.00
966.20
943.80
921.80
895.00
881.80
868.20
833.00
818.60
789.00
767.40
744.60
730.20
717.00
697.00
678.20
672.60
654.20
641.00
626.20
617.80
604.60
600.20
584.20
573.40
564.60
561.80
552.60
549.00
545.80
543.80
543.80
543.40
543.40
543.40
544.60
551.00
556.60
572.60
589.00
625.00
663.40
685.00
735.00
765.00
822.60
850.20
905.40
930.20
996.20
1010.60
1029.40
1035.00
1045.80
1049.40
1051.40
1051.80
1051.80
1052.20
1052.20
1053.00
1053.00
1052.20
1051.40
1043.00
1038.20
1021.80
1004.20
966.20
935.00
914.60
879.40
852.60
847.00
823.00
807.00
793.80
775.00
752.60
739.00
728.60
725.80
715.40
709.00
703.80
695.40
687.80
686.60
681.00
680.20
675.80
671.40
656.60
645.40
634.20
627.80
622.20
620.20
620.20
620.20
620.20
620.60
622.60
628.60
631.80
647.00
661.80
696.60
735.40
776.60
803.80
853.00
872.20
894.20
937.80
945.80
981.00
995.40
1011.80
1023.00
1023.40
1024.20
1024.20
1024.20
1024.60
1025.80
1027.00
1030.60
1032.20
1033.80
1033.80
1033.80
1032.20
1021.40
1013.40
982.20
971.80
925.80
883.80
868.60
850.60
799.40
784.60
759.00
735.00
724.60
705.80
693.40
679.40
673.00
660.60
647.80
638.60
622.60
610.60
594.60
581.00
574.60
570.60
565.80
563.40
561.00
559.80
558.60
558.20
556.60
556.20
555.00
555.00
553.80
553.40
553.40
553.40
557.00
564.60
570.20
590.20
603.40
646.20
697.40
744.60
763.80
800.20
827.80
841.00
866.60
878.20
893.00
918.20
937.00
955.80
970.60
977.40
984.20
986.20
989.00
990.60
992.20
993.80
995.00
995.00
995.00
995.00
994.60
993.80
991.80
988.20
983.80
972.20
962.60
938.20
914.20
885.40
856.20
818.60
798.60
763.00
738.60
722.20
693.00
686.60
658.60
643.80
639.80
618.20
611.80
601.80
598.60
587.40
584.20
573.80
567.80
563.00
562.20
561.00
561.00
559.80
559.00
559.00
558.20
558.20
558.60
559.40
561.40
564.60
566.20
570.60
572.60
588.20
599.00
631.80
654.60
694.20
757.80
774.20
837.40
847.80
871.80
891.00
897.80
915.80
923.00
939.40
950.20
970.60
988.20
990.20
996.60
1001.80
1003.00
1005.80
1006.60
1007.40
1007.40
1007.40
1007.40
1006.60
1001.00
999.00
992.60
985.80
981.40
967.80
962.20
955.40
926.60
878.60
833.00
777.80
750.60
704.20
669.40
651.40
623.40
609.00
594.20
588.60
582.60
576.20
575.00
571.40
569.00
567.40
565.40
562.60
559.00
555.00
553.80
552.20
552.20
552.20
552.20
554.20
554.60
555.80
556.20
556.20
557.40
558.20
560.60
568.20
585.80
612.60
626.20
655.80
693.40
706.60
721.40
742.60
753.40
775.00
795.00
819.40
839.80
871.40
901.40
915.80
931.80
938.60
947.00
948.60
953.00
955.00
956.20
957.00
957.80
959.00
960.20
961.00
963.40
965.00
967.40
969.40
969.80
969.80
969.80
969.00
965.80
961.40
935.80
919.40
904.60
865.80
826.20
781.00
766.60
740.20
713.40
685.40
675.80
659.80
653.00
643.00
635.00
619.40
609.40
592.60
589.40
577.40
569.80
568.60
564.20
562.20
559.40
558.60
558.20
557.40
557.00
555.40
553.80
552.60
551.40
551.40
551.40
551.40
554.60
556.60
567.80
585.40
595.00
626.60
641.40
686.20
717.00
739.00
815.80
841.00
885.00
893.00
915.00
941.00
968.60
981.00
992.20
997.80
998.60
999.80
1000.60
1001.80
1001.80
1003.80
1004.60
1005.00
1005.00
1004.20
997.40
989.00
971.40
956.60
923.00
908.60
891.40
865.00
849.80
826.60
805.00
794.20
773.00
759.80
731.80
715.80
680.20
644.20
625.80
613.80
599.00
583.00
579.80
562.20
559.00
547.80
541.00
534.60
532.60
531.40
531.40
531.00
528.60
525.00
517.00
515.00
509.40
509.00
508.60
508.60
509.80
513.80
530.20
540.60
570.20
622.60
635.80
676.60
716.20
744.20
766.20
792.60
806.20
833.80
858.60
883.40
907.80
936.20
967.80
986.60
997.80
1003.80
1010.20
1013.40
1017.80
1023.80
1027.00
1029.40
1029.40
1029.40
1029.40
1029.40
1029.40
1029.40
1028.60
1028.20
1024.60
1021.40
998.60
986.60
948.60
926.20
873.80
832.60
815.40
768.20
744.20
729.80
704.60
681.80
671.40
651.40
632.60
623.40
613.40
605.00
593.00
586.60
579.80
575.80
572.20
569.80
569.00
566.20
565.80
563.80
562.60
560.20
558.60
556.60
552.60
549.80
549.40
547.00
545.80
545.80
545.80
546.20
551.80
571.80
593.40
615.40
641.80
687.80
702.60
733.40
747.80
773.00
790.20
813.00
830.60
847.40
875.00
891.40
929.40
937.80
968.20
988.20
992.60
995.40
995.40
995.40
994.20
989.80
985.80
975.80
959.40
944.60
920.60
895.00
883.00
857.80
844.20
821.40
799.00
792.20
771.80
748.20
731.80
720.20
693.40
667.00
652.60
625.00
611.80
589.00
576.60
569.40
558.60
552.60
550.20
546.20
544.20
542.60
538.20
533.40
531.40
527.80
527.00
525.80
525.40
525.40
525.40
527.40
535.00
543.40
570.20
597.80
614.20
653.40
669.80
716.60
728.60
767.00
776.60
807.80
834.60
857.00
866.20
886.20
901.00
906.60
912.20
918.60
925.80
929.80
934.20
936.60
939.00
941.40
944.60
952.20
955.00
967.80
975.80
981.00
981.00
981.00
981.00
980.60
979.40
978.60
976.60
961.80
937.80
901.00
876.60
838.20
801.40
777.40
752.20
727.00
705.00
687.40
666.20
657.00
647.40
635.00
629.80
625.40
621.80
615.40
609.80
603.00
601.00
595.40
593.40
592.20
591.40
591.00
591.00
591.00
591.00
590.20
589.80
589.00
589.00
588.60
588.60
588.60
588.60
589.40
591.80
601.80
617.80
629.80
655.00
698.20
731.00
785.40
804.60
861.80
883.80
925.40
966.20
1005.40
1030.60
1037.40
1047.80
1050.60
1053.80
1053.80
1053.80
1053.80
1053.80
1053.80
1053.00
1046.60
1041.00
1021.00
1002.60
976.60
940.60
914.20
883.40
850.20
818.60
792.20
777.40
752.20
739.00
725.80
705.80
681.80
669.80
653.80
637.80
627.00
613.40
607.80
601.40
599.80
599.00
597.80
597.40
597.00
597.00
597.00
597.00
597.00
597.00
597.00
597.00
597.00
597.00
597.40
597.40
598.20
598.60
599.80
601.40
615.40
624.60
645.80
679.40
706.60
747.80
767.00
824.20
884.20
919.80
947.80
961.00
983.40
989.00
994.60
1001.00
1003.00
1003.40
1004.20
1004.20
1004.60
1005.40
1007.40
1009.00
1011.80
1014.60
1015.80
1017.40
1017.40
1017.40
1017.40
1012.60
1007.00
987.00
973.80
944.60
924.20
910.60
861.80
841.80
805.40
768.20
742.20
707.00
695.00
672.60
656.20
649.40
641.00
634.20
632.20
627.80
624.60
616.60
605.40
593.80
589.40
589.00
587.80
587.80
587.80
587.80
586.20
585.80
583.80
582.60
577.00
573.80
569.40
568.20
567.40
567.40
567.40
569.00
574.20
591.40
598.20
612.60
668.20
715.40
769.80
797.80
872.20
927.80
942.20
967.40
990.20
999.40
1014.20
1022.20
1042.20
1055.00
1062.20
1067.40
1071.80
1072.20
1072.20
1072.20
1071.40
1071.00
1069.80
1061.80
1046.60
1023.80
1013.00
979.00
964.20
914.20
897.00
859.40
830.20
811.40
783.40
770.20
749.00
713.80
706.60
680.60
660.20
623.40
617.00
597.00
585.00
572.60
565.80
560.60
558.60
555.00
552.20
551.00
547.40
545.00
540.60
539.40
538.60
538.60
538.60
538.60
538.60
538.60
539.00
540.20
542.20
543.40
556.20
564.20
585.40
608.20
635.80
666.20
704.60
737.40
770.20
783.40
814.60
821.40
851.80
871.00
898.60
918.20
938.20
950.20
958.20
971.00
971.40
972.20
972.20
972.60
973.40
973.40
974.60
975.40
975.80
975.80
976.60
976.60
976.20
973.80
966.20
949.00
938.20
906.60
880.20
857.80
831.00
792.60
780.60
745.40
733.40
693.80
679.40
665.00
629.40
599.80
587.80
566.60
553.00
547.40
532.60
521.40
515.80
509.40
506.60
506.20
506.20
505.40
504.60
503.80
502.60
501.80
501.80
501.80
501.80
502.60
509.80
515.40
545.00
586.20
628.60
656.20
669.40
703.00
734.60
759.40
775.40
783.40
801.00
810.20
818.20
846.60
858.60
874.60
886.60
903.00
923.00
935.40
944.20
945.80
945.80
946.60
946.60
947.00
947.00
947.00
947.00
947.00
949.00
949.00
951.00
953.00
954.20
954.20
954.20
954.20
954.20
953.00
944.20
935.00
913.80
893.40
853.80
823.40
764.60
722.20
702.20
665.00
633.40
608.20
596.20
573.40
558.20
535.40
532.60
524.20
514.20
511.00
505.80
501.40
499.80
497.00
494.60
492.20
489.80
489.40
488.60
488.60
488.60
489.00
490.60
495.00
508.60
520.60
551.80
596.20
623.40
666.20
707.40
738.60
747.00
756.20
773.80
784.60
795.40
801.00
810.60
820.20
829.40
843.40
854.20
866.60
875.80
878.20
880.60
882.20
889.00
890.20
896.60
906.60
909.00
917.40
918.60
918.60
918.60
918.60
917.80
916.20
911.00
902.20
894.20
870.20
841.00
826.60
792.60
751.80
731.80
710.60
694.20
677.00
655.40
636.60
627.00
609.40
601.40
591.00
584.20
569.00
561.00
556.60
552.20
547.80
539.00
534.60
528.20
525.40
521.80
521.00
520.60
520.60
520.60
520.60
520.60
520.60
521.40
522.60
525.40
538.20
553.40
562.60
586.60
601.00
641.00
649.00
684.20
701.80
721.80
737.80
759.00
771.40
777.00
790.20
819.40
832.60
859.00
872.20
893.80
903.00
921.80
936.60
945.00
957.40
959.40
969.00
975.40
977.00
982.20
987.80
999.00
1010.20
1012.20
1024.20
1033.40
1035.00
1035.00
1035.00
1034.20
1031.80
1020.60
1015.00
997.40
990.20
953.00
910.20
883.80
864.60
809.00
789.80
731.40
712.20
679.80
663.00
634.20
621.00
600.60
575.40
557.80
547.00
521.40
511.80
501.80
499.80
493.40
489.40
483.00
480.20
479.40
479.00
479.00
479.00
479.00
479.00
481.40
481.80
484.60
490.20
498.60
505.80
533.00
546.20
589.00
605.40
649.40
695.80
745.40
772.60
817.00
853.40
860.20
893.00
914.20
932.60
960.60
981.00
1015.80
1037.80
1063.80
1083.80
1094.60
1103.00
1104.20
1104.20
1104.20
1104.20
1104.20
1104.20
1103.40
1101.80
1094.60
1086.20
1063.40
1053.80
1031.00
1001.40
993.00
961.40
928.60
888.60
872.20
832.60
782.20
775.40
749.00
738.20
717.00
707.80
695.40
686.20
671.00
644.60
639.00
609.80
594.60
587.80
582.20
579.00
576.20
575.00
573.40
569.80
562.60
557.80
543.80
534.20
516.20
505.40
497.40
494.20
493.00
493.00
493.80
507.00
517.80
550.60
583.80
639.00
682.60
726.60
786.20
802.60
826.60
846.60
855.80
873.40
883.00
891.00
904.60
922.60
933.80
944.60
950.60
953.00
957.00
961.80
964.60
965.40
965.80
966.20
967.00
967.40
969.40
971.40
977.00
981.40
984.60
985.00
985.00
985.00
980.20
964.20
941.40
929.40
899.40
871.40
851.40
817.00
805.00
778.60
745.40
734.60
716.20
707.80
697.00
689.40
671.80
658.20
647.40
632.20
623.00
611.80
606.20
600.20
597.40
593.80
590.60
581.80
570.60
561.00
556.60
556.20
556.20
556.20
556.20
556.20
556.20
556.20
557.40
558.60
560.60
567.00
580.60
591.40
633.00
691.40
721.80
775.40
817.80
842.60
853.40
889.80
899.00
917.80
937.80
958.20
968.60
987.80
989.80
998.20
999.80
1002.60
1003.00
1006.60
1009.00
1018.20
1026.60
1029.80
1032.60
1032.60
1032.60
1032.20
1027.80
1008.60
986.20
975.40
957.40
929.40
898.20
879.80
854.60
837.80
817.80
801.80
779.40
767.40
742.20
729.00
706.20
686.60
678.20
668.60
662.60
653.80
647.40
638.60
629.00
616.20
609.80
608.60
602.20
593.00
579.40
573.80
562.60
556.20
552.20
547.80
547.00
546.60
546.60
546.60
546.60
546.60
547.80
551.00
567.40
593.80
604.60
632.60
643.40
679.80
706.60
719.80
747.40
767.40
792.60
804.60
816.60
832.60
846.20
854.20
865.80
876.60
883.40
895.80
907.00
918.20
923.40
930.20
937.80
939.00
944.60
949.00
951.00
960.20
976.60
980.60
992.60
993.80
993.80
993.80
993.80
989.00
984.60
971.80
960.20
948.20
913.00
882.60
835.00
815.00
770.20
725.00
681.40
659.00
633.00
601.80
586.60
580.20
551.00
531.00
513.40
497.40
483.80
479.80
470.60
465.40
462.60
457.40
454.20
452.20
450.20
449.80
449.00
449.00
449.00
449.00
449.00
449.00
451.40
453.80
458.20
460.20
473.40
483.40
493.00
503.80
517.80
531.00
552.60
569.00
629.40
684.20
704.20
735.40
748.60
775.00
798.60
822.60
836.20
856.20
869.40
883.80
902.60
918.60
938.60
941.40
949.00
951.00
953.00
953.40
953.40
953.80
953.80
954.60
955.00
955.80
957.40
958.20
963.40
966.60
972.20
975.00
975.80
975.80
975.80
975.80
976.20
978.20
978.60
979.00
979.00
979.00
967.80
946.20
933.00
916.60
885.40
841.80
808.20
778.60
743.80
693.80
679.00
661.80
640.60
632.60
622.60
617.00
605.80
597.40
582.20
574.20
559.00
553.40
548.20
547.80
547.80
547.80
547.80
547.80
547.80
547.80
557.40
573.40
584.20
625.80
637.80
687.00
697.80
727.00
745.40
764.20
773.40
791.00
811.00
823.00
851.00
870.20
909.00
916.20
943.80
952.20
964.60
968.60
975.00
976.20
976.20
976.20
975.40
974.20
969.00
966.20
961.80
958.60
956.60
949.80
945.40
928.20
919.80
903.80
883.80
858.60
851.80
812.60
785.40
744.20
684.20
647.00
613.80
589.80
579.00
561.80
552.20
547.00
536.60
522.60
520.60
512.60
511.00
510.60
510.60
