506.60
506.60
506.60
506.60
506.60
506.60
506.60
506.60
506.60
506.60
506.60
506.60
506.60
506.60
506.60
506.60
506.60
506.60
506.60
506.60
506.60
506.60
506.60
506.60
506.60
506.60
507.00
507.00
507.00
507.00
508.20
511.40
514.20
516.60
516.60
517.80
519.00
519.00
519.80
519.80
519.80
521.00
521.00
521.00
521.00
522.20
522.60
523.40
523.40
523.40
523.40
524.20
524.20
524.20
524.20
524.20
524.20
524.20
524.20
524.20
523.80
523.00
523.00
523.00
523.00
523.00
523.00
523.00
523.00
523.00
523.00
522.20
522.20
522.20
522.20
522.20
522.20
522.20
522.20
522.20
522.60
523.40
523.40
524.60
524.60
525.80
525.80
525.80
525.80
525.80
525.80
524.60
524.60
524.60
524.60
524.60
523.40
523.40
523.40
523.40
523.40
523.40
523.40
523.40
523.40
523.40
523.40
523.40
523.40
523.40
523.40
523.40
523.40
521.80
521.00
519.00
517.80
517.80
517.80
517.80
517.80
518.60
520.60
520.60
523.00
523.00
523.80
525.00
526.20
527.40
527.40
527.40
527.40
527.40
528.60
528.60
528.60
528.60
528.60
527.80
527.80
527.00
527.00
527.00
527.00
527.00
527.00
527.00
525.00
524.20
522.60
522.60
522.60
522.60
522.60
522.60
522.60
523.00
523.00
523.00
523.00
523.00
523.00
523.00
523.00
523.00
523.00
523.00
522.20
520.20
519.00
518.20
517.00
516.20
515.00
513.80
513.80
512.60
512.60
512.60
512.60
512.60
512.60
512.60
512.60
512.60
512.60
512.60
512.60
512.20
510.20
508.60
507.00
507.00
507.00
507.00
507.00
507.00
507.00
507.00
507.00
507.00
507.00
507.00
507.00
507.00
507.00
507.00
507.40
507.40
509.00
510.20
511.80
513.00
514.20
515.40
517.40
517.40
518.60
518.60
518.60
518.60
518.60
518.60
518.60
518.60
518.60
519.40
519.40
519.40
519.40
519.40
519.40
519.40
519.40
518.60
518.60
517.80
517.80
517.80
517.80
517.80
517.80
517.80
518.60
518.60
518.60
518.60
517.40
515.40
515.40
514.20
513.00
512.20
512.20
512.20
512.20
512.20
512.20
512.20
512.20
512.20
512.20
511.40
510.20
510.20
509.40
509.40
509.40
509.40
508.20
508.20
507.40
507.40
507.40
507.40
507.40
507.80
507.80
507.80
507.80
507.80
507.80
507.40
507.40
507.40
507.40
507.40
507.40
508.20
508.20
509.40
511.80
513.00
515.80
518.60
519.80
521.40
522.60
522.60
524.60
527.00
527.00
527.00
527.80
527.80
527.80
527.80
527.80
527.80
527.80
527.80
527.80
527.80
527.80
527.80
527.80
527.80
527.80
527.80
527.80
529.00
529.00
529.00
527.80
526.20
524.60
523.00
520.60
520.60
519.40
518.20
517.00
517.00
517.00
517.00
517.00
517.00
517.00
517.00
517.00
517.00
517.00
517.00
517.40
517.40
516.60
516.60
516.60
516.60
516.60
516.60
516.60
516.60
516.60
516.60
516.60
517.40
517.40
518.20
518.20
518.20
518.20
518.20
518.20
518.20
518.20
517.40
517.40
517.40
517.40
517.40
517.40
518.20
518.20
518.20
518.20
518.20
518.20
518.20
517.80
517.80
517.80
516.60
516.60
515.80
515.00
515.00
515.00
515.00
515.00
515.00
515.00
515.00
515.00
515.00
515.00
515.00
515.00
515.00
515.00
515.00
516.20
518.20
518.20
519.40
519.40
519.40
519.40
519.40
517.40
516.20
516.20
516.20
516.20
516.20
516.20
516.20
516.20
516.20
516.20
516.20
516.20
516.20
516.20
516.20
516.20
516.20
516.20
516.20
516.20
516.20
516.20
516.20
515.40
514.60
513.80
513.80
513.80
513.80
513.80
514.20
515.80
516.60
516.60
517.80
519.00
519.00
519.00
520.20
520.20
520.20
521.00
521.00
521.00
521.00
521.00
521.00
520.60
520.60
520.60
520.60
520.60
520.60
520.60
520.60
520.60
520.60
520.60
520.60
520.60
520.60
520.60
520.60
520.60
521.00
521.00
521.00
521.00
521.80
521.80
521.80
521.40
521.40
520.20
520.20
520.20
519.00
519.00
519.00
517.80
516.60
516.60
514.60
513.40
512.60
512.60
511.40
509.80
509.00
509.00
509.00
509.00
509.00
509.00
508.20
508.20
507.80
507.80
507.80
508.20
509.40
510.60
510.60
513.00
514.20
516.20
517.40
520.20
521.40
521.40
521.40
522.60
522.60
523.80
523.80
523.80
523.80
523.00
521.00
519.80
519.80
518.20
518.20
517.40
517.40
517.40
517.40
517.40
518.20
519.40
521.00
521.80
522.60
523.40
523.40
523.40
523.40
524.20
525.80
526.60
528.20
528.20
528.20
528.20
527.00
525.40
524.20
524.20
523.00
523.00
523.00
523.00
523.00
523.00
523.00
523.00
523.00
521.40
515.80
511.80
508.60
506.60
503.00
501.00
498.20
497.00
495.80
494.20
493.40
491.40
490.20
490.20
490.20
490.20
491.00
494.60
495.80
497.00
499.00
501.40
502.60
502.60
502.60
503.40
503.40
503.40
503.40
503.40
503.40
503.40
503.40
503.40
503.40
503.40
503.40
503.40
503.40
503.40
503.40
503.40
503.40
505.40
507.00
511.00
513.00
516.20
517.80
519.00
519.00
519.00
517.00
516.20
515.00
515.00
513.80
513.80
513.80
512.60
512.60
512.60
512.60
512.60
512.60
512.60
512.60
512.60
512.60
512.60
513.00
513.00
517.00
519.40
523.40
526.20
527.00
527.80
527.80
527.80
529.40
531.80
534.60
538.20
540.20
545.80
551.00
555.40
557.40
558.60
558.60
558.60
558.60
558.60
558.60
558.60
558.60
558.60
558.60
558.60
558.60
558.60
558.20
557.00
556.20
554.60
552.20
549.00
545.80
543.80
542.60
540.60
539.40
538.20
537.00
535.40
535.00
534.20
532.60
531.80
528.60
525.80
525.00
521.80
521.80
520.60
520.60
519.40
519.40
519.40
519.40
519.40
519.40
519.40
518.60
517.40
514.60
512.20
511.40
506.20
501.80
499.40
496.20
493.40
492.60
491.80
491.80
491.80
490.60
488.20
487.80
485.40
482.60
481.80
481.80
481.80
482.60
483.80
489.00
493.40
494.60
496.60
496.60
497.80
497.80
497.80
497.80
497.80
497.80
497.80
498.60
498.60
498.60
499.40
499.40
499.40
499.40
499.80
501.00
501.40
503.40
507.00
508.20
511.40
513.00
515.40
518.60
518.60
518.60
518.60
518.60
514.20
510.60
506.20
505.00
503.00
501.80
501.80
501.80
502.20
504.20
505.80
507.40
509.40
511.80
512.60
514.60
516.60
519.40
519.80
520.60
521.40
521.40
522.60
523.40
523.40
523.40
523.80
525.40
525.40
525.40
525.40
525.40
525.40
526.60
527.80
529.00
529.00
531.40
531.40
531.40
531.40
531.40
531.40
530.60
530.60
529.80
528.60
528.60
528.60
528.20
528.20
528.20
527.40
526.60
525.80
525.00
524.20
523.40
523.00
523.00
523.00
522.20
522.20
521.40
521.40
521.40
520.20
519.00
519.00
517.00
517.00
515.80
515.80
517.40
518.60
519.80
521.80
521.80
521.80
521.80
519.80
516.20
513.40
509.80
508.60
507.40
507.40
507.40
507.40
507.40
507.40
507.40
507.00
507.00
505.80
505.80
505.80
505.80
505.80
507.80
509.00
511.00
515.40
516.60
520.20
520.20
521.40
521.40
521.40
521.40
521.40
521.40
521.40
521.40
521.40
521.40
521.40
521.40
521.00
521.00
519.00
518.20
516.60
515.40
513.80
513.00
512.20
511.80
511.80
511.40
510.60
509.00
508.20
507.00
507.00
507.00
507.00
507.00
505.40
505.40
503.80
502.60
501.00
501.00
499.40
499.40
498.20
498.20
498.20
498.60
499.40
499.80
501.00
502.20
503.80
505.00
506.20
508.20
508.60
513.00
514.60
517.80
519.80
525.00
527.00
529.80
533.80
537.00
537.00
539.40
540.20
541.40
541.40
541.40
541.40
541.40
541.40
541.00
539.00
538.20
535.80
532.20
531.00
527.80
527.40
523.80
520.60
515.00
511.80
509.80
508.20
506.60
505.80
505.00
504.60
504.20
503.40
501.40
499.40
498.60
495.40
494.20
493.40
491.80
491.80
491.80
491.80
491.80
491.80
491.80
491.80
492.60
492.60
494.60
496.60
497.00
497.80
498.20
498.20
499.80
501.00
501.80
503.80
504.60
505.00
505.00
505.80
507.00
508.60
509.80
511.00
511.00
513.80
517.80
520.20
522.60
528.60
529.80
533.00
535.40
535.40
535.40
535.40
535.40
535.40
535.00
533.80
533.00
533.00
533.00
531.80
530.60
530.20
529.00
527.00
526.20
524.60
523.40
523.00
522.20
520.60
518.60
516.20
515.80
513.80
512.20
511.80
510.20
508.20
506.60
505.80
504.60
504.60
504.60
504.60
503.00
503.00
501.80
499.80
499.80
498.60
498.60
498.60
498.60
498.60
499.00
500.20
501.00
502.60
502.60
504.60
505.40
506.60
508.60
510.60
512.20
513.00
514.20
514.60
515.80
517.00
518.60
521.00
526.20
528.20
533.80
537.00
539.80
542.20
543.40
544.60
544.60
544.60
544.60
544.60
544.60
544.60
544.60
544.60
544.60
544.20
543.40
543.40
541.80
541.80
539.80
539.00
537.40
537.00
535.80
535.00
533.40
530.60
529.40
527.00
525.40
522.20
519.80
516.20
512.60
511.00
509.00
507.40
503.40
502.60
498.60
497.40
494.60
491.80
491.80
489.80
489.80
490.60
492.60
493.80
499.80
501.80
507.00
509.40
511.40
513.40
514.20
515.00
516.60
516.60
517.80
517.80
519.00
520.20
521.00
523.40
524.20
527.00
527.80
529.40
529.40
530.20
531.00
532.20
534.20
537.40
543.00
547.40
549.00
549.00
549.00
550.60
550.60
551.80
552.60
553.80
554.60
555.40
555.40
555.40
555.40
555.40
555.40
555.00
553.80
551.80
547.00
545.00
540.60
533.40
531.40
527.00
523.40
523.00
521.80
521.80
521.80
521.00
521.00
520.60
519.00
516.60
513.40
512.20
509.80
507.40
507.40
507.40
507.40
509.40
511.40
513.40
514.60
514.60
515.80
515.80
515.80
515.80
515.80
516.60
517.40
518.20
519.40
520.20
520.60
521.40
522.20
524.20
524.20
526.20
527.00
527.40
528.20
528.60
529.40
529.80
531.00
532.60
533.40
535.80
536.60
536.60
539.40
540.60
543.40
543.40
545.00
546.20
547.00
547.00
547.00
546.60
544.60
543.80
539.80
537.80
535.00
534.20
533.40
532.60
531.80
531.00
530.20
528.20
527.80
525.80
525.40
522.60
520.60
517.80
516.20
514.60
513.40
511.40
511.00
508.20
506.60
504.20
501.00
499.80
497.40
496.20
495.00
493.40
493.40
492.20
490.60
490.60
490.60
490.60
490.60
490.60
491.40
492.20
494.60
495.80
497.00
498.20
501.00
501.80
504.20
505.80
508.20
509.00
510.60
515.00
517.00
520.20
521.00
526.20
527.00
529.40
534.20
536.60
539.80
543.00
544.20
544.20
545.00
545.00
545.00
545.00
545.00
545.00
545.00
545.00
545.00
545.00
542.60
541.80
540.20
538.20
536.60
535.80
535.40
534.60
534.20
531.80
529.00
524.60
523.80
521.40
521.00
520.60
519.80
519.40
518.60
517.40
517.40
517.40
515.80
515.80
514.60
513.00
512.20
512.20
512.20
512.20
512.20
512.20
512.20
512.20
512.20
512.60
513.80
514.60
515.40
517.00
518.60
520.20
522.60
523.40
524.60
524.60
525.00
525.80
526.20
528.20
528.60
530.60
531.00
533.80
535.40
538.60
539.80
542.20
543.80
545.40
546.60
547.80
547.80
547.80
547.80
547.80
547.80
547.80
547.80
547.80
547.80
547.80
547.80
547.80
547.40
547.40
546.60
545.80
544.60
543.80
541.80
540.60
538.20
535.40
533.00
530.20
527.80
524.20
522.20
520.60
518.60
517.40
515.40
514.60
513.80
511.80
510.60
510.60
510.60
510.60
510.60
509.40
509.40
509.40
509.40
509.40
511.40
513.40
514.60
515.80
515.80
515.80
515.80
515.80
515.00
515.00
515.00
515.00
515.00
517.00
519.00
521.00
522.60
524.60
525.80
529.00
532.20
533.40
536.60
537.80
540.20
541.00
542.20
543.00
543.00
543.00
543.00
543.00
543.00
543.00
543.00
543.00
543.00
543.00
543.00
543.00
542.60
541.80
540.60
539.00
538.20
536.20
533.80
533.00
531.00
531.00
529.00
528.60
527.80
526.20
524.20
520.20
519.00
516.60
516.60
515.40
515.40
515.40
514.20
514.20
511.80
511.80
509.40
509.40
509.40
509.40
509.40
509.40
509.80
511.00
511.80
512.20
512.20
513.80
514.60
515.40
515.80
517.40
518.60
519.40
520.60
521.40
522.20
522.20
522.20
523.00
523.40
524.60
525.40
525.80
528.60
530.60
534.60
535.80
537.40
539.80
539.80
541.00
541.00
541.00
541.00
541.00
540.20
540.20
538.60
537.80
536.20
535.00
532.20
530.60
528.20
527.40
525.80
524.20
523.40
523.00
522.60
521.80
520.60
519.40
518.20
516.20
515.00
514.60
513.40
512.20
511.80
511.40
510.60
509.80
509.00
508.20
508.20
508.20
508.20
508.20
508.20
508.20
508.20
508.20
509.00
509.00
510.60
511.40
512.60
514.20
515.00
515.00
515.00
515.00
515.80
515.80
516.20
516.60
518.20
519.00
520.20
521.40
523.80
526.20
527.80
528.60
530.60
531.80
532.60
533.80
535.00
535.00
535.00
535.00
536.20
536.20
536.20
536.20
536.20
535.80
534.60
533.80
533.40
532.60
531.40
531.00
529.80
528.60
528.20
525.80
525.00
523.40
521.00
520.20
519.80
519.00
517.40
517.00
515.80
515.80
514.60
514.60
513.40
513.40
513.40
513.40
513.40
513.40
513.40
513.40
513.40
513.40
512.60
512.60
512.60
512.60
513.00
514.60
515.80
516.60
517.00
517.40
518.20
520.60
523.00
524.60
527.40
529.80
530.60
532.20
532.60
533.80
534.20
536.60
537.40
538.60
538.60
539.40
541.00
541.80
544.60
546.20
547.40
550.20
550.20
550.20
550.20
550.20
549.40
549.40
547.80
545.40
544.60
542.20
540.60
537.40
533.40
530.60
528.20
527.80
527.00
526.60
525.40
524.20
521.80
520.20
519.00
517.80
514.60
513.80
512.20
511.40
511.00
511.00
511.00
510.20
509.80
507.80
506.60
505.40
502.60
501.00
499.00
497.40
494.20
491.40
491.40
490.20
490.20
490.20
490.20
490.60
491.80
493.00
493.00
493.00
493.80
493.80
493.80
493.80
496.20
496.60
497.80
501.40
504.20
508.60
509.80
513.40
514.60
520.20
521.40
525.40
526.60
527.80
527.80
529.00
529.00
529.00
528.20
528.20
527.00
525.80
525.80
525.80
525.00
525.00
525.00
524.20
523.40
521.80
520.60
519.80
518.60
517.00
515.40
515.00
514.20
514.20
513.80
512.60
511.80
511.40
510.20
509.00
508.20
507.40
505.80
505.80
505.80
506.60
506.60
508.20
508.20
508.20
508.20
508.20
507.40
507.40
507.40
507.40
508.20
509.40
509.40
509.40
510.60
510.60
510.60
511.00
511.80
512.20
515.00
515.40
518.60
519.80
521.80
522.20
522.60
523.40
523.40
524.60
525.40
526.60
526.60
527.80
529.80
531.40
532.20
535.00
535.00
536.20
536.20
537.00
537.00
537.00
537.00
537.00
536.60
536.60
536.60
535.40
534.60
532.60
532.60
531.00
530.60
530.60
530.60
529.80
529.40
528.20
525.40
525.40
524.20
523.00
523.00
521.80
521.40
520.20
520.20
520.20
517.80
516.20
515.00
511.40
506.60
503.00
502.20
501.00
501.00
501.00
501.00
502.60
503.80
505.00
506.20
507.00
509.40
510.20
511.80
512.60
513.40
513.80
514.20
515.00
516.20
516.60
517.80
519.40
522.20
522.60
524.20
526.60
527.40
527.80
527.80
527.80
527.80
528.60
528.60
528.60
529.40
529.40
532.20
533.80
538.60
541.40
542.60
545.00
546.20
546.20
546.20
543.40
541.40
538.20
537.40
536.60
533.80
533.00
531.40
529.40
528.60
526.60
524.60
523.80
522.60
522.20
521.40
521.00
520.20
519.80
518.60
517.80
516.60
515.80
513.40
511.80
511.80
509.40
506.60
504.20
503.40
502.20
501.00
501.00
501.00
501.80
502.60
504.60
505.80
507.80
508.60
509.80
511.40
512.20
513.00
514.20
518.20
518.60
521.00
523.80
524.60
526.20
527.00
527.40
527.40
528.20
528.60
529.40
530.60
531.40
533.80
534.60
538.20
539.40
540.60
543.40
544.60
545.80
545.80
545.80
545.00
543.00
542.20
539.80
539.00
538.20
537.00
535.00
534.20
533.40
532.60
531.00
528.60
527.80
526.20
525.40
523.80
523.40
523.40
522.60
522.20
521.00
519.40
518.60
517.00
515.80
514.20
511.40
510.60
510.60
510.60
510.60
510.60
510.60
509.40
507.80
507.00
505.80
505.80
505.80
505.80
505.80
505.80
505.80
505.80
505.80
504.60
504.60
503.80
502.60
502.60
503.40
503.80
506.60
509.00
509.80
511.00
513.00
515.00
516.60
517.40
519.40
521.80
523.00
523.80
524.20
526.20
527.80
532.20
534.20
537.40
538.20
541.80
544.60
545.80
545.80
549.00
549.00
552.20
552.20
552.20
552.20
552.20
552.20
551.40
550.60
548.20
547.40
545.40
544.20
542.60
541.80
540.20
539.40
537.00
535.00
534.20
533.00
532.60
530.20
528.60
527.80
524.20
523.00
521.00
517.40
513.80
511.80
508.60
507.40
506.20
506.20
506.20
504.20
502.60
502.60
501.40
499.80
499.80
499.80
499.80
500.60
502.20
503.40
505.00
505.00
505.00
505.00
505.00
505.00
505.00
505.00
505.00
505.00
505.40
506.60
507.00
508.60
511.00
513.00
516.60
518.60
521.80
525.40
526.60
530.20
531.40
533.80
533.80
536.60
539.80
539.80
542.20
542.20
543.00
543.00
543.00
543.00
541.40
539.40
538.60
537.40
536.20
535.40
534.60
533.00
531.00
528.20
525.80
521.40
515.40
511.40
505.40
502.20
499.00
497.80
497.80
497.00
497.00
497.00
497.00
497.00
497.00
497.00
498.60
499.80
501.40
501.40
501.40
501.40
501.40
501.40
501.40
501.40
503.40
504.60
506.60
509.80
511.80
514.60
514.60
515.40
515.40
515.40
516.20
516.60
516.60
517.00
518.20
519.00
519.40
520.60
522.20
523.00
523.80
524.20
524.20
525.00
526.20
527.40
528.20
529.40
531.80
534.20
535.40
537.80
537.80
539.00
540.20
540.20
540.20
539.80
538.60
537.80
533.80
532.60
530.20
529.40
528.20
526.60
526.60
525.00
523.40
521.40
519.80
518.20
516.20
515.40
515.40
515.40
515.40
515.40
515.40
515.40
515.40
515.40
515.40
514.60
514.60
513.80
513.00
511.80
509.40
506.20
504.60
499.80
497.00
494.20
493.40
492.20
492.20
492.20
492.60
495.00
495.80
498.20
498.20
500.60
501.40
503.40
503.80
507.40
509.80
515.40
520.60
522.60
524.60
525.00
525.00
525.80
525.80
525.80
525.80
525.80
525.80
526.60
529.00
530.20
531.40
532.60
533.80
533.80
533.80
533.80
533.80
533.80
533.80
533.80
533.80
533.80
533.80
533.80
533.40
532.20
531.40
530.60
529.80
529.80
527.40
524.60
521.80
520.60
519.80
519.00
518.20
517.40
517.40
517.40
517.40
517.40
517.40
517.40
517.40
516.60
515.80
513.40
512.20
507.80
505.40
500.60
497.00
496.20
496.20
496.20
496.20
496.20
496.20
496.20
496.20
496.20
497.40
498.20
498.20
499.00
499.00
499.80
500.60
501.40
503.40
503.80
505.40
506.20
507.00
508.60
509.80
509.80
509.80
509.80
509.80
509.80
511.80
514.60
516.60
520.60
522.20
523.40
525.80
527.40
530.20
531.40
534.20
537.00
537.00
538.60
538.60
536.60
534.20
534.20
533.40
533.40
532.20
532.20
531.40
531.40
529.40
528.60
527.80
526.60
525.00
524.20
523.00
521.80
521.80
521.40
520.60
519.00
517.00
516.60
514.60
512.60
511.80
511.80
510.20
510.20
509.00
509.00
509.00
509.00
509.00
509.00
507.40
505.80
504.20
504.20
504.20
504.20
504.20
506.20
506.20
507.40
507.40
507.40
507.40
507.40
507.40
507.40
507.40
507.40
507.40
507.40
507.40
507.80
508.20
509.00
510.20
510.60
511.80
512.60
515.40
517.00
521.00
523.00
523.00
523.00
523.00
523.00
523.80
524.20
525.00
525.00
525.00
525.00
525.00
523.00
523.00
522.20
522.20
523.00
526.20
528.60
531.00
533.80
533.80
533.80
533.80
533.80
533.40
532.20
529.40
527.40
524.20
523.40
521.40
520.60
519.80
519.80
519.80
519.80
519.80
519.80
519.80
519.00
517.40
516.60
515.40
513.80
513.80
512.60
512.60
510.20
510.20
508.20
508.20
507.00
507.00
507.00
507.00
507.00
505.80
504.60
502.60
502.60
500.60
500.60
500.60
499.80
499.80
499.80
500.20
500.20
500.60
500.60
501.40
501.40
502.20
502.20
503.00
503.00
504.20
505.00
506.20
507.40
507.40
509.80
509.80
511.40
513.00
514.60
517.00
517.00
517.80
517.80
517.80
517.80
517.40
516.60
516.60
516.60
516.60
516.60
516.60
